[[ 0.56900811 -0.84368085]
 [ 0.70938258  2.63292654]
 [ 0.32644655  1.60127817]
 [ 0.23411452 -3.09105026]
 [ 0.11848302 -2.67265707]
 [ 0.80966938  0.83674306]
 [ 0.27322108 -2.39333252]
 [ 1.15557684 -1.38511014]
 [ 1.3564405   0.47481303]]
[[ 0.56923289 -0.84378188]
 [ 0.70964288  2.6327503 ]
 [ 0.32627137  1.6014734 ]
 [ 0.23436189 -3.09109227]
 [ 0.11829736 -2.67280889]
 [ 0.80942082  0.83680308]
 [ 0.27302154 -2.39350211]
 [ 1.1557015  -1.38572991]
 [ 1.35615131  0.47502224]]
[[ 0.56934527 -0.84383244]
 [ 0.70977303  2.63266215]
 [ 0.32618377  1.60157101]
 [ 0.23448559 -3.09111326]
 [ 0.11820454 -2.6728848 ]
 [ 0.80929655  0.83683312]
 [ 0.27292177 -2.3935869 ]
 [ 1.15576375 -1.38603998]
 [ 1.35600672  0.47512676]]
[[ 0.56957002 -0.84393364]
 [ 0.71003331  2.63248576]
 [ 0.32600859  1.60176622]
 [ 0.234733   -3.09115524]
 [ 0.11801893 -2.67303662]
 [ 0.80904803  0.83689324]
 [ 0.27272224 -2.39375645]
 [ 1.15588811 -1.38666045]
 [ 1.35571756  0.47533561]]
[[ 0.56968239 -0.84398429]
 [ 0.71016345  2.63239753]
 [ 0.325921    1.60186382]
 [ 0.23485671 -3.09117622]
 [ 0.11792612 -2.67311253]
 [ 0.80892378  0.83692333]
 [ 0.27262247 -2.39384122]
 [ 1.15595022 -1.38697087]
 [ 1.35557299  0.47543995]]
[[ 0.56979476 -0.84403496]
 [ 0.71029359  2.63230927]
 [ 0.32583341  1.60196141]
 [ 0.23498044 -3.0911972 ]
 [ 0.11783333 -2.67318844]
 [ 0.80879953  0.83695343]
 [ 0.27252271 -2.39392598]
 [ 1.15601228 -1.38728139]
 [ 1.35542842  0.47554424]]
[[ 0.56990711 -0.84408567]
 [ 0.71042372  2.63222099]
 [ 0.32574582  1.602059  ]
 [ 0.23510417 -3.09121817]
 [ 0.11774055 -2.67326435]
 [ 0.80867529  0.83698355]
 [ 0.27242296 -2.39401073]
 [ 1.1560743  -1.38759203]
 [ 1.35528386  0.47564845]]
[[ 0.57001947 -0.8441364 ]
 [ 0.71055386  2.63213268]
 [ 0.32565823  1.60215658]
 [ 0.23522791 -3.09123913]
 [ 0.11764776 -2.67334026]
 [ 0.80855105  0.83701369]
 [ 0.2723232  -2.39409548]
 [ 1.15613626 -1.38790279]
 [ 1.3551393   0.47575261]]
[[ 0.57013182 -0.84418716]
 [ 0.71068399  2.63204435]
 [ 0.32557064  1.60225416]
 [ 0.23535166 -3.09126009]
 [ 0.11755499 -2.67341617]
 [ 0.80842682  0.83704385]
 [ 0.27222345 -2.39418022]
 [ 1.15619818 -1.38821366]
 [ 1.35499474  0.47585671]]
[[ 0.57024417 -0.84423795]
 [ 0.71081412  2.63195598]
 [ 0.32548305  1.60235174]
 [ 0.23547541 -3.09128105]
 [ 0.11746223 -2.67349208]
 [ 0.80830259  0.83707402]
 [ 0.2721237  -2.39426495]
 [ 1.15626005 -1.38852464]
 [ 1.35485019  0.47596076]]
[[ 0.57103051 -0.84459432]
 [ 0.71172498  2.63133673]
 [ 0.32486994  1.60303467]
 [ 0.23634187 -3.09142759]
 [ 0.11681304 -2.67402346]
 [ 0.80743317  0.8372857 ]
 [ 0.27142551 -2.39485791]
 [ 1.1566918  -1.3907048 ]
 [ 1.35383848  0.47668748]]
[[ 0.57192893 -0.84500335]
 [ 0.71276584  2.63062745]
 [ 0.32416927  1.60381493]
 [ 0.23733252 -3.09159476]
 [ 0.11607151 -2.67463076]
 [ 0.80643986  0.83752863]
 [ 0.27062772 -2.39553518]
 [ 1.15718234 -1.39320333]
 [ 1.35268252  0.47751459]]
[[ 0.5721535  -0.84510591]
 [ 0.71302603  2.63044986]
 [ 0.3239941   1.60400995]
 [ 0.23758026 -3.0916365 ]
 [ 0.11588619 -2.67478259]
 [ 0.80619159  0.83758953]
 [ 0.2704283  -2.39570444]
 [ 1.15730449 -1.39382911]
 [ 1.35239358  0.47772082]]
[[ 0.57226577 -0.84515723]
 [ 0.71315613  2.63036104]
 [ 0.32390652  1.60410746]
 [ 0.23770413 -3.09165736]
 [ 0.11579355 -2.67485851]
 [ 0.80606746  0.83762001]
 [ 0.27032859 -2.39578906]
 [ 1.15736549 -1.39414217]
 [ 1.35224911  0.47782383]]
[[ 0.57237804 -0.84520858]
 [ 0.71328622  2.63027218]
 [ 0.32381894  1.60420496]
 [ 0.23782802 -3.09167822]
 [ 0.1157009  -2.67493442]
 [ 0.80594334  0.8376505 ]
 [ 0.27022888 -2.39587367]
 [ 1.15742645 -1.39445536]
 [ 1.35210465  0.47792681]]
[[ 0.57249032 -0.84525996]
 [ 0.71341631  2.6301833 ]
 [ 0.32373136  1.60430246]
 [ 0.23795191 -3.09169907]
 [ 0.11560827 -2.67501034]
 [ 0.80581922  0.83768102]
 [ 0.27012917 -2.39595828]
 [ 1.15748735 -1.39476865]
 [ 1.3519602   0.47802972]]
[[ 0.57260258 -0.84531137]
 [ 0.71354639  2.63009439]
 [ 0.32364378  1.60439996]
 [ 0.2380758  -3.09171992]
 [ 0.11551564 -2.67508625]
 [ 0.80569511  0.83771154]
 [ 0.27002947 -2.39604288]
 [ 1.15754821 -1.39508207]
 [ 1.35181576  0.47813258]]
[[ 0.57271484 -0.8453628 ]
 [ 0.71367648  2.63000546]
 [ 0.3235562   1.60449745]
 [ 0.23819971 -3.09174076]
 [ 0.11542301 -2.67516217]
 [ 0.80557101  0.83774209]
 [ 0.26992977 -2.39612747]
 [ 1.15760902 -1.39539559]
 [ 1.35167131  0.47823539]]
[[ 0.5728271  -0.84541427]
 [ 0.71380656  2.6299165 ]
 [ 0.32346862  1.60459493]
 [ 0.23832362 -3.0917616 ]
 [ 0.1153304  -2.67523808]
 [ 0.80544691  0.83777265]
 [ 0.26983008 -2.39621206]
 [ 1.15766978 -1.39570923]
 [ 1.35152687  0.47833814]]
[[ 0.57350056 -0.8457237 ]
 [ 0.71458702  2.62938218]
 [ 0.32294315  1.60517978]
 [ 0.23906723 -3.09188652]
 [ 0.11477484 -2.67569358]
 [ 0.80470243  0.83795637]
 [ 0.26923194 -2.39671944]
 [ 1.15803333 -1.39759349]
 [ 1.35066034  0.47895349]]
[[ 0.57439827 -0.84613792]
 [ 0.7156275   2.62866829]
 [ 0.32224256  1.60595934]
 [ 0.2400591  -3.09205279]
 [ 0.11403447 -2.67630093]
 [ 0.8037101   0.83820227]
 [ 0.26843457 -2.39739561]
 [ 1.15851533 -1.40011225]
 [ 1.34950524  0.47977092]]
[[ 0.57529572 -0.84655403]
 [ 0.71666784  2.62795271]
 [ 0.32154199  1.60673866]
 [ 0.24105141 -3.09221873]
 [ 0.11329451 -2.6769083 ]
 [ 0.80271812  0.83844925]
 [ 0.26763734 -2.39807137]
 [ 1.1589942  -1.40263835]
 [ 1.34835045  0.48058494]]
[[ 0.57596864 -0.84686736]
 [ 0.71744801  2.6274149 ]
 [ 0.32101658  1.60732298]
 [ 0.24179594 -3.09234298]
 [ 0.11273983 -2.67736384]
 [ 0.80197437  0.83863519]
 [ 0.26703953 -2.39857793]
 [ 1.1593513  -1.40453772]
 [ 1.34748457  0.48119327]]
[[ 0.57664141 -0.84718176]
 [ 0.71822809  2.62687614]
 [ 0.32049119  1.60790716]
 [ 0.24254071 -3.09246705]
 [ 0.11218538 -2.67781939]
 [ 0.80123082  0.83882172]
 [ 0.26644181 -2.39908427]
 [ 1.15970661 -1.40644118]
 [ 1.34661886  0.48179973]]
[[ 0.57731402 -0.84749722]
 [ 0.71900809  2.62633643]
 [ 0.31996582  1.60849121]
 [ 0.24328573 -3.09259093]
 [ 0.11163117 -2.67827494]
 [ 0.80048748  0.83900886]
 [ 0.26584416 -2.39959038]
 [ 1.16006015 -1.40834874]
 [ 1.34575333  0.48240434]]
[[ 0.57798648 -0.84781376]
 [ 0.71978801  2.62579575]
 [ 0.31944046  1.60907511]
 [ 0.244031   -3.09271463]
 [ 0.1110772  -2.67873051]
 [ 0.79974433  0.83919659]
 [ 0.26524661 -2.40009626]
 [ 1.1604119  -1.41026039]
 [ 1.34488798  0.48300713]]
[[ 0.57865879 -0.84813138]
 [ 0.72056784  2.62525411]
 [ 0.31891512  1.60965887]
 [ 0.24477651 -3.09283814]
 [ 0.11052346 -2.67918609]
 [ 0.79900139  0.83938492]
 [ 0.26464914 -2.40060193]
 [ 1.16076185 -1.41217611]
 [ 1.34402281  0.48360814]]
[[ 0.57888286 -0.84823749]
 [ 0.72082776  2.62507334]
 [ 0.31874001  1.60985343]
 [ 0.24502507 -3.09287927]
 [ 0.11033893 -2.67933796]
 [ 0.79875379  0.83944783]
 [ 0.26445    -2.40077043]
 [ 1.16087811 -1.4128156 ]
 [ 1.34373446  0.48380809]]
