[[ 0.50625595 -0.81998519]
 [ 0.87934693  0.82298174]
 [ 0.63711368  2.67815805]
 [ 1.11444504 -1.23172144]
 [ 1.43720944  0.40171148]]
[[ 0.50636991 -0.82002064]
 [ 0.87921975  0.82300101]
 [ 0.63724417  2.67808225]
 [ 1.11452983 -1.23196551]
 [ 1.43706269  0.40188816]]
[[ 0.50659781 -0.82009157]
 [ 0.87896531  0.82303952]
 [ 0.63750524  2.67793047]
 [ 1.11469931 -1.23245377]
 [ 1.43676907  0.40224072]]
[[ 0.50671176 -0.82012708]
 [ 0.87883811  0.82305882]
 [ 0.63763577  2.67785457]
 [ 1.11478401 -1.23269811]
 [ 1.43662228  0.40241661]]
[[ 0.50682572 -0.82016262]
 [ 0.87871094  0.82307818]
 [ 0.63776626  2.67777868]
 [ 1.11486866 -1.23294264]
 [ 1.43647553  0.40259227]]
[[ 0.50693967 -0.82019818]
 [ 0.87858375  0.82309753]
 [ 0.63789679  2.67770274]
 [ 1.11495328 -1.23318721]
 [ 1.43632875  0.40276763]]
