[[ 0.37619099 -2.46742727]
 [ 0.2733876  -0.79255554]
 [ 0.53053903 -2.13820928]
 [ 0.17892203  0.6342701 ]
 [ 0.37574499  2.80625173]
 [ 1.14717727  0.85575737]
 [ 0.89771183 -0.93127369]
 [ 0.38570699  2.38857324]
 [ 0.55684496  1.33493559]
 [ 1.39351229 -2.65349885]]
[[ 0.37526179 -2.46820124]
 [ 0.27440078 -0.79250831]
 [ 0.52969295 -2.13926302]
 [ 0.17829804  0.63345873]
 [ 0.37685828  2.80576136]
 [ 1.14598123  0.85511172]
 [ 0.89877071 -0.9319391 ]
 [ 0.38462616  2.38916043]
 [ 0.55603149  1.33590342]
 [ 1.39489591 -2.65242973]]
[[ 0.37433269 -2.46897451]
 [ 0.27541418 -0.79246236]
 [ 0.52884622 -2.14031525]
 [ 0.17767291  0.63264866]
 [ 0.377972    2.80527063]
 [ 1.14478506  0.85447319]
 [ 0.89982924 -0.93260872]
 [ 0.38354535  2.38974662]
 [ 0.55521814  1.33687092]
 [ 1.39627933 -2.65135018]]
[[ 0.37422946 -2.46906039]
 [ 0.27552679 -0.79245733]
 [ 0.5287521  -2.14043207]
 [ 0.17760339  0.63255874]
 [ 0.37809577  2.80521608]
 [ 1.14465214  0.85440267]
 [ 0.89994683 -0.93268338]
 [ 0.38342527  2.38981169]
 [ 0.55512777  1.3369784 ]
 [ 1.39643303 -2.65122955]]
