[[ 0.2222448   2.46706822]
 [ 0.42919024 -0.80154485]
 [ 0.39655612 -2.28300936]
 [ 0.96617279  0.81569377]
 [ 0.43449797  1.47851907]
 [ 0.23686942 -2.57872452]
 [ 0.54942838  2.72550862]
 [ 1.05079209 -1.09245376]
 [ 1.53539307  0.04993804]]
[[ 0.22200786  2.46716749]
 [ 0.42941925 -0.80158437]
 [ 0.39635551 -2.28320133]
 [ 0.96591216  0.81569642]
 [ 0.43432097  1.47872362]
 [ 0.23667038 -2.57888012]
 [ 0.54968724  2.72537784]
 [ 1.05099711 -1.09279756]
 [ 1.53511852  0.05351712]]
[[ 0.22177093  2.46726672]
 [ 0.42964827 -0.80162398]
 [ 0.39615489 -2.28339325]
 [ 0.96565156  0.8156992 ]
 [ 0.43414397  1.47892817]
 [ 0.23647136 -2.57903571]
 [ 0.54994611  2.725247  ]
 [ 1.05120205 -1.09314175]
 [ 1.53484355  0.05704298]]
[[ 0.221534    2.4673659 ]
 [ 0.42987729 -0.80166368]
 [ 0.39595427 -2.28358513]
 [ 0.96539097  0.81570211]
 [ 0.43396697  1.4791327 ]
 [ 0.23627235 -2.57919129]
 [ 0.55020498  2.72511612]
 [ 1.05140691 -1.09348632]
 [ 1.53456819  0.06051676]]
[[ 0.22141554  2.46741548]
 [ 0.4299918  -0.80168356]
 [ 0.39585396 -2.28368105]
 [ 0.96526068  0.81570361]
 [ 0.43387847  1.47923495]
 [ 0.23617285 -2.57926907]
 [ 0.55033442  2.72505066]
 [ 1.05150931 -1.09365875]
 [ 1.53443036  0.06223447]]
