[[ 0.62727738 -2.21149466]
 [ 0.72300065 -1.77702419]
 [ 0.78893446  1.05132613]
 [ 1.41174966  1.79116461]
 [ 0.68482777  2.18318403]
 [ 0.60188165 -0.86298484]
 [ 1.0079488  -2.81093021]]
[[ 0.62709052 -2.21174472]
 [ 0.72289498 -1.77737151]
 [ 0.78874236  1.05156899]
 [ 1.4117082   1.78933375]
 [ 0.68459075  2.1833879 ]
 [ 0.60211409 -0.86297298]
 [ 1.00825571 -2.81084783]]
[[ 0.62699709 -2.21186972]
 [ 0.72284212 -1.77754515]
 [ 0.7886463   1.0516904 ]
 [ 1.41168724  1.78841868]
 [ 0.68447223  2.18348979]
 [ 0.60223033 -0.86296707]
 [ 1.00840918 -2.81080665]]
[[ 0.62690365 -2.2119947 ]
 [ 0.72278924 -1.77771875]
 [ 0.78855024  1.0518118 ]
 [ 1.41166613  1.78750382]
 [ 0.6843537   2.18359166]
 [ 0.60234656 -0.86296118]
 [ 1.00856266 -2.81076546]]
[[ 0.62681021 -2.21211966]
 [ 0.72273633 -1.77789234]
 [ 0.78845418  1.05193318]
 [ 1.41164488  1.78658923]
 [ 0.68423518  2.1836935 ]
 [ 0.6024628  -0.86295531]
 [ 1.00871614 -2.81072428]]
[[ 0.62662329 -2.21236952]
 [ 0.72263044 -1.77823946]
 [ 0.78826207  1.05217594]
 [ 1.41160194  1.78476094]
 [ 0.68399812  2.18389713]
 [ 0.60269529 -0.86294362]
 [ 1.0090231  -2.81064187]]
[[ 0.62652979 -2.2124944 ]
 [ 0.72257744 -1.77841298]
 [ 0.78816604  1.05229731]
 [ 1.41158026  1.78384729]
 [ 0.68387959  2.18399894]
 [ 0.60281154 -0.86293782]
 [ 1.00917657 -2.81060064]]
[[ 0.6264363  -2.21261928]
 [ 0.72252443 -1.7785865 ]
 [ 0.78806999  1.05241867]
 [ 1.41155842  1.78293387]
 [ 0.68376104  2.18410071]
 [ 0.60292779 -0.86293203]
 [ 1.00933005 -2.81055942]]
[[ 0.62634276 -2.21274413]
 [ 0.72247136 -1.77876   ]
 [ 0.78797397  1.05254006]
 [ 1.41153645  1.782021  ]
 [ 0.68364249  2.18420252]
 [ 0.60304405 -0.86292627]
 [ 1.00948349 -2.81051816]]
[[ 0.62624905 -2.212869  ]
 [ 0.72241816 -1.77893361]
 [ 0.78787808  1.05266163]
 [ 1.41151436  1.78110968]
 [ 0.68352388  2.18430452]
 [ 0.60316037 -0.86292065]
 [ 1.00963674 -2.81047685]]
[[ 0.62606157 -2.21311885]
 [ 0.72231172 -1.77928097]
 [ 0.78768641  1.0529049 ]
 [ 1.41146968  1.77928903]
 [ 0.68328656  2.18450856]
 [ 0.60339318 -0.86290957]
 [ 1.00994309 -2.81039438]]
[[ 0.62596773 -2.21324379]
 [ 0.72225842 -1.77945471]
 [ 0.7875907   1.05302666]
 [ 1.41144714  1.77838005]
 [ 0.68316788  2.18461071]
 [ 0.60350967 -0.86290413]
 [ 1.01009616 -2.81035311]]
[[ 0.62587394 -2.21336862]
 [ 0.7222051  -1.77962831]
 [ 0.7874949   1.05314829]
 [ 1.41142447  1.77747053]
 [ 0.68304924  2.18471273]
 [ 0.60362607 -0.86289864]
 [ 1.01024933 -2.81031179]]
[[ 0.62578012 -2.2134934 ]
 [ 0.72215174 -1.77980187]
 [ 0.78739912  1.0532699 ]
 [ 1.41140168  1.77656132]
 [ 0.68293061  2.18481475]
 [ 0.60374245 -0.86289316]
 [ 1.0104025  -2.81027039]]
[[ 0.62559248 -2.21374293]
 [ 0.72204497 -1.78014895]
 [ 0.78720754  1.0535131 ]
 [ 1.41135564  1.77474373]
 [ 0.68269333  2.1850187 ]
 [ 0.60397525 -0.86288226]
 [ 1.01070886 -2.81018766]]
[[ 0.62549865 -2.21386762]
 [ 0.72199155 -1.78032241]
 [ 0.78711174  1.05363466]
 [ 1.41133242  1.77383516]
 [ 0.68257471  2.18512063]
 [ 0.60409163 -0.86287682]
 [ 1.01086207 -2.81014623]]
[[ 0.62540488 -2.21399228]
 [ 0.72193814 -1.78049581]
 [ 0.78701589  1.05375613]
 [ 1.41130903  1.77292639]
 [ 0.68245611  2.18522245]
 [ 0.60420799 -0.86287136]
 [ 1.01101536 -2.81010483]]
[[ 0.62503017 -2.21449025]
 [ 0.72172447 -1.78118851]
 [ 0.78663213  1.05424121]
 [ 1.41121417  1.76928946]
 [ 0.68198205  2.18562892]
 [ 0.60467307 -0.86284924]
 [ 1.01162929 -2.80993884]]
[[ 0.62474914 -2.21486363]
 [ 0.72156407 -1.7817079 ]
 [ 0.78634417  1.05460488]
 [ 1.41114137  1.76656444]
 [ 0.68162636  2.18593336]
 [ 0.60502198 -0.86283286]
 [ 1.01208983 -2.80981456]]
[[ 0.62456174 -2.21511244]
 [ 0.72145701 -1.78205405]
 [ 0.7861522   1.05484728]
 [ 1.41109211  1.76474928]
 [ 0.68138923  2.18613622]
 [ 0.6052546  -0.86282203]
 [ 1.01239687 -2.80973167]]
[[ 0.62428056 -2.21548548]
 [ 0.72129624 -1.78257312]
 [ 0.78586428  1.05521083]
 [ 1.41101714  1.76202896]
 [ 0.68103351  2.18644039]
 [ 0.60560356 -0.86280593]
 [ 1.01285744 -2.80960726]]
[[ 0.62409306 -2.21573406]
 [ 0.72118893 -1.78291906]
 [ 0.78567235  1.05545316]
 [ 1.41096645  1.76021701]
 [ 0.68079636  2.18664307]
 [ 0.60583622 -0.8627953 ]
 [ 1.0131645  -2.80952428]]
[[ 0.62381174 -2.21610676]
 [ 0.72102776 -1.7834378 ]
 [ 0.78538447  1.05581658]
 [ 1.41088934  1.75750152]
 [ 0.68044061  2.18694696]
 [ 0.60618523 -0.86277949]
 [ 1.01362511 -2.80939972]]
[[ 0.62371794 -2.21623096]
 [ 0.720974   -1.78361069]
 [ 0.78528851  1.05593771]
 [ 1.41086333  1.75659705]
 [ 0.68032201  2.18704821]
 [ 0.60630159 -0.86277427]
 [ 1.01377864 -2.80935821]]
[[ 0.62362414 -2.21635512]
 [ 0.7209202  -1.78378353]
 [ 0.78519256  1.05605882]
 [ 1.4108372   1.75569281]
 [ 0.68020343  2.18714944]
 [ 0.60641793 -0.86276905]
 [ 1.01393219 -2.80931666]]
[[ 0.62353033 -2.21647926]
 [ 0.72086638 -1.78395635]
 [ 0.7850966   1.05617992]
 [ 1.41081093  1.75478889]
 [ 0.68008484  2.18725066]
 [ 0.60653428 -0.86276386]
 [ 1.01408575 -2.8092751 ]]
[[ 0.62343651 -2.21660337]
 [ 0.72081253 -1.78412915]
 [ 0.78500067  1.05630102]
 [ 1.41078451  1.75388541]
 [ 0.67996626  2.18735187]
 [ 0.60665064 -0.86275869]
 [ 1.01423929 -2.80923353]]
[[ 0.62334273 -2.21672744]
 [ 0.72075869 -1.78430186]
 [ 0.78490462  1.056422  ]
 [ 1.41075793  1.75298146]
 [ 0.67984767  2.18745293]
 [ 0.60676693 -0.86275347]
 [ 1.01439294 -2.80919197]]
[[ 0.62324891 -2.21685149]
 [ 0.7207048  -1.78447459]
 [ 0.78480863  1.05654304]
 [ 1.41073122  1.75207829]
 [ 0.67972908  2.18755405]
 [ 0.60688326 -0.86274831]
 [ 1.01454653 -2.80915038]]
[[ 0.62315504 -2.21697554]
 [ 0.72065087 -1.78464734]
 [ 0.78471273  1.05666414]
 [ 1.41070439  1.75117595]
 [ 0.67961049  2.18765523]
 [ 0.60699964 -0.86274321]
 [ 1.01470006 -2.80910877]]
[[ 0.62306121 -2.21709954]
 [ 0.72059693 -1.78482001]
 [ 0.78461673  1.05678514]
 [ 1.41067739  1.7502733 ]
 [ 0.6794919   2.18775628]
 [ 0.60711596 -0.86273808]
 [ 1.01485368 -2.80906717]]
[[ 0.62296735 -2.21722354]
 [ 0.72054296 -1.78499269]
 [ 0.78452078  1.05690618]
 [ 1.41065026  1.74937134]
 [ 0.6793733   2.18785738]
 [ 0.60723232 -0.86273299]
 [ 1.01500725 -2.80902556]]
[[ 0.62277957 -2.21747147]
 [ 0.72043494 -1.78533801]
 [ 0.78432893  1.05714827]
 [ 1.41059558  1.74756866]
 [ 0.67913611  2.18805955]
 [ 0.60746507 -0.8627229 ]
 [ 1.01531438 -2.80894228]]
[[ 0.62249781 -2.21784323]
 [ 0.7202727  -1.78585589]
 [ 0.78404118  1.05751138]
 [ 1.41051247  1.74486754]
 [ 0.67878026  2.18836269]
 [ 0.60781426 -0.86270794]
 [ 1.01577505 -2.80881735]]
[[ 0.62240387 -2.2179671 ]
 [ 0.72021857 -1.78602845]
 [ 0.78394526  1.05763239]
 [ 1.41048449  1.74396779]
 [ 0.67866164  2.1884637 ]
 [ 0.60793065 -0.86270298]
 [ 1.01592862 -2.80877567]]
[[ 0.62230994 -2.21809094]
 [ 0.72016442 -1.78620099]
 [ 0.78384934  1.05775339]
 [ 1.41045636  1.7430683 ]
 [ 0.67854303  2.18856467]
 [ 0.60804704 -0.86269804]
 [ 1.0160822  -2.808734  ]]
[[ 0.62221599 -2.21821475]
 [ 0.72011025 -1.7863735 ]
 [ 0.78375342  1.05787437]
 [ 1.4104281   1.74216916]
 [ 0.67842442  2.18866562]
 [ 0.60816343 -0.86269311]
 [ 1.01623579 -2.8086923 ]]
[[ 0.62212203 -2.21833855]
 [ 0.72005604 -1.786546  ]
 [ 0.78365751  1.05799535]
 [ 1.41039969  1.74127041]
 [ 0.6783058   2.18876657]
 [ 0.60827983 -0.86268821]
 [ 1.01638937 -2.8086506 ]]
[[ 0.62202805 -2.21846232]
 [ 0.72000181 -1.78671848]
 [ 0.78356161  1.05811633]
 [ 1.41037115  1.74037212]
 [ 0.67818718  2.18886751]
 [ 0.60839624 -0.86268334]
 [ 1.01654295 -2.80860888]]
[[ 0.62193406 -2.21858607]
 [ 0.71994755 -1.78689093]
 [ 0.78346571  1.0582373 ]
 [ 1.41034247  1.73947411]
 [ 0.67806857  2.18896842]
 [ 0.60851264 -0.86267848]
 [ 1.01669653 -2.80856714]]
[[ 0.62174608 -2.21883348]
 [ 0.71983897 -1.78723576]
 [ 0.7832739   1.05847919]
 [ 1.41028467  1.73767904]
 [ 0.67783133  2.18917017]
 [ 0.60874545 -0.8626688 ]
 [ 1.01700372 -2.80848365]]
[[ 0.62136995 -2.21932813]
 [ 0.71962149 -1.78792526]
 [ 0.78289034  1.05896296]
 [ 1.41016734  1.73409382]
 [ 0.67735676  2.1895735 ]
 [ 0.60921118 -0.86264975]
 [ 1.01761805 -2.80831665]]
[[ 0.62127589 -2.21945173]
 [ 0.71956705 -1.78809757]
 [ 0.78279446  1.05908389]
 [ 1.41013766  1.73319845]
 [ 0.67723812  2.1896743 ]
 [ 0.60932762 -0.86264504]
 [ 1.01777163 -2.80827487]]
[[ 0.62118182 -2.21957533]
 [ 0.7195126  -1.78826989]
 [ 0.78269858  1.05920481]
 [ 1.41010783  1.73230349]
 [ 0.67711946  2.18977507]
 [ 0.60944407 -0.86264035]
 [ 1.01792521 -2.80823311]]
[[ 0.62108774 -2.21969892]
 [ 0.71945812 -1.78844219]
 [ 0.7826027   1.05932574]
 [ 1.41007785  1.73140894]
 [ 0.67700079  2.18987582]
 [ 0.60956054 -0.86263569]
 [ 1.01807879 -2.80819135]]
[[ 0.62099365 -2.21982248]
 [ 0.71940362 -1.78861448]
 [ 0.78250683  1.05944665]
 [ 1.41004773  1.73051474]
 [ 0.67688212  2.18997655]
 [ 0.60967701 -0.86263105]
 [ 1.01823237 -2.80814959]]
[[ 0.62080545 -2.22006954]
 [ 0.71929455 -1.78895898]
 [ 0.78231508  1.05968846]
 [ 1.40998706  1.7287275 ]
 [ 0.67664476  2.19017796]
 [ 0.60990996 -0.86262182]
 [ 1.01853954 -2.80806604]]
[[ 0.62071132 -2.22019303]
 [ 0.71923996 -1.78913119]
 [ 0.78221922  1.05980935]
 [ 1.40995653  1.72783446]
 [ 0.67652609  2.19027864]
 [ 0.61002644 -0.86261724]
 [ 1.01869312 -2.80802423]]
[[ 0.6206172  -2.22031651]
 [ 0.71918537 -1.7893034 ]
 [ 0.78212335  1.05993024]
 [ 1.40992584  1.72694178]
 [ 0.67640741  2.1903793 ]
 [ 0.61014293 -0.86261268]
 [ 1.01884671 -2.80798244]]
[[ 0.62052306 -2.22043995]
 [ 0.71913073 -1.78947556]
 [ 0.78202749  1.06005111]
 [ 1.40989503  1.72604946]
 [ 0.67628874  2.19047995]
 [ 0.61025941 -0.86260813]
 [ 1.0190003  -2.8079406 ]]
[[ 0.62042891 -2.22056337]
 [ 0.71907608 -1.78964771]
 [ 0.78193163  1.06017197]
 [ 1.40986407  1.72515752]
 [ 0.67617006  2.19058057]
 [ 0.6103759  -0.86260361]
 [ 1.0191539  -2.80789877]]
[[ 0.62033475 -2.22068677]
 [ 0.7190214  -1.78981984]
 [ 0.78183578  1.06029284]
 [ 1.40983297  1.72426604]
 [ 0.67605137  2.19068119]
 [ 0.61049239 -0.86259911]
 [ 1.01930748 -2.80785693]]
[[ 0.62024059 -2.22081015]
 [ 0.71896669 -1.78999194]
 [ 0.78173993  1.06041368]
 [ 1.40980174  1.72337482]
 [ 0.67593269  2.19078177]
 [ 0.61060888 -0.86259462]
 [ 1.01946109 -2.80781508]]
[[ 0.62014641 -2.2209335 ]
 [ 0.71891196 -1.79016402]
 [ 0.78164408  1.06053453]
 [ 1.40977036  1.72248407]
 [ 0.675814    2.19088234]
 [ 0.61072539 -0.86259015]
 [ 1.01961468 -2.80777322]]
[[ 0.62005221 -2.22105685]
 [ 0.7188572  -1.7903361 ]
 [ 0.78154824  1.06065538]
 [ 1.40973884  1.72159378]
 [ 0.67569531  2.19098291]
 [ 0.6108419  -0.86258572]
 [ 1.01976827 -2.80773137]]
[[ 0.6198638  -2.22130346]
 [ 0.71874761 -1.79068018]
 [ 0.78135656  1.06089704]
 [ 1.40967538  1.71981427]
 [ 0.67545791  2.19118397]
 [ 0.61107493 -0.8625769 ]
 [ 1.02007546 -2.80764762]]
[[ 0.61976958 -2.22142673]
 [ 0.71869278 -1.79085218]
 [ 0.78126072  1.06101786]
 [ 1.40964344  1.71892506]
 [ 0.67533921  2.19128447]
 [ 0.61119145 -0.86257251]
 [ 1.02022907 -2.80760573]]
[[ 0.61967536 -2.22154997]
 [ 0.71863793 -1.79102415]
 [ 0.78116488  1.06113866]
 [ 1.40961136  1.71803621]
 [ 0.67522052  2.19138494]
 [ 0.61130796 -0.86256815]
 [ 1.02038268 -2.80756383]]
[[ 0.61958112 -2.22167319]
 [ 0.71858304 -1.79119611]
 [ 0.78106905  1.06125946]
 [ 1.40957915  1.71714782]
 [ 0.67510182  2.19148541]
 [ 0.61142448 -0.8625638 ]
 [ 1.02053629 -2.8075219 ]]
[[ 0.61948687 -2.2217964 ]
 [ 0.71852813 -1.79136805]
 [ 0.78097322  1.06138025]
 [ 1.4095468   1.7162598 ]
 [ 0.67498312  2.19158586]
 [ 0.61154101 -0.86255948]
 [ 1.02068989 -2.80747998]]
[[ 0.61939262 -2.22191957]
 [ 0.71847321 -1.79153995]
 [ 0.78087739  1.06150102]
 [ 1.4095143   1.71537211]
 [ 0.67486441  2.19168628]
 [ 0.61165753 -0.86255517]
 [ 1.02084352 -2.80743806]]
[[ 0.61929836 -2.22204273]
 [ 0.71841825 -1.79171185]
 [ 0.78078156  1.0616218 ]
 [ 1.40948167  1.71448487]
 [ 0.6747457   2.19178668]
 [ 0.61177407 -0.86255088]
 [ 1.02099713 -2.80739612]]
[[ 0.61920407 -2.22216586]
 [ 0.71836326 -1.79188371]
 [ 0.78068575  1.06174256]
 [ 1.4094489   1.71359805]
 [ 0.674627    2.19188708]
 [ 0.6118906  -0.86254662]
 [ 1.02115075 -2.80735415]]
[[ 0.61910979 -2.22228896]
 [ 0.71830826 -1.79205556]
 [ 0.78058993  1.06186332]
 [ 1.40941599  1.7127116 ]
 [ 0.67450829  2.19198746]
 [ 0.61200714 -0.86254237]
 [ 1.02130437 -2.80731219]]
[[ 0.61901549 -2.22241205]
 [ 0.71825322 -1.79222737]
 [ 0.78049411  1.06198407]
 [ 1.40938295  1.71182554]
 [ 0.67438958  2.19208781]
 [ 0.61212367 -0.86253814]
 [ 1.02145799 -2.80727021]]
[[ 0.61892119 -2.2225351 ]
 [ 0.71819816 -1.79239917]
 [ 0.78039829  1.0621048 ]
 [ 1.40934976  1.71093985]
 [ 0.67427087  2.19218814]
 [ 0.61224021 -0.86253393]
 [ 1.02161163 -2.80722823]]
[[ 0.61882688 -2.22265815]
 [ 0.71814308 -1.79257095]
 [ 0.78030248  1.06222554]
 [ 1.40931643  1.71005464]
 [ 0.67415215  2.19228846]
 [ 0.61235677 -0.86252975]
 [ 1.02176525 -2.80718624]]
[[ 0.61873255 -2.22278117]
 [ 0.71808797 -1.79274272]
 [ 0.78020668  1.06234627]
 [ 1.40928297  1.70916986]
 [ 0.67403344  2.19238877]
 [ 0.61247332 -0.86252558]
 [ 1.02191887 -2.80714424]]
[[ 0.61844953 -2.22315008]
 [ 0.7179225  -1.79325784]
 [ 0.77991926  1.06270838]
 [ 1.40918176  1.70651769]
 [ 0.67367728  2.19268954]
 [ 0.61282298 -0.86251319]
 [ 1.02237978 -2.80701817]]
[[ 0.61826081 -2.22339586]
 [ 0.71781204 -1.79360109]
 [ 0.77972765  1.06294971]
 [ 1.40911361  1.70475142]
 [ 0.67343987  2.19288997]
 [ 0.61305607 -0.862505  ]
 [ 1.0226871  -2.80693401]]
[[ 0.61816642 -2.22351873]
 [ 0.71775678 -1.7937727 ]
 [ 0.77963186  1.06307037]
 [ 1.40907933  1.70386897]
 [ 0.67332115  2.19299015]
 [ 0.61317263 -0.86250094]
 [ 1.02284075 -2.80689192]]
[[ 0.61797763 -2.22376442]
 [ 0.71764619 -1.79411589]
 [ 0.77944028  1.0633117 ]
 [ 1.40901034  1.70210547]
 [ 0.67308369  2.19319049]
 [ 0.61340579 -0.86249291]
 [ 1.02314804 -2.80680777]]
[[ 0.61788322 -2.22388725]
 [ 0.71759085 -1.79428745]
 [ 0.7793445   1.06343236]
 [ 1.40897563  1.70122436]
 [ 0.67296494  2.19329062]
 [ 0.61352237 -0.86248892]
 [ 1.02330168 -2.8067657 ]]
[[ 0.6177888  -2.22401005]
 [ 0.7175355  -1.79445899]
 [ 0.77924871  1.06355301]
 [ 1.40894078  1.70034365]
 [ 0.6728462   2.19339073]
 [ 0.61363896 -0.86248496]
 [ 1.02345533 -2.80672361]]
[[ 0.61769437 -2.22413282]
 [ 0.71748011 -1.79463051]
 [ 0.77915293  1.06367365]
 [ 1.4089058   1.69946338]
 [ 0.67272746  2.19349084]
 [ 0.61375555 -0.86248101]
 [ 1.02360898 -2.8066815 ]]
[[ 0.61759993 -2.22425556]
 [ 0.7174247  -1.794802  ]
 [ 0.77905716  1.06379427]
 [ 1.40887069  1.69858351]
 [ 0.67260873  2.19359093]
 [ 0.61387214 -0.86247708]
 [ 1.02376264 -2.80663937]]
[[ 0.61750548 -2.22437829]
 [ 0.71736927 -1.79497347]
 [ 0.77896138  1.06391489]
 [ 1.40883544  1.69770402]
 [ 0.67248998  2.19369098]
 [ 0.61398873 -0.86247317]
 [ 1.0239163  -2.80659725]]
[[ 0.61741102 -2.224501  ]
 [ 0.71731381 -1.79514493]
 [ 0.77886561  1.06403551]
 [ 1.40880004  1.69682505]
 [ 0.67237123  2.19379103]
 [ 0.61410534 -0.86246928]
 [ 1.02406995 -2.80655512]]
[[ 0.61731655 -2.22462368]
 [ 0.71725832 -1.79531636]
 [ 0.77876983  1.06415611]
 [ 1.40876451  1.69594642]
 [ 0.67225248  2.19389105]
 [ 0.61422193 -0.86246541]
 [ 1.02422361 -2.80651298]]
[[ 0.61722207 -2.22474635]
 [ 0.71720281 -1.79548777]
 [ 0.77867407  1.06427672]
 [ 1.40872885  1.69506828]
 [ 0.67213373  2.19399107]
 [ 0.61433855 -0.86246157]
 [ 1.02437727 -2.80647083]]
[[ 0.61712759 -2.22486898]
 [ 0.71714728 -1.79565915]
 [ 0.7785783   1.0643973 ]
 [ 1.40869305  1.6941905 ]
 [ 0.67201498  2.19409105]
 [ 0.61445515 -0.86245774]
 [ 1.02453094 -2.80642866]]
[[ 0.61703309 -2.22499159]
 [ 0.71709172 -1.79583051]
 [ 0.77848254  1.06451788]
 [ 1.40865711  1.69331318]
 [ 0.67189623  2.19419103]
 [ 0.61457176 -0.86245393]
 [ 1.0246846  -2.80638649]]
[[ 0.61693858 -2.22511419]
 [ 0.71703614 -1.79600186]
 [ 0.77838678  1.06463846]
 [ 1.40862103  1.69243633]
 [ 0.67177747  2.19429098]
 [ 0.61468838 -0.86245014]
 [ 1.02483827 -2.80634431]]
[[ 0.61684407 -2.22523676]
 [ 0.71698053 -1.79617318]
 [ 0.77829102  1.06475902]
 [ 1.40858482  1.69155986]
 [ 0.67165871  2.19439092]
 [ 0.614805   -0.86244637]
 [ 1.02499194 -2.80630212]]
[[ 0.616655   -2.22548184]
 [ 0.71686923 -1.79651575]
 [ 0.77809952  1.06500014]
 [ 1.40851199  1.6898083 ]
 [ 0.67142119  2.19459075]
 [ 0.61503825 -0.8624389 ]
 [ 1.02529928 -2.8062177 ]]
[[ 0.61656045 -2.22560434]
 [ 0.71681354 -1.796687  ]
 [ 0.77800378  1.06512069]
 [ 1.40847538  1.68893317]
 [ 0.67130243  2.19469064]
 [ 0.61515488 -0.86243519]
 [ 1.02545295 -2.80617547]]
[[ 0.6164659  -2.22572682]
 [ 0.71675783 -1.79685825]
 [ 0.77790804  1.06524123]
 [ 1.40843862  1.6880585 ]
 [ 0.67118366  2.19479051]
 [ 0.61527152 -0.86243151]
 [ 1.02560662 -2.80613325]]
[[ 0.61637133 -2.22584928]
 [ 0.71670209 -1.79702945]
 [ 0.7778123   1.06536176]
 [ 1.40840173  1.68718425]
 [ 0.67106489  2.19489036]
 [ 0.61538816 -0.86242784]
 [ 1.0257603  -2.80609099]]
[[ 0.61627676 -2.22597172]
 [ 0.71664633 -1.79720064]
 [ 0.77771656  1.06548228]
 [ 1.4083647   1.68631039]
 [ 0.67094612  2.19499019]
 [ 0.6155048  -0.86242419]
 [ 1.02591398 -2.80604874]]
[[ 0.61618217 -2.22609412]
 [ 0.71659054 -1.7973718 ]
 [ 0.77762083  1.06560279]
 [ 1.40832755  1.68543702]
 [ 0.67082735  2.19509001]
 [ 0.61562143 -0.86242056]
 [ 1.02606766 -2.80600647]]
[[ 0.61608758 -2.22621652]
 [ 0.71653474 -1.79754294]
 [ 0.77752509  1.06572329]
 [ 1.40829024  1.68456404]
 [ 0.67070858  2.1951898 ]
 [ 0.61573808 -0.86241695]
 [ 1.02622135 -2.80596421]]
[[ 0.61599297 -2.22633888]
 [ 0.7164789  -1.79771406]
 [ 0.77742936  1.06584379]
 [ 1.40825282  1.68369154]
 [ 0.67058981  2.19528958]
 [ 0.61585473 -0.86241337]
 [ 1.02637503 -2.80592192]]
[[ 0.6157091  -2.22670583]
 [ 0.71631124 -1.79822727]
 [ 0.77714218  1.06620522]
 [ 1.40813972  1.68107661]
 [ 0.67023348  2.1955888 ]
 [ 0.61620468 -0.86240271]
 [ 1.02683612 -2.80579498]]
[[ 0.61542517 -2.22707254]
 [ 0.71614335 -1.79874022]
 [ 0.77685502  1.06656653]
 [ 1.40802542  1.6784654 ]
 [ 0.66987718  2.19588784]
 [ 0.61655463 -0.86239221]
 [ 1.02729726 -2.8056679 ]]
[[ 0.61523585 -2.22731689]
 [ 0.71603132 -1.79908207]
 [ 0.77666357  1.06680735]
 [ 1.40794854  1.67672672]
 [ 0.66963963  2.19608709]
 [ 0.61678794 -0.86238529]
 [ 1.02760472 -2.80558314]]
[[ 0.61504649 -2.22756117]
 [ 0.71591918 -1.79942384]
 [ 0.77647214  1.06704815]
 [ 1.40787111  1.67498992]
 [ 0.66940207  2.19628626]
 [ 0.61702127 -0.86237847]
 [ 1.02791218 -2.80549836]]
[[ 0.6149518  -2.22768328]
 [ 0.71586308 -1.79959469]
 [ 0.77637642  1.06716853]
 [ 1.4078322   1.67412221]
 [ 0.66928329  2.19638583]
 [ 0.61713794 -0.86237509]
 [ 1.02806591 -2.80545595]]
[[ 0.61485709 -2.22780537]
 [ 0.71580695 -1.79976554]
 [ 0.77628072  1.06728893]
 [ 1.40779315  1.67325506]
 [ 0.6691645   2.19648538]
 [ 0.61725463 -0.86237173]
 [ 1.02821962 -2.80541355]]
[[ 0.61476238 -2.22792742]
 [ 0.71575079 -1.79993633]
 [ 0.77618501  1.06740928]
 [ 1.40775397  1.67238815]
 [ 0.66904572  2.1965849 ]
 [ 0.61737129 -0.86236838]
 [ 1.02837337 -2.8053711 ]]
[[ 0.61466766 -2.22804945]
 [ 0.71569461 -1.8001071 ]
 [ 0.7760893   1.06752964]
 [ 1.40771466  1.67152175]
 [ 0.66892694  2.1966844 ]
 [ 0.61748797 -0.86236505]
 [ 1.02852712 -2.80532866]]
[[ 0.61457294 -2.22817146]
 [ 0.71563841 -1.80027786]
 [ 0.77599359  1.06764998]
 [ 1.40767521  1.67065577]
 [ 0.66880816  2.19678388]
 [ 0.61760464 -0.86236174]
 [ 1.02868088 -2.80528621]]
[[ 0.6144782  -2.22829345]
 [ 0.71558218 -1.80044859]
 [ 0.77589789  1.06777032]
 [ 1.40763563  1.66979031]
 [ 0.66868937  2.19688335]
 [ 0.61772132 -0.86235845]
 [ 1.02883462 -2.80524374]]
[[ 0.61438346 -2.22841541]
 [ 0.71552594 -1.8006193 ]
 [ 0.77580218  1.06789064]
 [ 1.4075959   1.66892525]
 [ 0.66857058  2.19698279]
 [ 0.61783801 -0.86235518]
 [ 1.02898838 -2.80520128]]
[[ 0.61428871 -2.22853735]
 [ 0.71546966 -1.80078998]
 [ 0.77570648  1.06801096]
 [ 1.40755606  1.66806067]
 [ 0.6684518   2.19708222]
 [ 0.61795469 -0.86235193]
 [ 1.02914214 -2.80515879]]
[[ 0.61409917 -2.22878116]
 [ 0.71535703 -1.80113128]
 [ 0.7755151   1.06825158]
 [ 1.40747596  1.66633293]
 [ 0.66821422  2.19728102]
 [ 0.61818807 -0.86234549]
 [ 1.02944966 -2.80507378]]
[[ 0.61371993 -2.22926855]
 [ 0.71513145 -1.80181367]
 [ 0.7751324   1.06873279]
 [ 1.40731418  1.66288355]
 [ 0.667739    2.19767849]
 [ 0.61865491 -0.8623329 ]
 [ 1.03006465 -2.80490366]]
[[ 0.61334054 -2.22975563]
 [ 0.71490548 -1.80249576]
 [ 0.77474974  1.0692139 ]
 [ 1.40715024  1.65944187]
 [ 0.66726373  2.19807567]
 [ 0.61912183 -0.86232065]
 [ 1.03067965 -2.80473346]]
[[ 0.61324568 -2.22987734]
 [ 0.71484893 -1.80266621]
 [ 0.77465408  1.06933415]
 [ 1.40710892  1.65858257]
 [ 0.66714491  2.19817491]
 [ 0.61923856 -0.86231763]
 [ 1.03083342 -2.80469087]]
[[ 0.61315081 -2.229999  ]
 [ 0.71479235 -1.80283662]
 [ 0.77455842  1.06945438]
 [ 1.40706749  1.65772365]
 [ 0.6670261   2.19827413]
 [ 0.61935528 -0.86231463]
 [ 1.0309872  -2.80464825]]
[[ 0.61305593 -2.23012065]
 [ 0.71473575 -1.80300701]
 [ 0.77446275  1.0695746 ]
 [ 1.40702591  1.6568652 ]
 [ 0.66690729  2.19837333]
 [ 0.61947201 -0.86231164]
 [ 1.03114098 -2.80460564]]
[[ 0.61296104 -2.23024228]
 [ 0.71467913 -1.80317738]
 [ 0.77436709  1.06969481]
 [ 1.4069842   1.65600724]
 [ 0.66678848  2.19847251]
 [ 0.61958874 -0.86230867]
 [ 1.03129477 -2.804563  ]]
[[ 0.61286615 -2.23036388]
 [ 0.71462248 -1.80334773]
 [ 0.77427144  1.06981501]
 [ 1.40694237  1.65514976]
 [ 0.66666967  2.19857167]
 [ 0.61970547 -0.86230572]
 [ 1.03144856 -2.80452036]]
[[ 0.61267632 -2.23060703]
 [ 0.7145091  -1.80368837]
 [ 0.77408014  1.0700554 ]
 [ 1.40685829  1.65343633]
 [ 0.66643202  2.19876995]
 [ 0.61993895 -0.86229989]
 [ 1.03175612 -2.80443506]]
[[ 0.61248643 -2.23085013]
 [ 0.71439562 -1.80402898]
 [ 0.77388887  1.07029582]
 [ 1.40677368  1.65172519]
 [ 0.66619434  2.1989682 ]
 [ 0.62017249 -0.86229419]
 [ 1.03206365 -2.80434976]]
[[ 0.61229653 -2.23109311]
 [ 0.71428204 -1.80436945]
 [ 0.77369759  1.07053616]
 [ 1.40668855  1.65001569]
 [ 0.66595668  2.19916634]
 [ 0.620406   -0.86228853]
 [ 1.03237122 -2.80426438]]
[[ 0.61220156 -2.23121457]
 [ 0.71422522 -1.80453965]
 [ 0.77360195  1.07065632]
 [ 1.40664579  1.64916165]
 [ 0.66583784  2.19926538]
 [ 0.62052277 -0.86228573]
 [ 1.03252502 -2.80422169]]
[[ 0.6120116  -2.23145742]
 [ 0.7141115  -1.80487999]
 [ 0.7734107   1.07089661]
 [ 1.40655987  1.64745509]
 [ 0.66560017  2.19946342]
 [ 0.6207563  -0.86228019]
 [ 1.03283261 -2.80413625]]
[[ 0.61182159 -2.23170021]
 [ 0.71399767 -1.80522028]
 [ 0.77321946  1.07113691]
 [ 1.40647342  1.64575074]
 [ 0.66536246  2.19966141]
 [ 0.62098988 -0.86227476]
 [ 1.03314016 -2.80405082]]
[[ 0.61172656 -2.23182156]
 [ 0.71394072 -1.80539039]
 [ 0.77312385  1.07125705]
 [ 1.40643001  1.6448993 ]
 [ 0.66524361  2.19976038]
 [ 0.62110667 -0.86227208]
 [ 1.03329395 -2.80400807]]
[[ 0.61153651 -2.23206418]
 [ 0.71382675 -1.80573049]
 [ 0.77293261  1.07149726]
 [ 1.40634279  1.64319759]
 [ 0.66500593  2.19995824]
 [ 0.62134023 -0.86226673]
 [ 1.03360156 -2.80392252]]
[[ 0.61144147 -2.23218548]
 [ 0.71376973 -1.80590053]
 [ 0.772837    1.07161737]
 [ 1.40629897  1.64234758]
 [ 0.66488707  2.20005714]
 [ 0.62145703 -0.86226411]
 [ 1.03375536 -2.80387976]]
[[ 0.61134641 -2.23230675]
 [ 0.71371269 -1.80607055]
 [ 0.7727414   1.07173747]
 [ 1.40625503  1.64149813]
 [ 0.66476821  2.20015603]
 [ 0.62157384 -0.8622615 ]
 [ 1.03390915 -2.80383699]]
[[ 0.6111563  -2.23254919]
 [ 0.71359853 -1.80641047]
 [ 0.77255018  1.07197761]
 [ 1.40616677  1.63980038]
 [ 0.66453051  2.20035374]
 [ 0.62180742 -0.86225632]
 [ 1.03421679 -2.80375136]]
[[ 0.61106122 -2.23267038]
 [ 0.7135414  -1.8065804 ]
 [ 0.77245459  1.07209768]
 [ 1.40612244  1.63895232]
 [ 0.66441165  2.20045258]
 [ 0.62192422 -0.86225377]
 [ 1.0343706  -2.80370854]]
[[ 0.61087104 -2.23291269]
 [ 0.71342709 -1.8069202 ]
 [ 0.77226339  1.07233779]
 [ 1.4060334   1.63725766]
 [ 0.66417394  2.20065019]
 [ 0.62215784 -0.86224872]
 [ 1.03467824 -2.80362286]]
[[ 0.61077594 -2.23303383]
 [ 0.71336991 -1.80709007]
 [ 0.77216779  1.07245784]
 [ 1.40598867  1.63641111]
 [ 0.66405507  2.20074896]
 [ 0.62227465 -0.86224623]
 [ 1.03483206 -2.80358002]]
[[ 0.61049056 -2.23339707]
 [ 0.71319817 -1.80759955]
 [ 0.77188104  1.07281793]
 [ 1.40585375  1.63387453]
 [ 0.66369847  2.20104521]
 [ 0.62262511 -0.86223888]
 [ 1.03529352 -2.8034514 ]]
[[ 0.61039541 -2.23351811]
 [ 0.71314088 -1.80776933]
 [ 0.77178545  1.07293795]
 [ 1.40580852  1.63303001]
 [ 0.6635796   2.20114392]
 [ 0.62274194 -0.86223647]
 [ 1.03544734 -2.80340852]]
[[ 0.61020509 -2.23376012]
 [ 0.71302622 -1.80810881]
 [ 0.77159431  1.07317796]
 [ 1.40571767  1.63134251]
 [ 0.66334186  2.20134129]
 [ 0.6229756  -0.86223171]
 [ 1.03575499 -2.80332268]]
[[ 0.61010992 -2.23388111]
 [ 0.71296886 -1.80827855]
 [ 0.77149873  1.07329796]
 [ 1.40567204  1.63049959]
 [ 0.66322297  2.20143995]
 [ 0.62309245 -0.86222937]
 [ 1.03590881 -2.80327979]]
[[ 0.61001475 -2.23400205]
 [ 0.71291147 -1.80844823]
 [ 0.77140316  1.07341794]
 [ 1.40562629  1.62965705]
 [ 0.66310409  2.20153858]
 [ 0.62320928 -0.86222704]
 [ 1.03606266 -2.80323686]]
[[ 0.60982436 -2.23424386]
 [ 0.71279661 -1.8087875 ]
 [ 0.77121203  1.07365787]
 [ 1.40553442  1.62797349]
 [ 0.66286636  2.20173581]
 [ 0.62344295 -0.86222243]
 [ 1.03637034 -2.80315091]]
[[ 0.60972916 -2.23436473]
 [ 0.71273914 -1.80895711]
 [ 0.77111646  1.07377782]
 [ 1.40548829  1.62713248]
 [ 0.66274748  2.20183439]
 [ 0.62355979 -0.86222015]
 [ 1.03652419 -2.80310794]]
[[ 0.60963395 -2.23448559]
 [ 0.71268166 -1.8091267 ]
 [ 0.7710209   1.07389776]
 [ 1.40544203  1.62629201]
 [ 0.6626286   2.20193296]
 [ 0.62367664 -0.8622179 ]
 [ 1.03667804 -2.80306496]]
[[ 0.60953873 -2.23460642]
 [ 0.71262415 -1.80929627]
 [ 0.77092534  1.07401771]
 [ 1.40539564  1.62545206]
 [ 0.66250972  2.2020315 ]
 [ 0.62379349 -0.86221567]
 [ 1.03683189 -2.80302198]]
[[ 0.60944349 -2.23472723]
 [ 0.7125666  -1.80946581]
 [ 0.77082979  1.07413764]
 [ 1.40534913  1.62461262]
 [ 0.66239084  2.20213004]
 [ 0.62391034 -0.86221346]
 [ 1.03698574 -2.80297896]]
[[ 0.60934825 -2.23484802]
 [ 0.71250905 -1.80963533]
 [ 0.77073423  1.07425756]
 [ 1.40530248  1.62377367]
 [ 0.66227196  2.20222855]
 [ 0.62402719 -0.86221127]
 [ 1.03713959 -2.80293595]]
[[ 0.609253   -2.23496879]
 [ 0.71245146 -1.80980484]
 [ 0.77063868  1.07437748]
 [ 1.40525571  1.62293532]
 [ 0.66215307  2.20232705]
 [ 0.62414406 -0.8622091 ]
 [ 1.03729344 -2.80289293]]
[[ 0.60915774 -2.23508952]
 [ 0.71239384 -1.8099743 ]
 [ 0.77054314  1.07449739]
 [ 1.40520882  1.62209742]
 [ 0.66203419  2.20242553]
 [ 0.62426091 -0.86220695]
 [ 1.0374473  -2.80284987]]
[[ 0.60896719 -2.23533094]
 [ 0.71227855 -1.81031319]
 [ 0.77035206  1.07473719]
 [ 1.40511465  1.62042323]
 [ 0.66179641  2.20262244]
 [ 0.62449464 -0.86220271]
 [ 1.03775502 -2.80276377]]
[[ 0.6087766  -2.23557229]
 [ 0.71216315 -1.81065201]
 [ 0.77016099  1.07497697]
 [ 1.40501995  1.61875126]
 [ 0.66155861  2.20281928]
 [ 0.62472841 -0.86219857]
 [ 1.03806272 -2.80267765]]
[[ 0.60839531 -2.23605481]
 [ 0.7119321  -1.81132945]
 [ 0.76977887  1.07545649]
 [ 1.404829    1.61541384]
 [ 0.66108293  2.20321275]
 [ 0.62519602 -0.86219057]
 [ 1.03867813 -2.80250541]]
[[ 0.60810925 -2.23641644]
 [ 0.71175854 -1.81183727]
 [ 0.76949232  1.07581603]
 [ 1.40468448  1.61291622]
 [ 0.66072617  2.20350766]
 [ 0.62554675 -0.86218477]
 [ 1.03913972 -2.80237608]]
[[ 0.60801388 -2.23653693]
 [ 0.71170064 -1.81200648]
 [ 0.76939681  1.07593585]
 [ 1.40463606  1.6120847 ]
 [ 0.66060726  2.20360594]
 [ 0.62566365 -0.86218287]
 [ 1.03929359 -2.80233293]]
[[ 0.6079185  -2.23665738]
 [ 0.71164271 -1.81217566]
 [ 0.76930129  1.07605566]
 [ 1.40458751  1.61125364]
 [ 0.66048835  2.20370418]
 [ 0.62578055 -0.86218099]
 [ 1.03944748 -2.80228975]]
[[ 0.60782311 -2.23677781]
 [ 0.71158475 -1.81234482]
 [ 0.76920579  1.07617547]
 [ 1.40453885  1.61042317]
 [ 0.66036944  2.20380243]
 [ 0.62589746 -0.86217913]
 [ 1.03960135 -2.80224656]]
[[ 0.6076323  -2.23701862]
 [ 0.71146877 -1.81268307]
 [ 0.76901478  1.07641505]
 [ 1.40444113  1.6087638 ]
 [ 0.66013161  2.20399884]
 [ 0.62613128 -0.86217547]
 [ 1.03990912 -2.80216018]]
[[ 0.60753689 -2.237139  ]
 [ 0.71141075 -1.81285217]
 [ 0.76891928  1.07653483]
 [ 1.40439208  1.60793489]
 [ 0.66001269  2.20409702]
 [ 0.6262482  -0.86217367]
 [ 1.04006301 -2.80211697]]
[[ 0.60744147 -2.23725935]
 [ 0.7113527  -1.81302124]
 [ 0.76882378  1.07665461]
 [ 1.4043429   1.60710655]
 [ 0.65989377  2.20419519]
 [ 0.62636512 -0.8621719 ]
 [ 1.0402169  -2.80207375]]
[[ 0.60734603 -2.23737967]
 [ 0.71129462 -1.81319028]
 [ 0.76872829  1.07677438]
 [ 1.40429361  1.60627873]
 [ 0.65977485  2.20429334]
 [ 0.62648204 -0.86217014]
 [ 1.04037078 -2.80203051]]
[[ 0.60725059 -2.23749997]
 [ 0.71123652 -1.8133593 ]
 [ 0.7686328   1.07689414]
 [ 1.40424419  1.60545145]
 [ 0.65965593  2.20439147]
 [ 0.62659896 -0.8621684 ]
 [ 1.04052468 -2.80198727]]
[[ 0.60715513 -2.23762026]
 [ 0.71117839 -1.81352831]
 [ 0.76853732  1.07701389]
 [ 1.40419464  1.60462472]
 [ 0.659537    2.20448958]
 [ 0.62671589 -0.86216669]
 [ 1.04067857 -2.80194401]]
[[ 0.60705968 -2.23774051]
 [ 0.71112024 -1.81369728]
 [ 0.76844183  1.07713362]
 [ 1.40414497  1.60379846]
 [ 0.65941808  2.20458767]
 [ 0.62683282 -0.86216499]
 [ 1.04083247 -2.80190074]]
[[ 0.60696421 -2.23786074]
 [ 0.71106207 -1.81386623]
 [ 0.76834635  1.07725336]
 [ 1.40409517  1.60297279]
 [ 0.65929916  2.20468575]
 [ 0.62694975 -0.86216331]
 [ 1.04098637 -2.80185745]]
[[ 0.60686873 -2.23798096]
 [ 0.71100387 -1.81403516]
 [ 0.76825087  1.07737309]
 [ 1.40404525  1.60214768]
 [ 0.65918023  2.20478382]
 [ 0.62706669 -0.86216166]
 [ 1.04114027 -2.80181417]]
[[ 0.60677324 -2.23810116]
 [ 0.71094565 -1.81420407]
 [ 0.76815539  1.07749281]
 [ 1.4039952   1.6013231 ]
 [ 0.65906129  2.20488185]
 [ 0.62718363 -0.86216002]
 [ 1.04129417 -2.80177088]]
[[ 0.60667775 -2.23822133]
 [ 0.71088741 -1.81437296]
 [ 0.76805992  1.07761253]
 [ 1.40394503  1.60049907]
 [ 0.65894236  2.20497988]
 [ 0.62730058 -0.86215841]
 [ 1.04144807 -2.80172758]]
[[ 0.60648673 -2.2384616 ]
 [ 0.71077084 -1.81471066]
 [ 0.76786898  1.07785193]
 [ 1.40384432  1.59885263]
 [ 0.6587045   2.20517588]
 [ 0.62753447 -0.86215525]
 [ 1.04175588 -2.80164092]]
[[ 0.6063912  -2.23858172]
 [ 0.71071253 -1.81487949]
 [ 0.76777351  1.07797163]
 [ 1.40379377  1.59803025]
 [ 0.65858555  2.20527385]
 [ 0.62765143 -0.8621537 ]
 [ 1.04190979 -2.80159761]]
[[ 0.60629568 -2.23870182]
 [ 0.71065419 -1.8150483 ]
 [ 0.76767805  1.07809131]
 [ 1.40374309  1.59720839]
 [ 0.65846661  2.2053718 ]
 [ 0.6277684  -0.86215217]
 [ 1.0420637  -2.80155427]]
[[ 0.60620013 -2.23882187]
 [ 0.71059582 -1.81521706]
 [ 0.76758259  1.07821098]
 [ 1.40369231  1.59638707]
 [ 0.65834767  2.20546974]
 [ 0.62788535 -0.86215066]
 [ 1.04221761 -2.8015109 ]]
[[ 0.60591344 -2.23918198]
 [ 0.71042058 -1.8157233 ]
 [ 0.76729623  1.07857001]
 [ 1.40353917  1.59392669]
 [ 0.6579908   2.20576347]
 [ 0.62823629 -0.86214629]
 [ 1.04267933 -2.80138083]]
[[ 0.60572229 -2.23942199]
 [ 0.71030365 -1.81606072]
 [ 0.76710532  1.07880933]
 [ 1.40343643  1.59228923]
 [ 0.65775285  2.20595917]
 [ 0.62847029 -0.86214349]
 [ 1.04298714 -2.80129415]]
[[ 0.60562669 -2.23954195]
 [ 0.71024515 -1.81622939]
 [ 0.76700987  1.07892897]
 [ 1.40338488  1.5914713 ]
 [ 0.65763388  2.20605699]
 [ 0.62858729 -0.86214212]
 [ 1.04314106 -2.80125077]]
[[ 0.60553109 -2.23966186]
 [ 0.71018662 -1.81639801]
 [ 0.76691442  1.0790486 ]
 [ 1.40333322  1.59065385]
 [ 0.65751492  2.2061548 ]
 [ 0.62870427 -0.86214075]
 [ 1.04329498 -2.80120735]]
[[ 0.60524423 -2.24002149]
 [ 0.71001087 -1.81690374]
 [ 0.76662811  1.07940743]
 [ 1.40317751  1.58820485]
 [ 0.65715803  2.20644814]
 [ 0.62905526 -0.8621368 ]
 [ 1.04375676 -2.80107705]]
[[ 0.60514859 -2.24014136]
 [ 0.70995225 -1.81707231]
 [ 0.76653268  1.07952705]
 [ 1.40312534  1.58738978]
 [ 0.65703904  2.20654588]
 [ 0.62917228 -0.86213554]
 [ 1.04391067 -2.80103364]]
[[ 0.6048616  -2.24050082]
 [ 0.70977624 -1.81757788]
 [ 0.7662464   1.07988587]
 [ 1.40296811  1.58494792]
 [ 0.65668206  2.20683902]
 [ 0.62952338 -0.86213189]
 [ 1.04437241 -2.80090335]]
[[ 0.60476593 -2.24062057]
 [ 0.70971751 -1.81774633]
 [ 0.76615098  1.08000544]
 [ 1.40291547  1.58413496]
 [ 0.65656308  2.2069367 ]
 [ 0.6296404  -0.8621307 ]
 [ 1.04452634 -2.80085984]]
[[ 0.60467024 -2.24074028]
 [ 0.70965875 -1.81791473]
 [ 0.76605557  1.080125  ]
 [ 1.40286272  1.58332252]
 [ 0.65644411  2.20703437]
 [ 0.6297574  -0.86212952]
 [ 1.04468028 -2.80081631]]
[[ 0.60457455 -2.24085997]
 [ 0.70959997 -1.81808312]
 [ 0.76596016  1.08024455]
 [ 1.40280984  1.58251062]
 [ 0.65632515  2.20713201]
 [ 0.62987442 -0.86212837]
 [ 1.04483422 -2.80077278]]
[[ 0.60447885 -2.24097965]
 [ 0.70954118 -1.81825148]
 [ 0.76586474  1.08036409]
 [ 1.40275684  1.58169925]
 [ 0.65620617  2.20722963]
 [ 0.62999143 -0.86212723]
 [ 1.04498817 -2.80072924]]
[[ 0.60438314 -2.2410993 ]
 [ 0.70948235 -1.81841983]
 [ 0.76576934  1.08048363]
 [ 1.40270372  1.58088854]
 [ 0.65608719  2.20732724]
 [ 0.63010846 -0.86212612]
 [ 1.04514211 -2.80068569]]
[[ 0.60428742 -2.24121894]
 [ 0.7094235  -1.81858816]
 [ 0.76567393  1.08060316]
 [ 1.40265047  1.58007832]
 [ 0.65596821  2.20742483]
 [ 0.63022549 -0.86212503]
 [ 1.04529606 -2.80064213]]
[[ 0.60419169 -2.24133855]
 [ 0.70936463 -1.81875646]
 [ 0.76557852  1.08072268]
 [ 1.4025971   1.57926869]
 [ 0.65584923  2.20752239]
 [ 0.63034252 -0.86212396]
 [ 1.04545001 -2.80059857]]
[[ 0.60400021 -2.2415777 ]
 [ 0.70924681 -1.81909298]
 [ 0.76538773  1.0809617 ]
 [ 1.40249001  1.57765109]
 [ 0.65561127  2.20771749]
 [ 0.63057658 -0.86212188]
 [ 1.04575791 -2.80051139]]
[[ 0.60371294 -2.24193638]
 [ 0.70906995 -1.81959772]
 [ 0.76510152  1.08132022]
 [ 1.40232839  1.57522924]
 [ 0.65525423  2.20800996]
 [ 0.63092778 -0.86211896]
 [ 1.04621975 -2.80038073]]
[[ 0.60332977 -2.24241428]
 [ 0.70883378 -1.82027034]
 [ 0.76471997  1.08179813]
 [ 1.40211125  1.57200801]
 [ 0.65477818  2.20839971]
 [ 0.63139607 -0.86211536]
 [ 1.04683556 -2.80020632]]
[[ 0.60323395 -2.24253367]
 [ 0.70877466 -1.82043841]
 [ 0.7646246   1.08191758]
 [ 1.40205668  1.57120404]
 [ 0.65465919  2.20849711]
 [ 0.63151313 -0.8621145 ]
 [ 1.04698952 -2.80016264]]
[[ 0.6030423  -2.24277242]
 [ 0.70865638 -1.82077451]
 [ 0.76443384  1.08215646]
 [ 1.40194715  1.56959784]
 [ 0.65442117  2.20869184]
 [ 0.63174728 -0.86211285]
 [ 1.04729746 -2.80007531]]
[[ 0.60294646 -2.24289178]
 [ 0.7085972  -1.82094254]
 [ 0.76433847  1.0822759 ]
 [ 1.40189221  1.56879571]
 [ 0.65430214  2.20878918]
 [ 0.63186437 -0.86211206]
 [ 1.04745141 -2.80003165]]
[[ 0.60275474 -2.24313038]
 [ 0.70847875 -1.82127849]
 [ 0.76414775  1.08251474]
 [ 1.40178199  1.56719296]
 [ 0.65406413  2.20898383]
 [ 0.63209852 -0.86211054]
 [ 1.04775935 -2.7999442 ]]
[[ 0.60265888 -2.24324967]
 [ 0.70841951 -1.82144645]
 [ 0.76405238  1.08263415]
 [ 1.40172668  1.56639248]
 [ 0.6539451   2.20908111]
 [ 0.63221562 -0.86210981]
 [ 1.04791333 -2.79990052]]
[[ 0.602563   -2.24336892]
 [ 0.70836023 -1.82161437]
 [ 0.76395703  1.08275356]
 [ 1.40167127  1.56559257]
 [ 0.65382609  2.2091784 ]
 [ 0.63233271 -0.8621091 ]
 [ 1.04806729 -2.79985678]]
[[ 0.60246711 -2.24348814]
 [ 0.70830093 -1.82178226]
 [ 0.76386167  1.08287294]
 [ 1.40161574  1.56479317]
 [ 0.65370707  2.20927566]
 [ 0.6324498  -0.86210841]
 [ 1.04822128 -2.79981302]]
[[ 0.60227532 -2.24372653]
 [ 0.70818225 -1.82211797]
 [ 0.76367097  1.0831117 ]
 [ 1.40150432  1.56319612]
 [ 0.65346904  2.20947012]
 [ 0.63268398 -0.86210709]
 [ 1.04852924 -2.79972548]]
[[ 0.60217941 -2.24384569]
 [ 0.70812287 -1.82228579]
 [ 0.76357562  1.08323107]
 [ 1.40144844  1.56239845]
 [ 0.65335002  2.20956733]
 [ 0.63280108 -0.86210646]
 [ 1.04868323 -2.7996817 ]]
[[ 0.60208349 -2.24396482]
 [ 0.70806347 -1.82245359]
 [ 0.76348028  1.08335043]
 [ 1.40139243  1.56160136]
 [ 0.65323101  2.20966452]
 [ 0.63291817 -0.86210585]
 [ 1.04883722 -2.7996379 ]]
[[ 0.60198756 -2.24408394]
 [ 0.70800405 -1.82262136]
 [ 0.76338494  1.08346978]
 [ 1.40133631  1.56080486]
 [ 0.65311199  2.20976169]
 [ 0.63303528 -0.86210527]
 [ 1.0489912  -2.79959409]]
[[ 0.60189163 -2.24420304]
 [ 0.70794461 -1.82278912]
 [ 0.7632896   1.08358912]
 [ 1.40128007  1.56000892]
 [ 0.65299296  2.20985884]
 [ 0.63315239 -0.8621047 ]
 [ 1.0491452  -2.79955028]]
[[ 0.60179568 -2.24432211]
 [ 0.70788514 -1.82295685]
 [ 0.76319426  1.08370846]
 [ 1.40122371  1.55921356]
 [ 0.65287394  2.20995597]
 [ 0.6332695  -0.86210416]
 [ 1.04929919 -2.79950646]]
[[ 0.60169973 -2.24444116]
 [ 0.70782565 -1.82312456]
 [ 0.76309893  1.08382779]
 [ 1.40116723  1.55841878]
 [ 0.65275491  2.21005309]
 [ 0.63338661 -0.86210363]
 [ 1.04945319 -2.79946262]]
[[ 0.60160377 -2.2445602 ]
 [ 0.70776613 -1.82329224]
 [ 0.7630036   1.08394711]
 [ 1.40111063  1.5576246 ]
 [ 0.65263588  2.2101502 ]
 [ 0.63350372 -0.86210313]
 [ 1.04960718 -2.79941878]]
[[ 0.6015078  -2.2446792 ]
 [ 0.70770659 -1.8234599 ]
 [ 0.76290827  1.08406643]
 [ 1.40105392  1.55683097]
 [ 0.65251685  2.21024728]
 [ 0.63362084 -0.86210265]
 [ 1.04976118 -2.79937491]]
[[ 0