[[ 0.67195849 -2.14694791]
 [ 0.74576522 -1.68899319]
 [ 0.83661472  0.99038423]
 [ 1.40392258  2.23976818]
 [ 0.74295597  2.13057352]
 [ 0.54504343 -0.86814969]
 [ 0.93258663 -2.83016269]]
[[ 0.67178332 -2.14722188]
 [ 0.74568663 -1.68935927]
 [ 0.83641996  0.99063613]
 [ 1.40402408  2.23809381]
 [ 0.74272148  2.13079684]
 [ 0.54527209 -0.86812018]
 [ 0.93289108 -2.8300888 ]]
[[ 0.67169572 -2.14735883]
 [ 0.74564729 -1.68954228]
 [ 0.83632259  0.99076206]
 [ 1.40407464  2.23725584]
 [ 0.74260424  2.13090846]
 [ 0.54538642 -0.86810544]
 [ 0.93304331 -2.83005185]]
[[ 0.6716081  -2.14749576]
 [ 0.74560792 -1.68972527]
 [ 0.83622522  0.99088798]
 [ 1.40412507  2.23641736]
 [ 0.74248699  2.13102006]
 [ 0.54550075 -0.86809073]
 [ 0.93319554 -2.83001489]]
[[ 0.67143283 -2.14776953]
 [ 0.7455291  -1.69009122]
 [ 0.83603049  0.99113979]
 [ 1.40422553  2.23473886]
 [ 0.74225248  2.13124321]
 [ 0.54572944 -0.86806134]
 [ 0.93350001 -2.82994094]]
[[ 0.67134517 -2.14790638]
 [ 0.74548964 -1.69027416]
 [ 0.83593313  0.99126568]
 [ 1.40427557  2.23389883]
 [ 0.74213523  2.13135475]
 [ 0.54584379 -0.86804667]
 [ 0.93365225 -2.82990395]]
