[[ 0.59686044 -0.85717674]
 [ 0.74171673  2.61015801]
 [ 0.30464914  1.62546375]
 [ 0.26512402 -3.09612515]
 [ 0.7788952   0.84472323]
 [ 0.24845383 -2.41425685]
 [ 1.16956288 -1.46574066]
 [ 1.32058856  0.49932525]]
[[ 0.59708298 -0.8572928 ]
 [ 0.74197572  2.60996806]
 [ 0.30447416  1.62565702]
 [ 0.2653748  -3.09616469]
 [ 0.09539062 -2.69172113]
 [ 0.77864943  0.84479134]
 [ 0.24825557 -2.41442346]
 [ 1.16966218 -1.46641562]
 [ 1.32030187  0.49951162]]
[[ 0.59730545 -0.85740898]
 [ 0.7422347   2.60977809]
 [ 0.3042992   1.62585032]
 [ 0.26562558 -3.09620414]
 [ 0.09520828 -2.69187313]
 [ 0.77840371  0.84485951]
 [ 0.24805725 -2.41458999]
 [ 1.16976119 -1.46709102]
 [ 1.32001524  0.49969772]]
[[ 0.59741672 -0.85746712]
 [ 0.74236419  2.609683  ]
 [ 0.3042117   1.62594694]
 [ 0.26575099 -3.0962239 ]
 [ 0.09511714 -2.69194916]
 [ 0.77828083  0.84489362]
 [ 0.24795814 -2.41467328]
 [ 1.16981066 -1.46742887]
 [ 1.31987191  0.49979082]]
[[ 0.59763926 -0.85758348]
 [ 0.74262317  2.60949265]
 [ 0.3040367   1.62614012]
 [ 0.2660019  -3.09626345]
 [ 0.77803508  0.84496186]
 [ 0.24775998 -2.41483988]
 [ 1.16990949 -1.46810482]
 [ 1.31958522  0.49997696]]
[[ 0.59786174 -0.85769998]
 [ 0.74288212  2.60930225]
 [ 0.30386171  1.62633332]
 [ 0.26625278 -3.09630294]
 [ 0.77778937  0.84503018]
 [ 0.24756177 -2.41500642]
 [ 1.17000805 -1.46878124]
 [ 1.3192986   0.50016289]]
[[ 0.5980842  -0.85781659]
 [ 0.74314105  2.60911175]
 [ 0.30368672  1.62652651]
 [ 0.26650369 -3.0963424 ]
 [ 0.77754368  0.84509855]
 [ 0.24736358 -2.41517294]
 [ 1.17010639 -1.46945806]
 [ 1.31901199  0.50034867]]
[[ 0.59841785 -0.85799175]
 [ 0.74352944  2.60882578]
 [ 0.30342424  1.62681627]
 [ 0.26688011 -3.09640155]
 [ 0.7771752   0.84520124]
 [ 0.2470663  -2.41542266]
 [ 1.17025348 -1.47047408]
 [ 1.31858213  0.50062705]]
[[ 0.59864025 -0.85810869]
 [ 0.74378835  2.60863502]
 [ 0.30324928  1.62700944]
 [ 0.26713108 -3.09644094]
 [ 0.77692959  0.84526977]
 [ 0.24686811 -2.4155891 ]
 [ 1.17035125 -1.47115195]
 [ 1.31829559  0.50081244]]
[[ 0.59875144 -0.8581672 ]
 [ 0.7439178   2.60853959]
 [ 0.3031618   1.62710602]
 [ 0.26725658 -3.09646063]
 [ 0.77680679  0.84530406]
 [ 0.24676902 -2.41567231]
 [ 1.17040005 -1.47149103]
 [ 1.31815233  0.50090507]]
[[ 0.59919614 -0.85840155]
 [ 0.74443557  2.60815759]
 [ 0.30281187  1.62749229]
 [ 0.26775865 -3.09653933]
 [ 0.77631566  0.84544136]
 [ 0.24637271 -2.4160051 ]
 [ 1.17059472 -1.47284838]
 [ 1.31757933  0.50127525]]
[[ 0.59941848 -0.85851892]
 [ 0.74469444  2.60796637]
 [ 0.30263689  1.62768538]
 [ 0.26800973 -3.09657868]
 [ 0.7760701   0.8455101 ]
 [ 0.24617458 -2.41617149]
 [ 1.17069175 -1.47352767]
 [ 1.31729285  0.5014602 ]]
