[[ 0.14796934  2.49619557]
 [ 0.50124006 -0.81845117]
 [ 0.33319177 -2.34131649]
 [ 0.88494937  0.82215737]
 [ 0.37892565  1.54221251]
 [ 0.63137111  2.68147674]
 [ 1.11068131 -1.22110145]
 [ 1.44367106  0.39366261]]
[[ 0.14691394  2.49658069]
 [ 0.50226631 -0.81876097]
 [ 0.33228624 -2.34212088]
 [ 0.16248713 -3.07772609]
 [ 0.88380258  0.82232242]
 [ 0.37813412  1.54311153]
 [ 0.63254568  2.68080078]
 [ 1.11145637 -1.22325528]
 [ 1.44234892  0.39535459]]
[[ 0.14679668  2.49662344]
 [ 0.50238033 -0.81879552]
 [ 0.33218561 -2.34221021]
 [ 0.16260663 -3.0777504 ]
 [ 0.88367519  0.82234088]
 [ 0.37804618  1.54321141]
 [ 0.63267618  2.68072559]
 [ 1.11154232 -1.22349519]
 [ 1.44220203  0.39554108]]
[[ 0.14667942  2.49666616]
 [ 0.50249435 -0.81883009]
 [ 0.332085   -2.34229953]
 [ 0.16272616 -3.07777472]
 [ 0.8835478   0.82235935]
 [ 0.37795824  1.54331128]
 [ 0.63280669  2.68065037]
 [ 1.11162824 -1.22373521]
 [ 1.44205515  0.39572728]]
[[ 0.14644491  2.49675159]
 [ 0.50272237 -0.81889932]
 [ 0.33188377 -2.34247814]
 [ 0.16296522 -3.07782333]
 [ 0.88329303  0.82239637]
 [ 0.37778236  1.54351101]
 [ 0.63306771  2.68049989]
 [ 1.11179998 -1.2242156 ]
 [ 1.44176138  0.39609878]]
[[ 0.14632766  2.49679429]
 [ 0.50283639 -0.81893397]
 [ 0.33178315 -2.34256744]
 [ 0.16308476 -3.07784763]
 [ 0.88316566  0.82241492]
 [ 0.37769442  1.54361088]
 [ 0.63319822  2.68042462]
 [ 1.1118858  -1.22445596]
 [ 1.4416145   0.39628409]]
[[ 0.1462104   2.49683699]
 [ 0.5029504  -0.81896865]
 [ 0.33168252 -2.34265672]
 [ 0.16320429 -3.07787191]
 [ 0.88303831  0.8224335 ]
 [ 0.37760648  1.54371074]
 [ 0.63332872  2.68034935]
 [ 1.11197159 -1.22469648]
 [ 1.44146764  0.39646911]]
[[ 0.14609316  2.49687966]
 [ 0.50306441 -0.81900335]
 [ 0.33158191 -2.342746  ]
 [ 0.16332385 -3.0778962 ]
 [ 0.88291094  0.82245209]
 [ 0.37751854  1.5438106 ]
 [ 0.63345923  2.68027404]
 [ 1.11205735 -1.22493707]
 [ 1.44132077  0.39665384]]
[[ 0.14585868  2.49696498]
 [ 0.50329242 -0.81907282]
 [ 0.3313807  -2.34292453]
 [ 0.16356299 -3.07794475]
 [ 0.88265623  0.82248933]
 [ 0.37734267  1.54401029]
 [ 0.63372026  2.68012336]
 [ 1.11222876 -1.22541861]
 [ 1.44102702  0.39702242]]
[[ 0.14574143  2.49700763]
 [ 0.50340643 -0.8191076 ]
 [ 0.33128007 -2.34301378]
 [ 0.16368256 -3.07796901]
 [ 0.88252889  0.82250799]
 [ 0.37725474  1.54411014]
 [ 0.63385076  2.68004801]
 [ 1.11231442 -1.22565958]
 [ 1.44088016  0.39720627]]
[[ 0.14562419  2.49705027]
 [ 0.50352043 -0.8191424 ]
 [ 0.33117946 -2.34310302]
 [ 0.16380214 -3.07799327]
 [ 0.88240155  0.82252667]
 [ 0.3771668   1.54420998]
 [ 0.63398127  2.67997264]
 [ 1.11240004 -1.22590066]
 [ 1.4407333   0.39738983]]
[[ 0.14538973  2.4971355 ]
 [ 0.50374842 -0.81921207]
 [ 0.33097824 -2.34328147]
 [ 0.16404134 -3.07804178]
 [ 0.88214687  0.82256409]
 [ 0.37699093  1.54440964]
 [ 0.63424231  2.67982182]
 [ 1.11257119 -1.22638313]
 [ 1.44043958  0.3977561 ]]
[[ 0.1452725   2.4971781 ]
 [ 0.50386242 -0.81924694]
 [ 0.33087764 -2.34337069]
 [ 0.16416095 -3.07806602]
 [ 0.88201954  0.82258283]
 [ 0.376903    1.54450946]
 [ 0.63437282  2.67974638]
 [ 1.11265671 -1.22662453]
 [ 1.44029272  0.39793879]]
[[ 0.14515527  2.4972207 ]
 [ 0.50397641 -0.81928185]
 [ 0.33077702 -2.34345989]
 [ 0.16428056 -3.07809025]
 [ 0.88189222  0.82260161]
 [ 0.37681507  1.54460929]
 [ 0.63450334  2.67967093]
 [ 1.1127422  -1.22686608]
 [ 1.44014587  0.39812121]]
[[ 0.14503804  2.49726328]
 [ 0.5040904  -0.81931677]
 [ 0.33067641 -2.34354909]
 [ 0.16440017 -3.07811448]
 [ 0.88176491  0.8226204 ]
 [ 0.37672714  1.54470911]
 [ 0.63463385  2.67959547]
 [ 1.11282766 -1.22710773]
 [ 1.43999902  0.39830334]]
[[ 0.14480359  2.49734841]
 [ 0.50431838 -0.8193867 ]
 [ 0.33047519 -2.34372745]
 [ 0.16463944 -3.07816292]
 [ 0.88151029  0.82265804]
 [ 0.37655128  1.54490874]
 [ 0.63489489  2.67944446]
 [ 1.11299848 -1.22759137]
 [ 1.43970532  0.39866676]]
[[ 0.14468637  2.49739096]
 [ 0.50443237 -0.8194217 ]
 [ 0.33037458 -2.34381662]
 [ 0.16475907 -3.07818713]
 [ 0.88138299  0.82267691]
 [ 0.37646335  1.54500855]
 [ 0.6350254   2.67936894]
 [ 1.11308384 -1.22783339]
 [ 1.43955849  0.39884807]]
[[ 0.14445192  2.49747604]
 [ 0.50466035 -0.81949179]
 [ 0.33017335 -2.34399493]
 [ 0.16499836 -3.07823552]
 [ 0.88112842  0.82271471]
 [ 0.3762875   1.54520817]
 [ 0.63528642  2.67921785]
 [ 1.11325445 -1.22831778]
 [ 1.43926483  0.39920983]]
[[ 0.1443347   2.49751856]
 [ 0.50477433 -0.81952687]
 [ 0.33007274 -2.34408408]
 [ 0.16511802 -3.07825972]
 [ 0.88100114  0.82273364]
 [ 0.37619958  1.54530797]
 [ 0.63541693  2.67914227]
 [ 1.11333971 -1.22856013]
 [ 1.439118    0.3993903 ]]
[[ 0.14421749  2.49756107]
 [ 0.50488831 -0.81956197]
 [ 0.32997213 -2.34417321]
 [ 0.16523769 -3.0782839 ]
 [ 0.88087386  0.82275259]
 [ 0.37611165  1.54540777]
 [ 0.63554745  2.67906667]
 [ 1.11342494 -1.22880261]
 [ 1.43897117  0.39957048]]
[[ 0.14398306  2.49764605]
 [ 0.50511627 -0.81963226]
 [ 0.32977092 -2.34435146]
 [ 0.16547705 -3.07833226]
 [ 0.88061931  0.82279056]
 [ 0.3759358   1.54560735]
 [ 0.63580848  2.67891541]
 [ 1.11359529 -1.22928791]
 [ 1.43867752  0.39993005]]
