[[ 0.64678213 -0.88684725]
 [ 0.80007712  2.56375744]
 [ 0.7236885   0.86167386]
 [ 1.18621006 -1.62837522]
 [ 1.25606481  0.53888079]]
[[ 0.64721591 -0.88713953]
 [ 0.80058655  2.56331693]
 [ 0.72320739  0.86183578]
 [ 1.18630125 -1.62987855]
 [ 1.25550145  0.53921072]]
[[ 0.64732434 -0.8872127 ]
 [ 0.80071387  2.56320671]
 [ 0.72308713  0.8618763 ]
 [ 1.1863239  -1.63025458]
 [ 1.25536064  0.5392932 ]]
[[ 0.64743277 -0.88728591]
 [ 0.80084119  2.56309645]
 [ 0.72296688  0.86191684]
 [ 1.18634648 -1.63063067]
 [ 1.25521984  0.53937567]]
[[ 0.6476496  -0.88743243]
 [ 0.80109581  2.56287583]
 [ 0.7227264   0.86199795]
 [ 1.18639145 -1.631383  ]
 [ 1.25493824  0.53954054]]
[[ 0.64775801 -0.88750574]
 [ 0.80122311  2.56276546]
 [ 0.72260617  0.86203852]
 [ 1.18641384 -1.63175928]
 [ 1.25479746  0.53962297]]
[[ 0.64786642 -0.88757909]
 [ 0.8013504   2.56265506]
 [ 0.72248594  0.86207912]
 [ 1.18643616 -1.63213561]
 [ 1.25465668  0.53970539]]
[[ 0.6479748  -0.88765247]
 [ 0.80147769  2.56254462]
 [ 0.72236572  0.86211972]
 [ 1.18645842 -1.63251199]
 [ 1.2545159   0.53978777]]
[[ 0.64808319 -0.88772588]
 [ 0.80160497  2.56243414]
 [ 0.72224551  0.86216033]
 [ 1.18648062 -1.63288842]
 [ 1.25437513  0.53987013]]
[[ 0.64819157 -0.88779934]
 [ 0.80173224  2.56232361]
 [ 0.72212529  0.86220096]
 [ 1.18650277 -1.63326492]
 [ 1.25423436  0.53995251]]
[[ 0.6484083  -0.88794635]
 [ 0.80198677  2.56210247]
 [ 0.7218849   0.86228226]
 [ 1.18654684 -1.63401811]
 [ 1.25395285  0.54011719]]
[[ 0.64851665 -0.88801991]
 [ 0.80211403  2.56199184]
 [ 0.72176471  0.86232292]
 [ 1.18656879 -1.63439478]
 [ 1.25381211  0.5401995 ]]
[[ 0.648625   -0.8880935 ]
 [ 0.80224127  2.56188117]
 [ 0.72164452  0.8623636 ]
 [ 1.18659067 -1.63477153]
 [ 1.25367137  0.54028182]]
[[ 0.64873335 -0.88816713]
 [ 0.80236851  2.56177045]
 [ 0.72152434  0.8624043 ]
 [ 1.1866125  -1.63514832]
 [ 1.25353063  0.54036412]]
[[ 0.64884167 -0.88824079]
 [ 0.80249576  2.56165971]
 [ 0.72140416  0.86244499]
 [ 1.18663425 -1.63552514]
 [ 1.25338989  0.54044637]]
[[ 0.64905832 -0.88838822]
 [ 0.8027502   2.56143811]
 [ 0.72116383  0.86252645]
 [ 1.18667757 -1.63627904]
 [ 1.25310846  0.5406109 ]]
[[ 0.64949149 -0.88868348]
 [ 0.80325906  2.5609944 ]
 [ 0.7206832   0.86268947]
 [ 1.18676347 -1.63778734]
 [ 1.25254559  0.54093968]]
[[ 0.64959976 -0.88875737]
 [ 0.80338627  2.56088336]
 [ 0.72056305  0.86273024]
 [ 1.18678479 -1.63816453]
 [ 1.25240488  0.54102183]]
[[ 0.64970802 -0.8888313 ]
 [ 0.80351347  2.56077231]
 [ 0.72044291  0.86277104]
 [ 1.18680604 -1.63854178]
 [ 1.25226418  0.54110394]]
[[ 0.64992451 -0.88897925]
 [ 0.80376787  2.56055003]
 [ 0.72020261  0.86285264]
 [ 1.18684836 -1.63929639]
 [ 1.25198276  0.54126813]]
[[ 0.65014099 -0.88912737]
 [ 0.80402221  2.56032765]
 [ 0.71996239  0.86293433]
 [ 1.18689041 -1.64005134]
 [ 1.25170142  0.54143232]]
[[ 0.65035743 -0.88927564]
 [ 0.80427653  2.56010515]
 [ 0.71972219  0.86301607]
 [ 1.1869322  -1.64080651]
 [ 1.2514201   0.54159643]]
[[ 0.65057384 -0.88942404]
 [ 0.80453081  2.55988247]
 [ 0.71948201  0.86309787]
 [ 1.18697374 -1.6415619 ]
 [ 1.2511388   0.54176049]]
[[ 0.65079022 -0.88957257]
 [ 0.8047851   2.5596596 ]
 [ 0.71924182  0.86317969]
 [ 1.18701504 -1.64231745]
 [ 1.25085749  0.54192448]]
[[ 0.6508984  -0.88964688]
 [ 0.80491223  2.55954809]
 [ 0.71912173  0.86322061]
 [ 1.18703561 -1.64269529]
 [ 1.25071684  0.54200646]]
[[ 0.65100656 -0.88972122]
 [ 0.80503936  2.55943655]
 [ 0.71900164  0.86326154]
 [ 1.1870561  -1.64307316]
 [ 1.25057618  0.54208839]]
[[ 0.65111472 -0.8897956 ]
 [ 0.80516649  2.55932497]
 [ 0.71888156  0.86330249]
 [ 1.18707653 -1.64345111]
 [ 1.25043554  0.54217032]]
[[ 0.65122287 -0.88987002]
 [ 0.8052936   2.55921336]
 [ 0.71876149  0.86334346]
 [ 1.1870969  -1.64382913]
 [ 1.25029491  0.54225226]]
[[ 0.65165539 -0.89016806]
 [ 0.80580198  2.55876659]
 [ 0.7182813   0.86350746]
 [ 1.18717769 -1.64534174]
 [ 1.24973247  0.54257978]]
[[ 0.65197963 -0.89039219]
 [ 0.80618308  2.558432  ]
 [ 0.71792172  0.8636309 ]
 [ 1.18723717 -1.64647745]
 [ 1.24931124  0.54282512]]
[[ 0.65208765 -0.89046696]
 [ 0.80631016  2.5583205 ]
 [ 0.71780193  0.86367206]
 [ 1.18725681 -1.64685604]
 [ 1.24917088  0.54290671]]
[[ 0.6521957  -0.89054173]
 [ 0.80643725  2.55820876]
 [ 0.71768204  0.86371318]
 [ 1.18727649 -1.64723458]
 [ 1.24903041  0.54298837]]
[[ 0.65230377 -0.89061648]
 [ 0.80656431  2.55809673]
 [ 0.717562    0.86375425]
 [ 1.18729624 -1.64761307]
 [ 1.2488898   0.54307013]]
[[ 0.65241182 -0.89069128]
 [ 0.80669137  2.55798471]
 [ 0.717442    0.86379535]
 [ 1.18731589 -1.64799164]
 [ 1.24874924  0.54315187]]
[[ 0.65251987 -0.89076612]
 [ 0.80681841  2.55787266]
 [ 0.71732201  0.86383647]
 [ 1.18733547 -1.64837028]
 [ 1.24860868  0.5432336 ]]
[[ 0.65262792 -0.890841  ]
 [ 0.80694544  2.55776057]
 [ 0.71720202  0.8638776 ]
 [ 1.187355   -1.64874898]
 [ 1.24846812  0.54331532]]
[[ 0.65284397 -0.89099085]
 [ 0.80719951  2.55753626]
 [ 0.71696205  0.86395988]
 [ 1.18739386 -1.64950649]
 [ 1.24818702  0.54347869]]
[[ 0.65295198 -0.89106583]
 [ 0.80732653  2.55742405]
 [ 0.71684208  0.86400105]
 [ 1.18741318 -1.64988532]
 [ 1.24804648  0.54356035]]
[[ 0.65306    -0.89114085]
 [ 0.80745354  2.55731181]
 [ 0.71672212  0.86404223]
 [ 1.18743245 -1.65026422]
 [ 1.24790595  0.54364201]]
[[ 0.65316799 -0.89121589]
 [ 0.80758055  2.55719952]
 [ 0.71660215  0.86408341]
 [ 1.18745165 -1.65064315]
 [ 1.24776542  0.54372364]]
[[ 0.65338399 -0.89136612]
 [ 0.80783452  2.55697482]
 [ 0.71636225  0.86416584]
 [ 1.18748988 -1.65140126]
 [ 1.2474844   0.54388694]]
[[ 0.65349197 -0.89144128]
 [ 0.80796151  2.55686243]
 [ 0.71624232  0.86420707]
 [ 1.18750889 -1.65178036]
 [ 1.24734389  0.54396853]]
[[ 0.65359994 -0.89151647]
 [ 0.80808849  2.55674999]
 [ 0.71612238  0.86424831]
 [ 1.18752784 -1.65215952]
 [ 1.24720339  0.54405013]]
[[ 0.6537079  -0.8915917 ]
 [ 0.80821546  2.55663751]
 [ 0.71600245  0.86428957]
 [ 1.18754672 -1.65253874]
 [ 1.24706289  0.54413171]]
[[ 0.65381585 -0.89166697]
 [ 0.80834243  2.556525  ]
 [ 0.71588253  0.86433084]
 [ 1.18756553 -1.65291799]
 [ 1.2469224   0.54421326]]
[[ 0.6539238  -0.89174227]
 [ 0.80846939  2.55641245]
 [ 0.71576261  0.86437211]
 [ 1.18758428 -1.6532973 ]
 [ 1.24678192  0.5442948 ]]
[[ 0.65403173 -0.8918176 ]
 [ 0.80859634  2.55629985]
 [ 0.71564269  0.8644134 ]
 [ 1.18760298 -1.65367664]
 [ 1.24664143  0.54437632]]
[[ 0.65413966 -0.89189297]
 [ 0.80872329  2.55618722]
 [ 0.71552279  0.86445471]
 [ 1.1876216  -1.65405606]
 [ 1.24650096  0.54445785]]
[[ 0.65424758 -0.89196838]
 [ 0.80885023  2.55607455]
 [ 0.71540288  0.86449602]
 [ 1.18764016 -1.65443551]
 [ 1.24636049  0.54453934]]
[[ 0.6544634  -0.8921193 ]
 [ 0.80910408  2.5558491 ]
 [ 0.7151631   0.8645787 ]
 [ 1.18767709 -1.6551946 ]
 [ 1.24607958  0.54470232]]
[[ 0.65467923 -0.8922704 ]
 [ 0.80935786  2.55562349]
 [ 0.71492335  0.86466146]
 [ 1.18771378 -1.65595402]
 [ 1.24579871  0.54486536]]
[[ 0.65478713 -0.892346  ]
 [ 0.80948475  2.55551063]
 [ 0.71480349  0.86470285]
 [ 1.18773202 -1.6563338 ]
 [ 1.24565829  0.54494684]]
[[ 0.65489504 -0.89242165]
 [ 0.80961161  2.55539771]
 [ 0.71468363  0.86474427]
 [ 1.18775022 -1.65671366]
 [ 1.24551787  0.54502835]]
[[ 0.65511083 -0.89257305]
 [ 0.80986531  2.55517179]
 [ 0.71444394  0.86482715]
 [ 1.1877864  -1.65747356]
 [ 1.24523708  0.54519135]]
[[ 0.65521871 -0.89264881]
 [ 0.80999215  2.55505877]
 [ 0.7143241   0.86486861]
 [ 1.18780439 -1.65785358]
 [ 1.24509669  0.54527282]]
[[ 0.65543444 -0.89280041]
 [ 0.81024583  2.55483262]
 [ 0.71408444  0.86495155]
 [ 1.18784018 -1.65861372]
 [ 1.24481591  0.54543568]]
[[ 0.65543444 -0.89280041]
 [ 0.81024583  2.55483262]
 [ 0.71408444  0.86495155]
 [ 1.18784018 -1.65861372]
 [ 1.24481591  0.54543568]]
[[ 0.65554229 -0.89287627]
 [ 0.81037266  2.55471948]
 [ 0.71396462  0.86499304]
 [ 1.18785799 -1.6589939 ]
 [ 1.24467554  0.54551712]]
[[ 0.65575798 -0.89302809]
 [ 0.81062629  2.55449309]
 [ 0.713725    0.86507606]
 [ 1.18789339 -1.65975435]
 [ 1.2443948   0.54567991]]
[[ 0.6558658  -0.89310406]
 [ 0.8107531   2.55437984]
 [ 0.7136052   0.86511759]
 [ 1.187911   -1.66013465]
 [ 1.24425444  0.54576129]]
[[ 0.65597362 -0.89318006]
 [ 0.8108799   2.55426657]
 [ 0.71348541  0.86515914]
 [ 1.18792853 -1.66051499]
 [ 1.24411409  0.54584264]]
[[ 0.65608144 -0.8932561 ]
 [ 0.81100669  2.55415324]
 [ 0.71336562  0.86520069]
 [ 1.18794601 -1.6608954 ]
 [ 1.24397375  0.545924  ]]
[[ 0.65618925 -0.89333218]
 [ 0.81113347  2.55403988]
 [ 0.71324584  0.86524227]
 [ 1.18796342 -1.66127587]
 [ 1.24383342  0.54600535]]
[[ 0.65662038 -0.89363682]
 [ 0.81164055  2.55358603]
 [ 0.71276676  0.86540866]
 [ 1.18803241 -1.66279811]
 [ 1.24327211  0.54633054]]
[[ 0.65672812 -0.89371305]
 [ 0.81176733  2.55347246]
 [ 0.71264699  0.86545027]
 [ 1.1880495  -1.66317872]
 [ 1.24313178  0.54641175]]
[[ 0.65715903 -0.89401836]
 [ 0.81227434  2.55301782]
 [ 0.712168    0.86561686]
 [ 1.18811719 -1.66470173]
 [ 1.24257054  0.54673655]]
[[ 0.65726675 -0.89409478]
 [ 0.81240106  2.55290405]
 [ 0.71204827  0.86565855]
 [ 1.18813396 -1.66508263]
 [ 1.24243025  0.54681774]]
[[ 0.65769756 -0.89440084]
 [ 0.81290788  2.55244857]
 [ 0.71156939  0.86582541]
 [ 1.1882004  -1.66660671]
 [ 1.24186914  0.54714242]]
[[ 0.65780523 -0.89447744]
 [ 0.81303457  2.55233461]
 [ 0.71144968  0.86586716]
 [ 1.18821684 -1.66698784]
 [ 1.24172887  0.54722354]]
[[ 0.65791288 -0.89455406]
 [ 0.81316128  2.55222061]
 [ 0.71132998  0.8659089 ]
 [ 1.18823322 -1.66736895]
 [ 1.2415886   0.5473046 ]]
[[ 0.65802054 -0.89463073]
 [ 0.81328796  2.55210657]
 [ 0.71121029  0.86595067]
 [ 1.18824953 -1.66775017]
 [ 1.24144835  0.5473857 ]]
[[ 0.65812818 -0.89470742]
 [ 0.81341465  2.55199248]
 [ 0.71109059  0.86599244]
 [ 1.18826578 -1.66813137]
 [ 1.24130809  0.54746674]]
[[ 0.65855869 -0.8950146 ]
 [ 0.81392129  2.55153578]
 [ 0.7106119   0.86615969]
 [ 1.18833012 -1.66965681]
 [ 1.24074715  0.54779089]]
[[ 0.65866628 -0.89509148]
 [ 0.81404794  2.55142151]
 [ 0.71049224  0.86620152]
 [ 1.18834604 -1.67003825]
 [ 1.24060693  0.54787187]]
[[ 0.65877387 -0.89516839]
 [ 0.81417459  2.5513072 ]
 [ 0.71037259  0.86624337]
 [ 1.18836189 -1.67041974]
 [ 1.24046671  0.54795284]]
[[ 0.65888144 -0.89524534]
 [ 0.81430123  2.55119285]
 [ 0.71025295  0.86628523]
 [ 1.18837768 -1.67080127]
 [ 1.2403265   0.54803378]]
[[ 0.65898901 -0.89532232]
 [ 0.81442786  2.55107847]
 [ 0.71013331  0.8663271 ]
 [ 1.1883934  -1.67118285]
 [ 1.24018629  0.54811472]]
[[ 0.65909658 -0.89539935]
 [ 0.81455448  2.55096404]
 [ 0.71001367  0.86636899]
 [ 1.18840907 -1.67156449]
 [ 1.2400461   0.54819566]]
[[ 0.65920414 -0.8954764 ]
 [ 0.81468111  2.55084958]
 [ 0.70989404  0.86641089]
 [ 1.18842466 -1.67194615]
 [ 1.2399059   0.54827657]]
[[ 0.65931168 -0.89555349]
 [ 0.81480772  2.55073506]
 [ 0.70977442  0.86645279]
 [ 1.18844019 -1.67232785]
 [ 1.23976571  0.54835747]]
[[ 0.65941921 -0.89563062]
 [ 0.81493433  2.55062052]
 [ 0.7096548   0.86649471]
 [ 1.18845565 -1.6727096 ]
 [ 1.23962552  0.54843835]]
[[ 0.65952674 -0.89570778]
 [ 0.81506093  2.55050593]
 [ 0.70953519  0.86653665]
 [ 1.18847105 -1.6730914 ]
 [ 1.23948535  0.54851922]]
[[ 0.65974177 -0.89586222]
 [ 0.8153141   2.55027666]
 [ 0.70929599  0.86662055]
 [ 1.18850165 -1.67385512]
 [ 1.23920502  0.54868092]]
[[ 0.65984927 -0.89593949]
 [ 0.81544068  2.55016194]
 [ 0.70917639  0.86666252]
 [ 1.18851686 -1.67423704]
 [ 1.23906485  0.54876176]]
[[ 0.66006427 -0.89609415]
 [ 0.8156938   2.54993241]
 [ 0.70893722  0.86674651]
 [ 1.18854708 -1.67500107]
 [ 1.23878455  0.54892344]]
[[ 0.66017177 -0.89617154]
 [ 0.81582033  2.54981757]
 [ 0.70881764  0.86678853]
 [ 1.18856211 -1.67538318]
 [ 1.23864442  0.54900429]]
[[ 0.66027928 -0.89624899]
 [ 0.81594684  2.54970269]
 [ 0.70869807  0.86683058]
 [ 1.18857707 -1.6757654 ]
 [ 1.2385043   0.54908518]]
[[ 0.66038677 -0.89632646]
 [ 0.81607334  2.54958777]
 [ 0.70857851  0.86687263]
 [ 1.18859197 -1.67614765]
 [ 1.23836419  0.54916605]]
[[ 0.66060174 -0.89648152]
 [ 0.81632633  2.54935782]
 [ 0.70833941  0.86695678]
 [ 1.18862157 -1.67691227]
 [ 1.23808398  0.54932775]]
[[ 0.66070921 -0.89655911]
 [ 0.81645282  2.54924279]
 [ 0.70821987  0.86699888]
 [ 1.18863628 -1.67729465]
 [ 1.23794388  0.54940858]]
[[ 0.66081668 -0.89663673]
 [ 0.81657929  2.54912771]
 [ 0.70810033  0.86704099]
 [ 1.18865091 -1.67767708]
 [ 1.2378038   0.5494894 ]]
[[ 0.6609241  -0.89671437]
 [ 0.81670579  2.54901261]
 [ 0.7079808   0.86708309]
 [ 1.18866547 -1.67805946]
 [ 1.2376637   0.54957013]]
[[ 0.66103152 -0.89679204]
 [ 0.81683229  2.54889746]
 [ 0.70786126  0.86712519]
 [ 1.18867997 -1.67844186]
 [ 1.2375236   0.54965084]]
[[ 0.66113893 -0.89686974]
 [ 0.81695878  2.54878227]
 [ 0.70774174  0.86716731]
 [ 1.1886944  -1.6788243 ]
 [ 1.23738351  0.54973153]]
[[ 0.66156851 -0.89718096]
 [ 0.81746462  2.54832111]
 [ 0.7072637   0.86733594]
 [ 1.18875149 -1.68035462]
 [ 1.23682323  0.5500543 ]]
[[ 0.66189064 -0.89741477]
 [ 0.81784389  2.5479748 ]
 [ 0.70690523  0.86746257]
 [ 1.18879364 -1.68150291]
 [ 1.23640309  0.55029635]]
[[ 0.661998   -0.89749278]
 [ 0.81797031  2.54785927]
 [ 0.70678575  0.86750479]
 [ 1.18880757 -1.68188573]
 [ 1.23626305  0.550377  ]]
[[ 0.66210534 -0.89757081]
 [ 0.81809673  2.54774372]
 [ 0.70666627  0.86754702]
 [ 1.18882141 -1.68226855]
 [ 1.23612301  0.55045759]]
[[ 0.66221266 -0.89764887]
 [ 0.81822315  2.54762813]
 [ 0.70654681  0.86758927]
 [ 1.18883519 -1.6826514 ]
 [ 1.23598298  0.55053817]]
[[ 0.66231998 -0.89772697]
 [ 0.81834956  2.54751249]
 [ 0.70642734  0.86763152]
 [ 1.18884891 -1.6830343 ]
 [ 1.23584295  0.55061873]]
[[ 0.66242729 -0.89780512]
 [ 0.81847596  2.54739682]
 [ 0.70630789  0.86767379]
 [ 1.18886257 -1.68341726]
 [ 1.23570293  0.5506993 ]]
[[ 0.66264188 -0.89796151]
 [ 0.81872874  2.54716536]
 [ 0.70606899  0.86775836]
 [ 1.18888967 -1.68418325]
 [ 1.23542291  0.55086037]]
[[ 0.66274919 -0.89803978]
 [ 0.81885509  2.54704957]
 [ 0.70594956  0.86780069]
 [ 1.18890314 -1.6845664 ]
 [ 1.23528292  0.55094097]]
[[ 0.6628565  -0.89811809]
 [ 0.81898142  2.54693372]
 [ 0.70583013  0.86784303]
 [ 1.18891655 -1.68494961]
 [ 1.23514294  0.55102157]]
[[ 0.6629638  -0.89819643]
 [ 0.81910775  2.54681784]
 [ 0.70571071  0.86788538]
 [ 1.18892989 -1.68533285]
 [ 1.23500297  0.55110215]]
[[ 0.66307108 -0.89827482]
 [ 0.81923408  2.54670192]
 [ 0.7055913   0.86792775]
 [ 1.18894316 -1.68571614]
 [ 1.234863    0.55118272]]
[[ 0.66317837 -0.89835324]
 [ 0.81936039  2.54658596]
 [ 0.70547189  0.86797013]
 [ 1.18895637 -1.68609947]
 [ 1.23472305  0.55126328]]
[[ 0.66328564 -0.89843169]
 [ 0.81948669  2.54646997]
 [ 0.70535249  0.86801252]
 [ 1.18896951 -1.68648284]
 [ 1.2345831   0.55134383]]
[[ 0.6633929  -0.89851018]
 [ 0.819613    2.54635393]
 [ 0.70523309  0.86805492]
 [ 1.18898259 -1.68686621]
 [ 1.23444314  0.55142435]]
[[ 0.66350016 -0.89858871]
 [ 0.81973929  2.54623784]
 [ 0.7051137   0.86809733]
 [ 1.18899561 -1.68724966]
 [ 1.2343032   0.55150489]]
[[ 0.66371465 -0.89874588]
 [ 0.81999185  2.54600555]
 [ 0.70487493  0.8681822 ]
 [ 1.18902144 -1.68801667]
 [ 1.23402333  0.55166591]]
[[ 0.66382188 -0.89882452]
 [ 0.82011812  2.54588935]
 [ 0.70475556  0.86822465]
 [ 1.18903426 -1.68840023]
 [ 1.23388341  0.5517464 ]]
[[ 0.66403629 -0.89898188]
 [ 0.82037067  2.54565683]
 [ 0.70451682  0.86830957]
 [ 1.18905969 -1.68916738]
 [ 1.23360356  0.55190728]]
[[ 0.66435782 -0.89921818]
 [ 0.82074946  2.54530775]
 [ 0.70415876  0.86843703]
 [ 1.18909734 -1.69031832]
 [ 1.23318383  0.55214845]]
[[ 0.66457216 -0.89937592]
 [ 0.82100192  2.54507481]
 [ 0.70392009  0.86852208]
 [ 1.18912212 -1.69108588]
 [ 1.23290404  0.55230924]]
[[ 0.66489359 -0.89961278]
 [ 0.82138057  2.54472509]
 [ 0.7035621   0.86864973]
 [ 1.18915881 -1.69223744]
 [ 1.23248439  0.55255031]]
[[ 0.66521495 -0.89984998]
 [ 0.82175914  2.54437503]
 [ 0.70320419  0.8687775 ]
 [ 1.18919491 -1.69338939]
 [ 1.23206482  0.55279129]]
[[ 0.66532206 -0.89992912]
 [ 0.82188532  2.54425825]
 [ 0.70308489  0.86882012]
 [ 1.18920682 -1.69377344]
 [ 1.23192497  0.55287161]]
[[ 0.66564332 -0.90016676]
 [ 0.8222638   2.54390767]
 [ 0.70272704  0.86894804]
 [ 1.18924214 -1.69492582]
 [ 1.23150545  0.55311247]]
[[ 0.66607153 -0.9004841 ]
 [ 0.82276835  2.54343967]
 [ 0.70224997  0.86911875]
 [ 1.18928831 -1.69646276]
 [ 1.23094616  0.5534334 ]]
[[ 0.66617856 -0.90056353]
 [ 0.82289447  2.54332256]
 [ 0.70213072  0.86916145]
 [ 1.18929969 -1.69684709]
 [ 1.23080636  0.55351362]]
[[ 0.6662856  -0.90064301]
 [ 0.82302057  2.54320542]
 [ 0.70201148  0.86920419]
 [ 1.18931101 -1.6972315 ]
 [ 1.23066657  0.55359385]]
[[ 0.66639262 -0.90072252]
 [ 0.82314666  2.54308824]
 [ 0.70189224  0.86924693]
 [ 1.18932226 -1.69761593]
 [ 1.23052678  0.55367406]]
[[ 0.66649964 -0.90080207]
 [ 0.82327275  2.54297101]
 [ 0.70177301  0.86928968]
 [ 1.18933345 -1.69800039]
 [ 1.230387    0.55375426]]
[[ 0.66671366 -0.90096128]
 [ 0.82352488  2.54273643]
 [ 0.70153457  0.86937523]
 [ 1.18935564 -1.69876947]
 [ 1.23010746  0.55391466]]
[[ 0.66682065 -0.90104094]
 [ 0.82365094  2.54261907]
 [ 0.70141536  0.86941802]
 [ 1.18936663 -1.69915405]
 [ 1.2299677   0.55399484]]
[[ 0.66692764 -0.90112063]
 [ 0.82377699  2.54250169]
 [ 0.70129615  0.86946083]
 [ 1.18937756 -1.69953866]
 [ 1.22982794  0.55407501]]
[[ 0.66703462 -0.90120037]
 [ 0.82390303  2.54238425]
 [ 0.70117695  0.86950365]
 [ 1.18938842 -1.69992333]
 [ 1.22968819  0.55415518]]
[[ 0.66714159 -0.90128014]
 [ 0.82402906  2.54226678]
 [ 0.70105776  0.86954648]
 [ 1.18939922 -1.70030802]
 [ 1.22954846  0.55423533]]
[[ 0.66724854 -0.90135994]
 [ 0.8241551   2.54214926]
 [ 0.70093856  0.86958931]
 [ 1.18940994 -1.70069271]
 [ 1.22940871  0.55431543]]
[[ 0.66735548 -0.90143977]
 [ 0.82428113  2.54203171]
 [ 0.70081938  0.86963215]
 [ 1.18942061 -1.70107743]
 [ 1.22926897  0.55439553]]
[[ 0.66746242 -0.90151965]
 [ 0.82440714  2.54191411]
 [ 0.7007002   0.86967502]
 [ 1.18943121 -1.70146223]
 [ 1.22912925  0.55447565]]
[[ 0.66756935 -0.90159957]
 [ 0.82453315  2.54179648]
 [ 0.70058103  0.8697179 ]
 [ 1.18944174 -1.70184704]
 [ 1.22898953  0.55455574]]
[[ 0.66799697 -0.90191959]
 [ 0.82503711  2.54132556]
 [ 0.70010442  0.86988952]
 [ 1.18948319 -1.7033866 ]
 [ 1.22843072  0.55487597]]
[[ 0.66821069 -0.90207979]
 [ 0.82528909  2.54108985]
 [ 0.69986614  0.86997538]
 [ 1.18950351 -1.70415646]
 [ 1.22815133  0.55503592]]
[[ 0.66853125 -0.9023204 ]
 [ 0.82566696  2.54073596]
 [ 0.69950877  0.87010427]
 [ 1.18953352 -1.7053116 ]
 [ 1.2277323   0.55527587]]
[[ 0.66863808 -0.90240067]
 [ 0.8257929   2.54061793]
 [ 0.69938966  0.87014726]
 [ 1.18954339 -1.70569671]
 [ 1.22759264  0.55535582]]
[[ 0.66874488 -0.90248097]
 [ 0.82591886  2.54049986]
 [ 0.69927056  0.87019025]
 [ 1.18955318 -1.70608178]
 [ 1.22745297  0.5554357 ]]
[[ 0.66895846 -0.90264168]
 [ 0.82617074  2.5402636 ]
 [ 0.69903237  0.87027627]
 [ 1.18957256 -1.70685206]
 [ 1.22717366  0.55559546]]
[[ 0.66906524 -0.90272208]
 [ 0.82629667  2.54014541]
 [ 0.69891328  0.8703193 ]
 [ 1.18958215 -1.70723723]
 [ 1.22703402  0.55567532]]
[[ 0.669172   -0.90280253]
 [ 0.8264226   2.54002717]
 [ 0.6987942   0.87036234]
 [ 1.18959168 -1.70762245]
 [ 1.22689438  0.55575517]]
[[ 0.66927876 -0.90288302]
 [ 0.82654851  2.5399089 ]
 [ 0.69867513  0.87040539]
 [ 1.18960114 -1.70800769]
 [ 1.22675475  0.55583501]]
[[ 0.66938552 -0.90296354]
 [ 0.82667442  2.53979059]
 [ 0.69855606  0.87044846]
 [ 1.18961053 -1.70839298]
 [ 1.22661512  0.55591484]]
[[ 0.66949226 -0.9030441 ]
 [ 0.82680032  2.53967223]
 [ 0.698437    0.87049153]
 [ 1.18961987 -1.70877828]
 [ 1.2264755   0.55599467]]
[[ 0.66959899 -0.90312469]
 [ 0.82692621  2.53955383]
 [ 0.69831794  0.87053462]
 [ 1.18962913 -1.70916362]
 [ 1.22633589  0.55607447]]
[[ 0.66970572 -0.90320532]
 [ 0.82705209  2.53943538]
 [ 0.69819889  0.87057772]
 [ 1.18963834 -1.70954899]
 [ 1.22619627  0.55615428]]
[[ 0.66981244 -0.90328599]
 [ 0.82717796  2.53931689]
 [ 0.69807985  0.87062084]
 [ 1.18964747 -1.70993441]
 [ 1.22605668  0.55623409]]
[[ 0.67002585 -0.90344744]
 [ 0.82742969  2.5390798 ]
 [ 0.69784177  0.8707071 ]
 [ 1.18966555 -1.71070529]
 [ 1.22577748  0.55639363]]
[[ 0.67013256 -0.90352822]
 [ 0.82755553  2.53896117]
 [ 0.69772274  0.87075025]
 [ 1.1896745  -1.71109082]
 [ 1.2256379   0.55647343]]
[[ 0.67023927 -0.90360906]
 [ 0.82768134  2.53884249]
 [ 0.69760371  0.87079343]
 [ 1.1896834  -1.71147643]
 [ 1.22549832  0.55655327]]
[[ 0.67045268 -0.90377084]
 [ 0.82793293  2.53860499]
 [ 0.69736567  0.87087981]
 [ 1.189701   -1.71224774]
 [ 1.22521919  0.55671291]]
[[ 0.67055936 -0.90385178]
 [ 0.82805872  2.53848618]
 [ 0.69724665  0.87092302]
 [ 1.1897097  -1.71263343]
 [ 1.22507963  0.55679271]]
[[ 0.67066605 -0.90393276]
 [ 0.8281845   2.53836733]
 [ 0.69712765  0.87096625]
 [ 1.18971833 -1.71301917]
 [ 1.22494008  0.55687251]]
[[ 0.67077272 -0.90401379]
 [ 0.82831026  2.53824844]
 [ 0.69700865  0.87100949]
 [ 1.18972691 -1.71340494]
 [ 1.22480054  0.55695231]]
[[ 0.67087939 -0.90409484]
 [ 0.82843603  2.5381295 ]
 [ 0.69688966  0.87105273]
 [ 1.18973541 -1.71379073]
 [ 1.224661    0.55703209]]
[[ 0.67109268 -0.90425706]
 [ 0.82868753  2.5378915 ]
 [ 0.69665169  0.87113926]
 [ 1.18975222 -1.71456238]
 [ 1.22438193  0.5571916 ]]
[[ 0.67119931 -0.90433822]
 [ 0.82881328  2.53777245]
 [ 0.69653271  0.87118254]
 [ 1.18976052 -1.71494822]
 [ 1.2242424   0.55727132]]
[[ 0.67130593 -0.90441943]
 [ 0.82893901  2.53765335]
 [ 0.69641374  0.87122583]
 [ 1.18976876 -1.71533412]
 [ 1.22410289  0.55735105]]
[[ 0.67141256 -0.90450067]
 [ 0.82906473  2.53753421]
 [ 0.69629478  0.87126915]
 [ 1.18977694 -1.71572007]
 [ 1.22396339  0.55743079]]
[[ 0.67162578 -0.90466327]
 [ 0.82931614  2.53729579]
 [ 0.69605687  0.87135581]
 [ 1.1897931  -1.71649204]
 [ 1.22368439  0.55759023]]
[[ 0.67173238 -0.90474463]
 [ 0.82944183  2.53717651]
 [ 0.69593792  0.87139915]
 [ 1.18980108 -1.71687807]
 [ 1.2235449   0.55766993]]
[[ 0.67183896 -0.90482602]
 [ 0.82956752  2.5370572 ]
 [ 0.69581898  0.87144251]
 [ 1.18980899 -1.71726411]
 [ 1.22340541  0.55774962]]
[[ 0.67215862 -0.90507039]
 [ 0.82994458  2.53669905]
 [ 0.69546221  0.87157263]
 [ 1.1898323  -1.71842231]
 [ 1.22298699  0.5579885 ]]
[[ 0.67237169 -0.90523349]
 [ 0.83019591  2.53646007]
 [ 0.69522438  0.87165944]
 [ 1.18984751 -1.7191946 ]
 [ 1.22270807  0.55814774]]
[[ 0.67258469 -0.90539673]
 [ 0.83044723  2.53622093]
 [ 0.69498658  0.87174628]
 [ 1.18986245 -1.71996692]
 [ 1.22242917  0.55830685]]
[[ 0.67279769 -0.90556013]
 [ 0.83069849  2.53598161]
 [ 0.6947488   0.87183319]
 [ 1.18987714 -1.72073942]
 [ 1.22215029  0.55846601]]
[[ 0.67322357 -0.90588736]
 [ 0.83120092  2.53550242]
 [ 0.6942733   0.87200713]
 [ 1.18990575 -1.72228471]
 [ 1.2215926   0.55878419]]
[[ 0.67343646 -0.90605121]
 [ 0.83145208  2.53526258]
 [ 0.69403559  0.87209418]
 [ 1.18991965 -1.72305752]
 [ 1.2213138   0.55894322]]
[[ 0.6735429  -0.90613319]
 [ 0.83157765  2.5351426 ]
 [ 0.69391674  0.87213772]
 [ 1.18992651 -1.72344397]
 [ 1.22117441  0.55902273]]
[[ 0.67375574 -0.90629726]
 [ 0.83182876  2.5349025 ]
 [ 0.69367907  0.87222484]
 [ 1.18994002 -1.72421696]
 [ 1.22089564  0.55918171]]
[[ 0.67386216 -0.90637935]
 [ 0.83195429  2.53478237]
 [ 0.69356023  0.87226842]
 [ 1.18994669 -1.7246035 ]
 [ 1.22075626  0.55926122]]
[[ 0.67396854 -0.90646147]
 [ 0.83207984  2.53466222]
 [ 0.6934414   0.872312  ]
 [ 1.18995327 -1.72499002]
 [ 1.22061689  0.55934066]]
[[ 0.67418127 -0.90662581]
 [ 0.83233093  2.53442181]
 [ 0.69320378  0.87239919]
 [ 1.18996623 -1.72576306]
 [ 1.22033816  0.55949945]]
[[ 0.67428762 -0.90670804]
 [ 0.83245646  2.53430154]
 [ 0.69308497  0.87244281]
 [ 1.18997261 -1.72614962]
 [ 1.2201988   0.55957884]]
[[ 0.67439396 -0.9067903 ]
 [ 0.83258199  2.53418123]
 [ 0.69296617  0.87248643]
 [ 1.18997893 -1.7265362 ]
 [ 1.22005944  0.5596582 ]]
[[ 0.6745003  -0.90687261]
 [ 0.8327075   2.53406087]
 [ 0.69284738  0.87253007]
 [ 1.18998518 -1.72692283]
 [ 1.2199201   0.55973759]]
[[ 0.67460662 -0.90695495]
 [ 0.832833    2.53394047]
 [ 0.69272859  0.87257372]
 [ 1.18999137 -1.72730948]
 [ 1.21978076  0.55981696]]
[[ 0.67481924 -0.90711974]
 [ 0.83308399  2.53369955]
 [ 0.69249103  0.87266106]
 [ 1.19000353 -1.72808284]
 [ 1.21950211  0.55997565]]
[[ 0.67492556 -0.90720221]
 [ 0.83320944  2.53357901]
 [ 0.69237227  0.87270476]
 [ 1.19000953 -1.72846962]
 [ 1.2193628   0.56005504]]
[[ 0.67503187 -0.90728471]
 [ 0.83333489  2.53345843]
 [ 0.6922535   0.87274847]
 [ 1.19001546 -1.72885643]
 [ 1.21922349  0.56013443]]
[[ 0.67513817 -0.90736725]
 [ 0.83346033  2.53333781]
 [ 0.69213474  0.87279219]
 [ 1.19002133 -1.72924324]
 [ 1.21908419  0.56021379]]
[[ 0.67524444 -0.90744981]
 [ 0.83358579  2.53321716]
 [ 0.69201599  0.87283591]
 [ 1.19002711 -1.72963002]
 [ 1.21894489  0.56029308]]
[[ 0.67535069 -0.90753241]
 [ 0.83371124  2.53309647]
 [ 0.69189725  0.87287964]
 [ 1.19003282 -1.73001681]
 [ 1.21880559  0.56037236]]
[[ 0.67556317 -0.90769772]
 [ 0.83396212  2.53285496]
 [ 0.69165978  0.87296714]
 [ 1.19004406 -1.73079046]
 [ 1.21852702  0.56053089]]
[[ 0.6756694  -0.90778043]
 [ 0.83408756  2.53273415]
 [ 0.69154105  0.8730109 ]
 [ 1.19004958 -1.73117731]
 [ 1.21838774  0.56061013]]
[[ 0.67577562 -0.90786317]
 [ 0.83421297  2.53261329]
 [ 0.69142233  0.87305468]
 [ 1.19005503 -1.73156419]
 [ 1.21824847  0.56068937]]
[[ 0.67598803 -0.90802879]
 [ 0.83446378  2.53237144]
 [ 0.69118491  0.87314228]
 [ 1.19006574 -1.73233805]
 [ 1.21796995  0.56084785]]
[[ 0.67620042 -0.90819456]
 [ 0.83471454  2.53212941]
 [ 0.69094751  0.87322993]
 [ 1.19007619 -1.73311203]
 [ 1.21769146  0.56100632]]
[[ 0.67651894 -0.9084435 ]
 [ 0.83509061  2.53176605]
 [ 0.69059146  0.8733615 ]
 [ 1.19009137 -1.73427317]
 [ 1.21727377  0.56124395]]
[[ 0.67694355 -0.90877596]
 [ 0.83559188  2.5312809 ]
 [ 0.69011678  0.8735371 ]
 [ 1.19011073 -1.73582174]
 [ 1.21671692  0.56156077]]
[[ 0.67704967 -0.90885917]
 [ 0.83571718  2.53115951]
 [ 0.68999813  0.87358103]
 [ 1.1901154  -1.73620892]
 [ 1.21657772  0.56163994]]
[[ 0.67736797 -0.90910901]
 [ 0.83609306  2.53079511]
 [ 0.68964222  0.87371288]
 [ 1.19012899 -1.73737055]
 [ 1.21616017  0.56187734]]
[[ 0.67747406 -0.90919237]
 [ 0.83621832  2.53067355]
 [ 0.68952359  0.87375686]
 [ 1.1901334  -1.73775783]
 [ 1.21602101  0.56195649]]
[[ 0.67789834 -0.90952618]
 [ 0.83671928  2.53018681]
 [ 0.68904911  0.87393287]
 [ 1.1901504  -1.73930714]
 [ 1.21546436  0.562273  ]]
[[ 0.67800439 -0.90960972]
 [ 0.8368445   2.53006502]
 [ 0.68893051  0.8739769 ]
 [ 1.19015448 -1.73969451]
 [ 1.21532521  0.5623521 ]]
[[ 0.6783225  -0.90986061]
 [ 0.83722008  2.52969939]
 [ 0.68857474  0.8741091 ]
 [ 1.19016634 -1.74085684]
 [ 1.21490783  0.56258942]]
[[ 0.67853451 -0.91002805]
 [ 0.83747045  2.52945545]
 [ 0.6883376   0.87419728]
 [ 1.1901739  -1.74163176]
 [ 1.21462961  0.56274754]]
[[ 0.67874649 -0.91019564]
 [ 0.83772076  2.52921131]
 [ 0.68810047  0.87428551]
 [ 1.1901812  -1.7424068 ]
 [ 1.21435141  0.56290565]]
[[ 0.67885246 -0.91027949]
 [ 0.83784591  2.52908917]
 [ 0.68798192  0.87432964]
 [ 1.19018475 -1.74279432]
 [ 1.21421231  0.56298468]]
[[ 0.67917035 -0.91053127]
 [ 0.83822129  2.52872247]
 [ 0.68762627  0.8744621 ]
 [ 1.19019504 -1.74395706]
 [ 1.21379506  0.56322178]]
[[ 0.67927628 -0.91061526]
 [ 0.83834642  2.52860017]
 [ 0.68750774  0.87450627]
 [ 1.19019832 -1.74434463]
 [ 1.21365599  0.56330075]]
[[ 0.67938219 -0.91069929]
 [ 0.83847154  2.52847783]
 [ 0.68738922  0.87455045]
 [ 1.19020153 -1.74473222]
 [ 1.21351692  0.56337971]]
[[ 0.67948808 -0.91078335]
 [ 0.83859666  2.52835545]
 [ 0.6872707   0.87459464]
 [ 1.19020467 -1.74511978]
 [ 1.21337786  0.56345862]]
[[ 0.67959397 -0.91086745]
 [ 0.83872177  2.52823304]
 [ 0.6871522   0.87463884]
 [ 1.19020774 -1.74550737]
 [ 1.21323881  0.56353754]]
[[ 0.67969984 -0.91095159]
 [ 0.83884688  2.52811057]
 [ 0.68703369  0.87468305]
 [ 1.19021075 -1.74589498]
 [ 1.21309975  0.56361644]]
[[ 0.67980571 -0.91103576]
 [ 0.83897197  2.52798806]
 [ 0.68691519  0.87472727]
 [ 1.19021369 -1.7462826 ]
 [ 1.21296071  0.56369534]]
[[ 0.68001741 -0.91120423]
 [ 0.83922214  2.52774293]
 [ 0.68667821  0.87481576]
 [ 1.19021937 -1.74705789]
 [ 1.21268264  0.5638531 ]]
[[ 0.68012325 -0.91128852]
 [ 0.8393472   2.52762028]
 [ 0.68655973  0.87486002]
 [ 1.19022211 -1.74744557]
 [ 1.21254362  0.56393198]]
[[ 0.68022909 -0.91137284]
 [ 0.83947226  2.52749759]
 [ 0.68644125  0.87490429]
 [ 1.1902248  -1.74783327]
 [ 1.21240459  0.56401085]]
[[ 0.68044074 -0.91154162]
 [ 0.83972234  2.52725209]
 [ 0.68620433  0.87499287]
 [ 1.19022995 -1.74860875]
 [ 1.21212659  0.56416859]]
[[ 0.68054654 -0.91162607]
 [ 0.83984736  2.52712928]
 [ 0.68608587  0.87503719]
 [ 1.19023243 -1.74899651]
 [ 1.21198759  0.56424744]]
[[ 0.68075813 -0.91179507]
 [ 0.84009739  2.52688351]
 [ 0.68584897  0.87512584]
 [ 1.19023719 -1.74977208]
 [ 1.21170961  0.56440513]]
[[ 0.68086391 -0.91187963]
 [ 0.84022239  2.52676057]
 [ 0.68573054  0.87517018]
 [ 1.19023947 -1.75015987]
 [ 1.21157063  0.56448394]]
[[ 0.68096967 -0.91196422]
 [ 0.84034739  2.52663758]
 [ 0.68561211  0.87521454]
 [ 1.19024168 -1.75054768]
 [ 1.21143166  0.56456275]]
[[ 0.68118119 -0.91213354]
 [ 0.84059734  2.52639147]
 [ 0.68537526  0.87530329]
 [ 1.19024591 -1.75132339]
 [ 1.21115373  0.56472037]]
[[ 0.6813927  -0.91230302]
 [ 0.84084722  2.52614515]
 [ 0.68513843  0.8753921 ]
 [ 1.19024991 -1.75209924]
 [ 1.21087584  0.56487805]]
[[ 0.68160418 -0.91247265]
 [ 0.84109706  2.52589863]
 [ 0.68490162  0.87548096]
 [ 1.19025365 -1.75287515]
 [ 1.21059796  0.56503569]]
[[ 0.68202702 -0.91281236]
 [ 0.84159665  2.52540509]
 [ 0.68442807  0.87565881]
 [ 1.19026031 -1.75442712]
 [ 1.21004227  0.56535086]]
[[ 0.68244973 -0.91315266]
 [ 0.84209612  2.52491074]
 [ 0.68395458  0.87583682]
 [ 1.19026598 -1.75597928]
 [ 1.20948664  0.56566592]]
[[ 0.68255534 -0.91323783]
 [ 0.84222097  2.52478713]
 [ 0.68383625  0.87588136]
 [ 1.19026717 -1.75636731]
 [ 1.20934778  0.56574459]]
[[ 0.6827666  -0.91340828]
 [ 0.84247066  2.52453963]
 [ 0.68359956  0.87597045]
 [ 1.19026946 -1.75714343]
 [ 1.20907001  0.565902  ]]
[[ 0.68297776 -0.91357888]
 [ 0.84272032  2.52429208]
 [ 0.68336293  0.8760596 ]
 [ 1.19027139 -1.75791955]
 [ 1.20879231  0.56605927]]
[[ 0.68329451 -0.91383507]
 [ 0.8430947   2.52392028]
 [ 0.68300799  0.87619341]
 [ 1.19027389 -1.75908396]
 [ 1.20837577  0.56629528]]
[[ 0.68350561 -0.91400608]
 [ 0.84334423  2.52367224]
 [ 0.68277141  0.87628269]
 [ 1.19027519 -1.75986031]
 [ 1.20809813  0.56645257]]
[[ 0.68371669 -0.91417721]
 [ 0.84359374  2.52342397]
 [ 0.68253484  0.876372  ]
 [ 1.19027627 -1.76063668]
 [ 1.20782049  0.56660984]]
[[ 0.68392777 -0.91434852]
 [ 0.84384319  2.52317547]
 [ 0.68229827  0.87646136]
 [ 1.19027711 -1.76141316]
 [ 1.20754286  0.56676715]]
[[ 0.68434973 -0.91469157]
 [ 0.844342    2.52267804]
 [ 0.68182524  0.87664022]
 [ 1.19027792 -1.76296614]
 [ 1.20698771  0.56708152]]
[[ 0.84446653  2.52255352]
 [ 0.68170705  0.87668507]
 [ 1.19027804 -1.76335494]
 [ 1.20684903  0.56716051]]
[[ 0.8447159   2.52230447]
 [ 0.68147058  0.87677457]
 [ 1.1902779  -1.76413144]
 [ 1.2065715   0.56731757]]
[[ 0.68477292 -0.91503552]
 [ 0.84484012  2.52217815]
 [ 0.68135199  0.87681939]
 [ 1.19027897 -1.76452136]
 [ 1.20643243  0.56739815]]
[[ 0.68498241 -0.91520731]
 [ 0.84508995  2.52193064]
 [ 0.68111593  0.87690888]
 [ 1.19027712 -1.765296  ]
 [ 1.20615522  0.56755287]]
[[ 0.68529857 -0.91546562]
 [ 0.8454639   2.52155625]
 [ 0.68076129  0.87704328]
 [ 1.19027585 -1.76646077]
 [ 1.20573897  0.56778827]]
[[ 0.68571993 -0.91581065]
 [ 0.84596228  2.52105665]
 [ 0.68028861  0.87722274]
 [ 1.19027311 -1.76801413]
 [ 1.20518416  0.56810207]]
[[ 0.6858253  -0.91589701]
 [ 0.84608683  2.52093159]
 [ 0.68017044  0.87726764]
 [ 1.19027229 -1.76840257]
 [ 1.20504548  0.56818058]]
[[ 0.68603594 -0.91606983]
 [ 0.84633592  2.52068134]
 [ 0.67993412  0.87735746]
 [ 1.19027044 -1.76917938]
 [ 1.2047681   0.56833751]]
[[ 0.68614127 -0.9161563 ]
 [ 0.84646046  2.52055613]
 [ 0.67981596  0.87740238]
 [ 1.19026944 -1.7695678 ]
 [ 1.20462941  0.56841597]]
[[ 0.68635192 -0.91632937]
 [ 0.84670947  2.52030555]
 [ 0.67957966  0.87749228]
 [ 1.19026724 -1.77034475]
 [ 1.20435207  0.56857295]]
[[ 0.68666774 -0.91658923]
 [ 0.84708296  2.51992941]
 [ 0.67922526  0.87762718]
 [ 1.19026339 -1.77151008]
 [ 1.2039361   0.56880821]]
[[ 0.68708872 -0.91693626]
 [ 0.84758083  2.51942731]
 [ 0.67875285  0.87780723]
 [ 1.1902573  -1.77306398]
 [ 1.20338158  0.56912178]]
[[ 0.68729914 -0.91711001]
 [ 0.84782969  2.519176  ]
 [ 0.67851668  0.87789733]
 [ 1.19025386 -1.77384098]
 [ 1.20310436  0.56927852]]
[[ 0.68761471 -0.91737092]
 [ 0.84820293  2.51879864]
 [ 0.67816245  0.87803256]
 [ 1.19024821 -1.77500652]
 [ 1.20268856  0.56951359]]
[[ 0.68803531 -0.91771933]
 [ 0.84870046  2.51829492]
 [ 0.67769025  0.87821301]
 [ 1.19023973 -1.7765606 ]
 [ 1.20213426  0.56982686]]
[[ 0.68845578 -0.91806836]
 [ 0.84919784  2.51779042]
 [ 0.67721813  0.87839365]
 [ 1.19023021 -1.7781148 ]
 [ 1.20158005  0.57014005]]
[[ 0.68856086 -0.91815571]
 [ 0.84932216  2.5176642 ]
 [ 0.67710011  0.87843884]
 [ 1.19022766 -1.77850336]
 [ 1.20144152  0.57021832]]
[[ 0.68866596 -0.91824311]
 [ 0.84944645  2.51753789]
 [ 0.6769821   0.87848405]
 [ 1.19022506 -1.77889197]
 [ 1.20130298  0.57029663]]
[[ 0.68877104 -0.91833055]
 [ 0.84957074  2.51741155]
 [ 0.67686409  0.87852926]
 [ 1.19022239 -1.77928057]
 [ 1.20116446  0.57037492]]
[[ 0.68898113 -0.91850551]
 [ 0.84981934  2.51715879]
 [ 0.6766281   0.8786197 ]
 [ 1.19021681 -1.78005764]
 [ 1.20088742  0.57053136]]
[[ 0.68919117 -0.91868063]
 [ 0.8500679   2.51690586]
 [ 0.67639216  0.8787102 ]
 [ 1.19021096 -1.78083474]
 [ 1.20061042  0.57068776]]
[[ 0.68940118 -0.9188559 ]
 [ 0.85031642  2.51665273]
 [ 0.67615622  0.87880074]
 [ 1.19020485 -1.78161185]
 [ 1.20033344  0.57084414]]
[[ 0.68950618 -0.91894361]
 [ 0.85044065  2.5165261 ]
 [ 0.67603826  0.87884603]
 [ 1.1902017  -1.78200047]
 [ 1.20019497  0.57092236]]
[[ 0.68961118 -0.91903135]
 [ 0.85056486  2.51639941]
 [ 0.67592031  0.87889134]
 [ 1.19019849 -1.7823891 ]
 [ 1.2000565   0.57100059]]
[[ 0.68971618 -0.91911914]
 [ 0.85068906  2.51627264]
 [ 0.67580235  0.87893666]
 [ 1.19019523 -1.78277774]
 [ 1.19991803  0.57107883]]
[[ 0.68982117 -0.91920696]
 [ 0.85081325  2.51614584]
 [ 0.6756844   0.87898199]
 [ 1.19019189 -1.78316639]
 [ 1.19977956  0.57115705]]
[[ 0.69003112 -0.91938273]
 [ 0.85106159  2.5158921 ]
 [ 0.67544852  0.87907268]
 [ 1.19018503 -1.78394369]
 [ 1.19950266  0.57131349]]
[[ 0.69024099 -0.91955864]
 [ 0.85130993  2.51563822]
 [ 0.67521267  0.87916342]
 [ 1.19017787 -1.78472093]
 [ 1.19922577  0.57146982]]
[[ 0.69034591 -0.91964665]
 [ 0.85143409  2.51551122]
 [ 0.67509476  0.8792088 ]
 [ 1.19017419 -1.78510954]
 [ 1.19908735  0.57154796]]
[[ 0.69045083 -0.91973471]
 [ 0.85155822  2.51538415]
 [ 0.67497685  0.8792542 ]
 [ 1.19017046 -1.78549819]
 [ 1.19894892  0.57162614]]
[[ 0.69055574 -0.9198228 ]
 [ 0.85168234  2.51525704]
 [ 0.67485894  0.87929961]
 [ 1.19016665 -1.78588685]
 [ 1.1988105   0.57170431]]
[[ 0.69066065 -0.91991094]
 [ 0.85180645  2.51512988]
 [ 0.67474105  0.87934503]
 [ 1.19016278 -1.78627551]
 [ 1.1986721   0.57178247]]
[[ 0.69087043 -0.92008733]
 [ 0.85205465  2.5148754 ]
 [ 0.67450526  0.87943591]
 [ 1.19015485 -1.78705285]
 [ 1.19839528  0.57193878]]
[[ 0.69108016 -0.92026385]
 [ 0.85230282  2.51462076]
 [ 0.6742695   0.87952682]
 [ 1.19014665 -1.78783013]
 [ 1.1981185   0.57209502]]
[[ 0.69128984 -0.92044054]
 [ 0.85255096  2.51436594]
 [ 0.67403377  0.87961778]
 [ 1.19013818 -1.7886074 ]
 [ 1.19784173  0.57225123]]
[[ 0.69139467 -0.92052894]
 [ 0.85267502  2.51423846]
 [ 0.67391591  0.87966327]
 [ 1.19013384 -1.78899604]
 [ 1.19770336  0.57232932]]
[[ 0.6914995  -0.92061739]
 [ 0.85279905  2.51411093]
 [ 0.67379806  0.87970879]
 [ 1.19012944 -1.78938473]
 [ 1.19756501  0.57240744]]
[[ 0.6918139  -0.92088295]
 [ 0.85317111  2.51372809]
 [ 0.67344454  0.87984539]
 [ 1.19011583 -1.79055069]
 [ 1.19714996  0.57264167]]
[[ 0.69191866 -0.92097154]
 [ 0.85329512  2.5136004 ]
 [ 0.67332672  0.87989094]
 [ 1.19011115 -1.79093931]
 [ 1.19701162  0.57271971]]
[[ 0.69223287 -0.92123753]
 [ 0.85366713  2.51321708]
 [ 0.67297331  0.88002765]
 [ 1.19009668 -1.79210509]
 [ 1.19659665  0.5729537 ]]
[[ 0.692547   -0.92150388]
 [ 0.85403904  2.51283331]
 [ 0.67261993  0.88016447]
 [ 1.19008164 -1.79327091]
 [ 1.19618173  0.57318767]]
[[ 0.69275639 -0.92168165]
 [ 0.85428691  2.51257721]
 [ 0.67238436  0.88025574]
 [ 1.1900713  -1.79404816]
 [ 1.19590515  0.57334366]]
[[ 0.69317506 -0.92203765]
 [ 0.85478253  2.51206441]
 [ 0.67191328  0.88043841]
 [ 1.19004983 -1.79560264]
 [ 1.19535203  0.57365558]]
[[ 0.69327969 -0.92212675]
 [ 0.85490642  2.51193611]
 [ 0.67179554  0.8804841 ]
 [ 1.19004429 -1.79599123]
 [ 1.19521377  0.57373351]]
[[ 0.69369811 -0.92248351]
 [ 0.85540188  2.51142246]
 [ 0.671