[[ 0.56900811 -0.84368085]
 [ 0.70938258  2.63292654]
 [ 0.80966938  0.83674306]
 [ 1.15557684 -1.38511014]
 [ 1.3564405   0.47481303]]
[[ 0.56923289 -0.84378188]
 [ 0.70964288  2.6327503 ]
 [ 0.80942082  0.83680308]
 [ 1.1557015  -1.38572991]
 [ 1.35615131  0.47502224]]
[[ 0.56934527 -0.84383244]
 [ 0.70977303  2.63266215]
 [ 0.80929655  0.83683312]
 [ 1.15576375 -1.38603998]
 [ 1.35600672  0.47512676]]
[[ 0.56957002 -0.84393364]
 [ 0.71003331  2.63248576]
 [ 0.80904803  0.83689324]
 [ 1.15588811 -1.38666045]
 [ 1.35571756  0.47533561]]
[[ 0.56968239 -0.84398429]
 [ 0.71016345  2.63239753]
 [ 0.80892378  0.83692333]
 [ 1.15595022 -1.38697087]
 [ 1.35557299  0.47543995]]
[[ 0.56979476 -0.84403496]
 [ 0.71029359  2.63230927]
 [ 0.80879953  0.83695343]
 [ 1.15601228 -1.38728139]
 [ 1.35542842  0.47554424]]
[[ 0.56990711 -0.84408567]
 [ 0.71042372  2.63222099]
 [ 0.80867529  0.83698355]
 [ 1.1560743  -1.38759203]
 [ 1.35528386  0.47564845]]
[[ 0.57001947 -0.8441364 ]
 [ 0.71055386  2.63213268]
 [ 0.80855105  0.83701369]
 [ 1.15613626 -1.38790279]
 [ 1.3551393   0.47575261]]
[[ 0.57013182 -0.84418716]
 [ 0.71068399  2.63204435]
 [ 0.80842682  0.83704385]
 [ 1.15619818 -1.38821366]
 [ 1.35499474  0.47585671]]
[[ 0.57024417 -0.84423795]
 [ 0.71081412  2.63195598]
 [ 0.80830259  0.83707402]
 [ 1.15626005 -1.38852464]
 [ 1.35485019  0.47596076]]
[[ 0.57103051 -0.84459432]
 [ 0.71172498  2.63133673]
 [ 0.80743317  0.8372857 ]
 [ 1.1566918  -1.3907048 ]
 [ 1.35383848  0.47668748]]
[[ 0.57192893 -0.84500335]
 [ 0.71276584  2.63062745]
 [ 0.80643986  0.83752863]
 [ 1.15718234 -1.39320333]
 [ 1.35268252  0.47751459]]
[[ 0.5721535  -0.84510591]
 [ 0.71302603  2.63044986]
 [ 0.80619159  0.83758953]
 [ 1.15730449 -1.39382911]
 [ 1.35239358  0.47772082]]
[[ 0.57226577 -0.84515723]
 [ 0.71315613  2.63036104]
 [ 0.80606746  0.83762001]
 [ 1.15736549 -1.39414217]
 [ 1.35224911  0.47782383]]
[[ 0.57237804 -0.84520858]
 [ 0.71328622  2.63027218]
 [ 0.80594334  0.8376505 ]
 [ 1.15742645 -1.39445536]
 [ 1.35210465  0.47792681]]
[[ 0.57249032 -0.84525996]
 [ 0.71341631  2.6301833 ]
 [ 0.80581922  0.83768102]
 [ 1.15748735 -1.39476865]
 [ 1.3519602   0.47802972]]
[[ 0.57260258 -0.84531137]
 [ 0.71354639  2.63009439]
 [ 0.80569511  0.83771154]
 [ 1.15754821 -1.39508207]
 [ 1.35181576  0.47813258]]
[[ 0.57271484 -0.8453628 ]
 [ 0.71367648  2.63000546]
 [ 0.80557101  0.83774209]
 [ 1.15760902 -1.39539559]
 [ 1.35167131  0.47823539]]
[[ 0.5728271  -0.84541427]
 [ 0.71380656  2.6299165 ]
 [ 0.80544691  0.83777265]
 [ 1.15766978 -1.39570923]
 [ 1.35152687  0.47833814]]
[[ 0.57350056 -0.8457237 ]
 [ 0.71458702  2.62938218]
 [ 0.80470243  0.83795637]
 [ 1.15803333 -1.39759349]
 [ 1.35066034  0.47895349]]
[[ 0.57439827 -0.84613792]
 [ 0.7156275   2.62866829]
 [ 0.8037101   0.83820227]
 [ 1.15851533 -1.40011225]
 [ 1.34950524  0.47977092]]
[[ 0.57529572 -0.84655403]
 [ 0.71666784  2.62795271]
 [ 0.80271812  0.83844925]
 [ 1.1589942  -1.40263835]
 [ 1.34835045  0.48058494]]
[[ 0.57596864 -0.84686736]
 [ 0.71744801  2.6274149 ]
 [ 0.80197437  0.83863519]
 [ 1.1593513  -1.40453772]
 [ 1.34748457  0.48119327]]
[[ 0.57664141 -0.84718176]
 [ 0.71822809  2.62687614]
 [ 0.80123082  0.83882172]
 [ 1.15970661 -1.40644118]
 [ 1.34661886  0.48179973]]
[[ 0.57731402 -0.84749722]
 [ 0.71900809  2.62633643]
 [ 0.80048748  0.83900886]
 [ 1.16006015 -1.40834874]
 [ 1.34575333  0.48240434]]
[[ 0.57798648 -0.84781376]
 [ 0.71978801  2.62579575]
 [ 0.79974433  0.83919659]
 [ 1.1604119  -1.41026039]
 [ 1.34488798  0.48300713]]
[[ 0.57865879 -0.84813138]
 [ 0.72056784  2.62525411]
 [ 0.79900139  0.83938492]
 [ 1.16076185 -1.41217611]
 [ 1.34402281  0.48360814]]
[[ 0.57888286 -0.84823749]
 [ 0.72082776  2.62507334]
 [ 0.79875379  0.83944783]
 [ 1.16087811 -1.4128156 ]
 [ 1.34373446  0.48380809]]
