[[ 0.5897286  -0.85352841]
 [ 0.73342193  2.61617491]
 [ 0.31024931  1.61927068]
 [ 0.25711315 -3.09484999]
 [ 0.10142155 -2.68670521]
 [ 0.78677192  0.84257683]
 [ 0.25480411 -2.40891378]
 [ 1.16627236 -1.44436497]
 [ 1.3297736   0.49328415]]
[[ 0.58995178 -0.85364051]
 [ 0.73368133  2.61598866]
 [ 0.31007427  1.61946446]
 [ 0.25736307 -3.09489014]
 [ 0.10123835 -2.68685717]
 [ 0.78652542  0.84264294]
 [ 0.25460549 -2.40908111]
 [ 1.16637848 -1.44502635]
 [ 1.32948625  0.49347532]]
[[ 0.59006335 -0.8536966 ]
 [ 0.73381103  2.61589551]
 [ 0.30998677  1.61956135]
 [ 0.25748803 -3.0949102 ]
 [ 0.10114676 -2.68693314]
 [ 0.78640219  0.84267601]
 [ 0.25450618 -2.40916475]
 [ 1.16643145 -1.44535719]
 [ 1.32934259  0.49357081]]
[[ 0.59017491 -0.85375273]
 [ 0.73394072  2.61580235]
 [ 0.30989927  1.61965825]
 [ 0.257613   -3.09493024]
 [ 0.10105517 -2.6870091 ]
 [ 0.78627897  0.84270911]
 [ 0.25440686 -2.40924839]
 [ 1.16648435 -1.44568816]
 [ 1.32919894  0.49366625]]
[[ 0.59028648 -0.85380889]
 [ 0.73407041  2.61570916]
 [ 0.30981177  1.61975514]
 [ 0.25773798 -3.09495028]
 [ 0.10096359 -2.68708507]
 [ 0.78615576  0.84274222]
 [ 0.25430755 -2.40933201]
 [ 1.16653721 -1.44601923]
 [ 1.3290553   0.49376166]]
[[ 0.59039803 -0.85386508]
 [ 0.73420011  2.61561594]
 [ 0.30972428  1.61985202]
 [ 0.25786297 -3.09497031]
 [ 0.10087201 -2.68716103]
 [ 0.78603255  0.84277534]
 [ 0.25420824 -2.40941563]
 [ 1.16659001 -1.44635039]
 [ 1.32891165  0.49385699]]
[[ 0.59050958 -0.8539213 ]
 [ 0.73432979  2.61552268]
 [ 0.30963677  1.6199489 ]
 [ 0.25798795 -3.09499035]
 [ 0.10078044 -2.687237  ]
 [ 0.78590935  0.84280849]
 [ 0.25410893 -2.40949925]
 [ 1.16664277 -1.44668169]
 [ 1.32876802  0.49395234]]
[[ 0.59062113 -0.85397755]
 [ 0.73445948  2.6154294 ]
 [ 0.30954927  1.62004578]
 [ 0.25811295 -3.09501037]
 [ 0.10068888 -2.68731297]
 [ 0.78578615  0.84284164]
 [ 0.25400963 -2.40958286]
 [ 1.16669547 -1.44701308]
 [ 1.32862439  0.49404762]]
