[[ 0.76276506 -1.32609033]
 [ 1.18376245  2.98831705]
 [ 1.02785938  0.72205133]
 [ 0.29999415  1.21814291]
 [ 0.80588585 -1.83503525]
 [ 0.95978621  1.86938551]
 [ 0.50921309  2.09987824]
 [ 0.64732717 -2.88732281]]
[[ 0.7628553  -1.32682928]
 [ 1.18433135  2.98778424]
 [ 1.02745254  0.72269085]
 [ 0.30009289  1.21762033]
 [ 0.80569646 -1.83578516]
 [ 0.95935625  1.87005102]
 [ 0.5087727   2.10025355]
 [ 0.64790625 -2.88723049]]
[[ 0.76296736 -1.32775335]
 [ 1.18504224  2.98711562]
 [ 1.02694402  0.72348959]
 [ 0.30021591  1.21696705]
 [ 0.80545907 -1.83672205]
 [ 0.95881863  1.87088206]
 [ 0.50822217  2.10072242]
 [ 0.64863021 -2.88711493]]
[[ 0.76316704 -1.3294177 ]
 [ 1.18632124  2.98590466]
 [ 1.02602877  0.72492548]
 [ 0.30043613  1.21579095]
 [ 0.80502998 -1.83840707]
 [ 0.95785043  1.87237549]
 [ 0.50723116  2.10156555]
 [ 0.64993363 -2.8869065 ]]
[[ 0.76336408 -1.33108333]
 [ 1.18759949  2.98468407]
 [ 1.0251136   0.72635899]
 [ 0.3006548   1.21461458]
 [ 0.80459859 -1.84009026]
 [ 0.9568816   1.87386575]
 [ 0.50624005  2.10240764]
 [ 0.65123746 -2.8866975 ]]
[[ 0.76345082 -1.33182403]
 [ 1.18816734  2.98413842]
 [ 1.02470689  0.72699535]
 [ 0.30075149  1.21409166]
 [ 0.80440614 -1.84083776]
 [ 0.9564508   1.87452707]
 [ 0.50579952  2.10278154]
 [ 0.65181707 -2.88660445]]
[[ 0.76357996 -1.33293556]
 [ 1.18901883  2.98331637]
 [ 1.02409686  0.72794903]
 [ 0.30089595  1.2133072 ]
 [ 0.80411661 -1.84195835]
 [ 0.95580438  1.87551791]
 [ 0.5051387   2.10334203]
 [ 0.65268662 -2.88646466]]
