[[ 0.75385588 -1.26773965]
 [ 1.13768315  3.02561235]
 [ 1.06056111  0.66908328]
 [ 0.81955998 -1.77376793]
 [ 0.9938632   1.81386356]
 [ 0.54448795  2.06907278]
 [ 0.60111078 -2.89437534]]
[[ 0.75414989 -1.26934762]
 [ 1.13898503  3.02469859]
 [ 1.05964315  0.67061568]
 [ 0.81921857 -1.77551289]
 [ 0.99291992  1.8154794 ]
 [ 0.54350095  2.06995525]
 [ 0.60239963 -2.89418709]]
[[ 0.75447371 -1.27113641]
 [ 1.14043088  3.02367503]
 [ 1.05862324  0.67231509]
 [ 0.81883637 -1.77745021]
 [ 0.99187086  1.81727065]
 [ 0.54240402  2.07093446]
 [ 0.6038321  -2.89397742]]
[[ 0.75460239 -1.27185252]
 [ 1.14100906  3.02326313]
 [ 1.05821526  0.67299386]
 [ 0.81868268 -1.77822464]
 [ 0.99145096  1.81798587]
 [ 0.5419652   2.07132572]
 [ 0.60440526 -2.8938934 ]]
[[ 0.75489005 -1.27346498]
 [ 1.14230963  3.02233145]
 [ 1.05729734  0.67451896]
 [ 0.81833504 -1.77996599]
 [ 0.9905057   1.8195926 ]
 [ 0.54097777  2.07220529]
 [ 0.60569514 -2.89370391]]
[[ 0.75520674 -1.27525863]
 [ 1.14375409  3.02128806]
 [ 1.05627753  0.67621017]
 [ 0.29236622  1.25445166]
 [ 0.81794588 -1.78189909]
 [ 0.98945457  1.82137377]
 [ 0.53988051  2.07318133]
 [ 0.60712882 -2.89349271]]
[[ 0.75548907 -1.27687471]
 [ 1.14505357  3.02034158]
 [ 1.05535975  0.67772923]
 [ 0.2926347   1.25328513]
 [ 0.81759304 -1.78363729]
 [ 0.9885078   1.82297313]
 [ 0.53889286  2.07405862]
 [ 0.60841956 -2.89330204]]
[[ 0.75564483 -1.27777326]
 [ 1.14577529  3.01981265]
 [ 1.05484989  0.67857193]
 [ 0.29278321  1.2526369 ]
 [ 0.81739597 -1.78460231]
 [ 0.9879815   1.82386013]
 [ 0.53834411  2.07454552]
 [ 0.60913682 -2.89319588]]
[[ 0.75576887 -1.27849246]
 [ 1.14635255  3.01938792]
 [ 1.054442    0.67924544]
 [ 0.29290169  1.25211824]
 [ 0.81723776 -1.78537398]
 [ 0.9875603   1.82456896]
 [ 0.53790508  2.0749348 ]
 [ 0.60971072 -2.89311083]]
[[ 0.75589242 -1.279212  ]
 [ 1.1469297   3.01896176]
 [ 1.05403413  0.67991841]
 [ 0.29301987  1.25159951]
 [ 0.81707908 -1.78614535]
 [ 0.98713896  1.82527709]
 [ 0.53746603  2.07532386]
 [ 0.6102847  -2.89302568]]
