[[ 0.34948933 -2.48942577]
 [ 0.30262138 -0.79171394]
 [ 0.50594593 -2.16793264]
 [ 0.16052702  0.61144804]
 [ 0.40795551  2.79199066]
 [ 1.11272865  0.8398189 ]
 [ 0.92801519 -0.95216346]
 [ 0.35462605  2.40508262]
 [ 0.53348949  1.36265726]
 [ 1.43323286 -2.61740754]]
[[ 0.34938643 -2.48950965]
 [ 0.30273454 -0.7917128 ]
 [ 0.50585006 -2.16804504]
 [ 0.16045428  0.61136205]
 [ 0.40808055  2.79193494]
 [ 1.1125956   0.83976724]
 [ 0.92813143 -0.95225138]
 [ 0.35450615  2.40514482]
 [ 0.53339953  1.36276377]
 [ 1.43338578 -2.61724108]]
[[ 0.34928352 -2.48959352]
 [ 0.30284771 -0.79171169]
 [ 0.50575417 -2.16815743]
 [ 0.16038152  0.61127607]
 [ 0.4082056   2.79187922]
 [ 1.11246255  0.83971563]
 [ 0.92824767 -0.95233935]
 [ 0.35438625  2.405207  ]
 [ 0.53330957  1.36287028]
 [ 1.43353868 -2.61707432]]
[[ 0.34907769 -2.48976121]
 [ 0.30307403 -0.79170949]
 [ 0.50556236 -2.16838211]
 [ 0.16023599  0.61110419]
 [ 0.40845572  2.79176781]
 [ 1.11219648  0.83961262]
 [ 0.92848009 -0.95251549]
 [ 0.35414647  2.40533137]
 [ 0.53312969  1.36308331]
 [ 1.43384447 -2.61673977]]
[[ 0.34897478 -2.48984504]
 [ 0.30318719 -0.79170842]
 [ 0.50546644 -2.16849443]
 [ 0.1601632   0.61101827]
 [ 0.40858079  2.7917121 ]
 [ 1.11206344  0.83956122]
 [ 0.92859629 -0.95260364]
 [ 0.35402659  2.40539354]
 [ 0.53303975  1.36318982]
 [ 1.43399736 -2.61657209]]
[[ 0.34887187 -2.48992887]
 [ 0.30330036 -0.79170736]
 [ 0.50537052 -2.16860672]
 [ 0.1600904   0.61093236]
 [ 0.40870586  2.79165638]
 [ 1.11193041  0.83950989]
 [ 0.92871249 -0.95269186]
 [ 0.3539067   2.40545569]
 [ 0.53294981  1.36329633]
 [ 1.43415024 -2.61640415]]
[[ 0.34876895 -2.49001268]
 [ 0.30341353 -0.79170632]
 [ 0.50527459 -2.168719  ]
 [ 0.16001759  0.61084648]
 [ 0.40883093  2.79160066]
 [ 1.11179738  0.83945863]
 [ 0.92882868 -0.95278014]
 [ 0.35378681  2.40551784]
 [ 0.53285988  1.36340283]
 [ 1.43430311 -2.61623592]]
[[ 0.34866606 -2.49009652]
 [ 0.30352671 -0.7917053 ]
 [ 0.50517867 -2.16883129]
 [ 0.15994475  0.6107606 ]
 [ 0.40895601  2.7915449 ]
 [ 1.11166432  0.83940745]
 [ 0.92894487 -0.95286846]
 [ 0.35366692  2.40557995]
 [ 0.53276992  1.36350931]
 [ 1.434456   -2.61606757]]
[[ 0.34856316 -2.49018034]
 [ 0.30363989 -0.7917043 ]
 [ 0.50508274 -2.16894355]
 [ 0.15987191  0.61067474]
 [ 0.40908109  2.79148914]
 [ 1.11153127  0.83935635]
 [ 0.92906106 -0.95295684]
 [ 0.35354703  2.40564205]
 [ 0.53267997  1.3636158 ]
 [ 1.43460888 -2.61589893]]
[[ 0.34846025 -2.49026413]
 [ 0.30375307 -0.79170331]
 [ 0.50498679 -2.16905578]
 [ 0.15979906  0.6105889 ]
 [ 0.40920618  2.7914334 ]
 [ 1.11139824  0.8393053 ]
 [ 0.92917723 -0.95304529]
 [ 0.35342714  2.40570416]
 [ 0.53259005  1.36372229]
 [ 1.43476174 -2.61572989]]
[[ 0.34835734 -2.49034791]
 [ 0.30386624 -0.79170234]
 [ 0.50489082 -2.16916798]
 [ 0.1597262   0.61050309]
 [ 0.40933127  2.79137767]
 [ 1.11126522  0.83925433]
 [ 0.92929339 -0.95313381]
 [ 0.35330726  2.40576627]
 [ 0.53250012  1.36382878]
 [ 1.43491459 -2.61556054]]
[[ 0.34825445 -2.4904317 ]
 [ 0.30397943 -0.79170138]
 [ 0.50479487 -2.16928018]
 [ 0.15965332  0.61041728]
 [ 0.40945637  2.7913219 ]
 [ 1.11113217  0.83920341]
 [ 0.92940955 -0.95322236]
 [ 0.35318738  2.40582834]
 [ 0.53241018  1.36393525]
 [ 1.43506746 -2.615391  ]]
[[ 0.34815157 -2.49051551]
 [ 0.30409262 -0.79170045]
 [ 0.50469893 -2.16939239]
 [ 0.15958041  0.61033148]
 [ 0.40958147  2.7912661 ]
 [ 1.11099911  0.83915259]
 [ 0.92952573 -0.95331097]
 [ 0.35306748  2.40589038]
 [ 0.53232023  1.36404171]
 [ 1.43522033 -2.61522137]]
[[ 0.34804867 -2.49059927]
 [ 0.3042058  -0.79169953]
 [ 0.50460295 -2.16950454]
 [ 0.15950751  0.6102457 ]
 [ 0.40970658  2.79121034]
 [ 1.11086608  0.83910182]
 [ 0.92964187 -0.95339966]
 [ 0.3529476   2.40595244]
 [ 0.5322303   1.36414819]
 [ 1.43537318 -2.61505119]]
[[ 0.34784287 -2.49076676]
 [ 0.30443218 -0.79169773]
 [ 0.50441097 -2.1697288 ]
 [ 0.15936167  0.61007421]
 [ 0.40995682  2.79109881]
 [ 1.11060002  0.83900049]
 [ 0.92987413 -0.9535772 ]
 [ 0.35270785  2.40607654]
 [ 0.53205047  1.36436113]
 [ 1.43567886 -2.61471002]]
[[ 0.34773998 -2.4908505 ]
 [ 0.30454536 -0.79169685]
 [ 0.50431497 -2.1698409 ]
 [ 0.15928873  0.60998849]
 [ 0.41008194  2.79104303]
 [ 1.11046699  0.83894993]
 [ 0.92999025 -0.95366606]
 [ 0.35258797  2.40613857]
 [ 0.53196055  1.36446759]
 [ 1.43583169 -2.61453904]]
[[ 0.34773998 -2.4908505 ]
 [ 0.30454536 -0.79169685]
 [ 0.50431497 -2.1698409 ]
 [ 0.15928873  0.60998849]
 [ 0.41008194  2.79104303]
 [ 1.11046699  0.83894993]
 [ 0.92999025 -0.95366606]
 [ 0.35258797  2.40613857]
 [ 0.53196055  1.36446759]
 [ 1.43583169 -2.61453904]]
[[ 0.34763709 -2.49093424]
 [ 0.30465856 -0.791696  ]
 [ 0.50421897 -2.16995299]
 [ 0.15921578  0.60990279]
 [ 0.41020707  2.79098725]
 [ 1.11033396  0.83889944]
 [ 0.93010637 -0.95375497]
 [ 0.35246809  2.40620058]
 [ 0.53187063  1.36457405]
 [ 1.43598453 -2.61436777]]
[[ 0.34763709 -2.49093424]
 [ 0.30465856 -0.791696  ]
 [ 0.50421897 -2.16995299]
 [ 0.15921578  0.60990279]
 [ 0.41020707  2.79098725]
 [ 1.11033396  0.83889944]
 [ 0.93010637 -0.95375497]
 [ 0.35246809  2.40620058]
 [ 0.53187063  1.36457405]
 [ 1.43598453 -2.61436777]]
[[ 0.3475342  -2.49101796]
 [ 0.30477175 -0.79169515]
 [ 0.50412296 -2.17006505]
 [ 0.15914281  0.6098171 ]
 [ 0.41033221  2.79093146]
 [ 1.11020093  0.83884901]
 [ 0.93022247 -0.95384395]
 [ 0.35234822  2.40626259]
 [ 0.53178072  1.3646805 ]
 [ 1.43613735 -2.61419619]]
[[ 0.3475342  -2.49101796]
 [ 0.30477175 -0.79169515]
 [ 0.50412296 -2.17006505]
 [ 0.15914281  0.6098171 ]
 [ 0.41033221  2.79093146]
 [ 1.11020093  0.83884901]
 [ 0.93022247 -0.95384395]
 [ 0.35234822  2.40626259]
 [ 0.53178072  1.3646805 ]
 [ 1.43613735 -2.61419619]]
[[ 0.34743132 -2.49110169]
 [ 0.30488495 -0.79169433]
 [ 0.50402695 -2.17017711]
 [ 0.15906983  0.60973142]
 [ 0.41045735  2.79087565]
 [ 1.11006789  0.83879867]
 [ 0.93033859 -0.95393298]
 [ 0.35222834  2.40632457]
 [ 0.53169079  1.36478695]
 [ 1.43629018 -2.61402444]]
[[ 0.34743132 -2.49110169]
 [ 0.30488495 -0.79169433]
 [ 0.50402695 -2.17017711]
 [ 0.15906983  0.60973142]
 [ 0.41045735  2.79087565]
 [ 1.11006789  0.83879867]
 [ 0.93033859 -0.95393298]
 [ 0.35222834  2.40632457]
 [ 0.53169079  1.36478695]
 [ 1.43629018 -2.61402444]]
[[ 0.34743132 -2.49110169]
 [ 0.30488495 -0.79169433]
 [ 0.50402695 -2.17017711]
 [ 0.15906983  0.60973142]
 [ 0.41045735  2.79087565]
 [ 1.11006789  0.83879867]
 [ 0.93033859 -0.95393298]
 [ 0.35222834  2.40632457]
 [ 0.53169079  1.36478695]
 [ 1.43629018 -2.61402444]]
