[[ 0.64678213 -0.88684725]
 [ 0.80007712  2.56375744]
 [ 0.26495702  1.66892421]
 [ 0.32274069 -3.10463844]
 [ 0.7236885   0.86167386]
 [ 0.20378378 -2.45156666]
 [ 1.18621006 -1.62837522]
 [ 1.25606481  0.53888079]]
[[ 0.64721591 -0.88713953]
 [ 0.80058655  2.56331693]
 [ 0.26460754  1.66930342]
 [ 0.32325438 -3.10470955]
 [ 0.72320739  0.86183578]
 [ 0.20339351 -2.45189131]
 [ 1.18630125 -1.62987855]
 [ 1.25550145  0.53921072]]
[[ 0.64732434 -0.8872127 ]
 [ 0.80071387  2.56320671]
 [ 0.26452016  1.66939821]
 [ 0.32338281 -3.10472732]
 [ 0.72308713  0.8618763 ]
 [ 0.20329594 -2.45197247]
 [ 1.1863239  -1.63025458]
 [ 1.25536064  0.5392932 ]]
[[ 0.64743277 -0.88728591]
 [ 0.80084119  2.56309645]
 [ 0.26443278  1.66949301]
 [ 0.32351124 -3.10474509]
 [ 0.72296688  0.86191684]
 [ 0.20319838 -2.45205363]
 [ 1.18634648 -1.63063067]
 [ 1.25521984  0.53937567]]
[[ 0.6476496  -0.88743243]
 [ 0.80109581  2.56287583]
 [ 0.26425804  1.66968258]
 [ 0.32376813 -3.10478061]
 [ 0.7227264   0.86199795]
 [ 0.20300327 -2.45221593]
 [ 1.18639145 -1.631383  ]
 [ 1.25493824  0.53954054]]
[[ 0.64775801 -0.88750574]
 [ 0.80122311  2.56276546]
 [ 0.26417066  1.66977736]
 [ 0.32389658 -3.10479837]
 [ 0.72260617  0.86203852]
 [ 0.20290571 -2.45229707]
 [ 1.18641384 -1.63175928]
 [ 1.25479746  0.53962297]]
[[ 0.64786642 -0.88757909]
 [ 0.8013504   2.56265506]
 [ 0.26408328  1.66987214]
 [ 0.32402503 -3.10481612]
 [ 0.72248594  0.86207912]
 [ 0.20280817 -2.45237822]
 [ 1.18643616 -1.63213561]
 [ 1.25465668  0.53970539]]
[[ 0.6479748  -0.88765247]
 [ 0.80147769  2.56254462]
 [ 0.26399591  1.66996691]
 [ 0.3241535  -3.10483387]
 [ 0.72236572  0.86211972]
 [ 0.20271062 -2.45245935]
 [ 1.18645842 -1.63251199]
 [ 1.2545159   0.53978777]]
[[ 0.64808319 -0.88772588]
 [ 0.80160497  2.56243414]
 [ 0.26390854  1.67006168]
 [ 0.32428198 -3.10485161]
 [ 0.72224551  0.86216033]
 [ 0.20261309 -2.45254048]
 [ 1.18648062 -1.63288842]
 [ 1.25437513  0.53987013]]
[[ 0.64819157 -0.88779934]
 [ 0.80173224  2.56232361]
 [ 0.26382116  1.67015644]
 [ 0.32441045 -3.10486936]
 [ 0.72212529  0.86220096]
 [ 0.20251555 -2.45262162]
 [ 1.18650277 -1.63326492]
 [ 1.25423436  0.53995251]]
[[ 0.6484083  -0.88794635]
 [ 0.80198677  2.56210247]
 [ 0.26364641  1.67034596]
 [ 0.32466742 -3.10490482]
 [ 0.7218849   0.86228226]
 [ 0.20232049 -2.45278386]
 [ 1.18654684 -1.63401811]
 [ 1.25395285  0.54011719]]
[[ 0.64851665 -0.88801991]
 [ 0.80211403  2.56199184]
 [ 0.26355904  1.67044071]
 [ 0.32479592 -3.10492255]
 [ 0.72176471  0.86232292]
 [ 0.20222296 -2.45286498]
 [ 1.18656879 -1.63439478]
 [ 1.25381211  0.5401995 ]]
[[ 0.648625   -0.8880935 ]
 [ 0.80224127  2.56188117]
 [ 0.26347166  1.67053546]
 [ 0.32492442 -3.10494028]
 [ 0.72164452  0.8623636 ]
 [ 0.20212545 -2.4529461 ]
 [ 1.18659067 -1.63477153]
 [ 1.25367137  0.54028182]]
[[ 0.64873335 -0.88816713]
 [ 0.80236851  2.56177045]
 [ 0.26338429  1.6706302 ]
 [ 0.32505293 -3.104958  ]
 [ 0.72152434  0.8624043 ]
 [ 0.20202793 -2.45302721]
 [ 1.1866125  -1.63514832]
 [ 1.25353063  0.54036412]]
[[ 0.64884167 -0.88824079]
 [ 0.80249576  2.56165971]
 [ 0.26329692  1.67072493]
 [ 0.32518146 -3.10497572]
 [ 0.72140416  0.86244499]
 [ 0.20193043 -2.45310832]
 [ 1.18663425 -1.63552514]
 [ 1.25338989  0.54044637]]
[[ 0.64905832 -0.88838822]
 [ 0.8027502   2.56143811]
 [ 0.26312217  1.6709144 ]
 [ 0.3254385  -3.10501114]
 [ 0.72116383  0.86252645]
 [ 0.20173541 -2.45327052]
 [ 1.18667757 -1.63627904]
 [ 1.25310846  0.5406109 ]]
[[ 0.64949149 -0.88868348]
 [ 0.80325906  2.5609944 ]
 [ 0.26277267  1.67129325]
 [ 0.32595273 -3.10508195]
 [ 0.7206832   0.86268947]
 [ 0.20134548 -2.45359488]
 [ 1.18676347 -1.63778734]
 [ 1.25254559  0.54093968]]
[[ 0.64959976 -0.88875737]
 [ 0.80338627  2.56088336]
 [ 0.2626853   1.67138795]
 [ 0.32608131 -3.10509965]
 [ 0.72056305  0.86273024]
 [ 0.20124801 -2.45367596]
 [ 1.18678479 -1.63816453]
 [ 1.25240488  0.54102183]]
[[ 0.64970802 -0.8888313 ]
 [ 0.80351347  2.56077231]
 [ 0.26259793  1.67148265]
 [ 0.3262099  -3.10511733]
 [ 0.72044291  0.86277104]
 [ 0.20115054 -2.45375703]
 [ 1.18680604 -1.63854178]
 [ 1.25226418  0.54110394]]
[[ 0.64992451 -0.88897925]
 [ 0.80376787  2.56055003]
 [ 0.26242318  1.67167201]
 [ 0.32646712 -3.10515271]
 [ 0.72020261  0.86285264]
 [ 0.20095565 -2.45391917]
 [ 1.18684836 -1.63929639]
 [ 1.25198276  0.54126813]]
[[ 0.65014099 -0.88912737]
 [ 0.80402221  2.56032765]
 [ 0.26224843  1.67186138]
 [ 0.32672432 -3.10518805]
 [ 0.71996239  0.86293433]
 [ 0.20076073 -2.45408129]
 [ 1.18689041 -1.64005134]
 [ 1.25170142  0.54143232]]
[[ 0.65035743 -0.88927564]
 [ 0.80427653  2.56010515]
 [ 0.2620737   1.67205075]
 [ 0.32698154 -3.10522337]
 [ 0.71972219  0.86301607]
 [ 0.20056583 -2.45424339]
 [ 1.1869322  -1.64080651]
 [ 1.2514201   0.54159643]]
[[ 0.65057384 -0.88942404]
 [ 0.80453081  2.55988247]
 [ 0.26189896  1.67224009]
 [ 0.3272388  -3.10525868]
 [ 0.71948201  0.86309787]
 [ 0.20037094 -2.45440548]
 [ 1.18697374 -1.6415619 ]
 [ 1.2511388   0.54176049]]
[[ 0.65079022 -0.88957257]
 [ 0.8047851   2.5596596 ]
 [ 0.26172421  1.67242939]
 [ 0.3274961  -3.10529399]
 [ 0.71924182  0.86317969]
 [ 0.2001761  -2.45456756]
 [ 1.18701504 -1.64231745]
 [ 1.25085749  0.54192448]]
[[ 0.6508984  -0.88964688]
 [ 0.80491223  2.55954809]
 [ 0.26163683  1.67252403]
 [ 0.32762477 -3.10531165]
 [ 0.71912173  0.86322061]
 [ 0.20007869 -2.4546486 ]
 [ 1.18703561 -1.64269529]
 [ 1.25071684  0.54200646]]
[[ 0.65100656 -0.88972122]
 [ 0.80503936  2.55943655]
 [ 0.26154946  1.67261867]
 [ 0.32775346 -3.1053293 ]
 [ 0.71900164  0.86326154]
 [ 0.19998129 -2.45472963]
 [ 1.1870561  -1.64307316]
 [ 1.25057618  0.54208839]]
[[ 0.65111472 -0.8897956 ]
 [ 0.80516649  2.55932497]
 [ 0.26146209  1.6727133 ]
 [ 0.32788214 -3.10534694]
 [ 0.71888156  0.86330249]
 [ 0.19988389 -2.45481066]
 [ 1.18707653 -1.64345111]
 [ 1.25043554  0.54217032]]
[[ 0.65122287 -0.88987002]
 [ 0.8052936   2.55921336]
 [ 0.26137471  1.67280793]
 [ 0.32801082 -3.10536458]
 [ 0.71876149  0.86334346]
 [ 0.19978649 -2.45489168]
 [ 1.1870969  -1.64382913]
 [ 1.25029491  0.54225226]]
[[ 0.65165539 -0.89016806]
 [ 0.80580198  2.55876659]
 [ 0.26102524  1.67318644]
 [ 0.32852561 -3.10543507]
 [ 0.7182813   0.86350746]
 [ 0.1993969  -2.45521571]
 [ 1.18717769 -1.64534174]
 [ 1.24973247  0.54257978]]
[[ 0.65197963 -0.89039219]
 [ 0.80618308  2.558432  ]
 [ 0.26076341  1.67347072]
 [ 0.3289114  -3.10548745]
 [ 0.71792172  0.8636309 ]
 [ 0.19910428 -2.45545842]
 [ 1.18723717 -1.64647745]
 [ 1.24931124  0.54282512]]
[[ 0.65208765 -0.89046696]
 [ 0.80631016  2.5583205 ]
 [ 0.26067621  1.67356551]
 [ 0.32904004 -3.10550482]
 [ 0.71780193  0.86367206]
 [ 0.19900672 -2.45553925]
 [ 1.18725681 -1.64685604]
 [ 1.24917088  0.54290671]]
[[ 0.6521957  -0.89054173]
 [ 0.80643725  2.55820876]
 [ 0.26058895  1.67366021]
 [ 0.32916875 -3.10552229]
 [ 0.71768204  0.86371318]
 [ 0.19890929 -2.45562014]
 [ 1.18727649 -1.64723458]
 [ 1.24903041  0.54298837]]
[[ 0.65230377 -0.89061648]
 [ 0.80656431  2.55809673]
 [ 0.26050157  1.67375478]
 [ 0.32929753 -3.10553991]
 [ 0.717562    0.86375425]
 [ 0.19881196 -2.45570113]
 [ 1.18729624 -1.64761307]
 [ 1.2488898   0.54307013]]
[[ 0.65241182 -0.89069128]
 [ 0.80669137  2.55798471]
 [ 0.26041421  1.67384937]
 [ 0.32942629 -3.10555749]
 [ 0.717442    0.86379535]
 [ 0.1987146  -2.4557821 ]
 [ 1.18731589 -1.64799164]
 [ 1.24874924  0.54315187]]
[[ 0.65251987 -0.89076612]
 [ 0.80681841  2.55787266]
 [ 0.26032685  1.67394396]
 [ 0.32955506 -3.10557507]
 [ 0.71732201  0.86383647]
 [ 0.19861724 -2.45586307]
 [ 1.18733547 -1.64837028]
 [ 1.24860868  0.5432336 ]]
[[ 0.65262792 -0.890841  ]
 [ 0.80694544  2.55776057]
 [ 0.26023948  1.67403854]
 [ 0.32968383 -3.10559265]
 [ 0.71720202  0.8638776 ]
 [ 0.19851989 -2.45594404]
 [ 1.187355   -1.64874898]
 [ 1.24846812  0.54331532]]
[[ 0.65284397 -0.89099085]
 [ 0.80719951  2.55753626]
 [ 0.26006476  1.67422769]
 [ 0.32994141 -3.10562778]
 [ 0.71696205  0.86395988]
 [ 0.19832521 -2.45610595]
 [ 1.18739386 -1.64950649]
 [ 1.24818702  0.54347869]]
[[ 0.65295198 -0.89106583]
 [ 0.80732653  2.55742405]
 [ 0.2599774   1.67432226]
 [ 0.3300702  -3.10564534]
 [ 0.71684208  0.86400105]
 [ 0.19822787 -2.45618689]
 [ 1.18741318 -1.64988532]
 [ 1.24804648  0.54356035]]
[[ 0.65306    -0.89114085]
 [ 0.80745354  2.55731181]
 [ 0.25989004  1.67441683]
 [ 0.330199   -3.1056629 ]
 [ 0.71672212  0.86404223]
 [ 0.19813054 -2.45626784]
 [ 1.18743245 -1.65026422]
 [ 1.24790595  0.54364201]]
[[ 0.65316799 -0.89121589]
 [ 0.80758055  2.55719952]
 [ 0.25980269  1.67451139]
 [ 0.33032782 -3.10568046]
 [ 0.71660215  0.86408341]
 [ 0.19803321 -2.45634878]
 [ 1.18745165 -1.65064315]
 [ 1.24776542  0.54372364]]
[[ 0.65338399 -0.89136612]
 [ 0.80783452  2.55697482]
 [ 0.25962796  1.6747005 ]
 [ 0.33058544 -3.10571557]
 [ 0.71636225  0.86416584]
 [ 0.19783856 -2.45651067]
 [ 1.18748988 -1.65140126]
 [ 1.2474844   0.54388694]]
[[ 0.65349197 -0.89144128]
 [ 0.80796151  2.55686243]
 [ 0.2595406   1.67479506]
 [ 0.33071427 -3.10573311]
 [ 0.71624232  0.86420707]
 [ 0.19774124 -2.4565916 ]
 [ 1.18750889 -1.65178036]
 [ 1.24734389  0.54396853]]
[[ 0.65359994 -0.89151647]
 [ 0.80808849  2.55674999]
 [ 0.25945324  1.6748896 ]
 [ 0.3308431  -3.10575065]
 [ 0.71612238  0.86424831]
 [ 0.19764393 -2.45667253]
 [ 1.18752784 -1.65215952]
 [ 1.24720339  0.54405013]]
[[ 0.6537079  -0.8915917 ]
 [ 0.80821546  2.55663751]
 [ 0.25936588  1.67498414]
 [ 0.33097194 -3.10576819]
 [ 0.71600245  0.86428957]
 [ 0.19754662 -2.45675346]
 [ 1.18754672 -1.65253874]
 [ 1.24706289  0.54413171]]
[[ 0.65381585 -0.89166697]
 [ 0.80834243  2.556525  ]
 [ 0.25927852  1.67507869]
 [ 0.33110078 -3.10578571]
 [ 0.71588253  0.86433084]
 [ 0.19744931 -2.45683437]
 [ 1.18756553 -1.65291799]
 [ 1.2469224   0.54421326]]
[[ 0.6539238  -0.89174227]
 [ 0.80846939  2.55641245]
 [ 0.25919117  1.67517322]
 [ 0.33122964 -3.10580324]
 [ 0.71576261  0.86437211]
 [ 0.19735201 -2.45691529]
 [ 1.18758428 -1.6532973 ]
 [ 1.24678192  0.5442948 ]]
[[ 0.65403173 -0.8918176 ]
 [ 0.80859634  2.55629985]
 [ 0.25910381  1.67526775]
 [ 0.3313585  -3.10582076]
 [ 0.71564269  0.8644134 ]
 [ 0.19725472 -2.4569962 ]
 [ 1.18760298 -1.65367664]
 [ 1.24664143  0.54437632]]
[[ 0.65413966 -0.89189297]
 [ 0.80872329  2.55618722]
 [ 0.25901645  1.67536228]
 [ 0.33148736 -3.10583828]
 [ 0.71552279  0.86445471]
 [ 0.19715742 -2.45707711]
 [ 1.1876216  -1.65405606]
 [ 1.24650096  0.54445785]]
[[ 0.65424758 -0.89196838]
 [ 0.80885023  2.55607455]
 [ 0.25892909  1.6754568 ]
 [ 0.33161624 -3.10585579]
 [ 0.71540288  0.86449602]
 [ 0.19706014 -2.45715801]
 [ 1.18764016 -1.65443551]
 [ 1.24636049  0.54453934]]
[[ 0.6544634  -0.8921193 ]
 [ 0.80910408  2.5558491 ]
 [ 0.25875438  1.67564583]
 [ 0.331874   -3.10589081]
 [ 0.7151631   0.8645787 ]
 [ 0.19686556 -2.45731981]
 [ 1.18767709 -1.6551946 ]
 [ 1.24607958  0.54470232]]
[[ 0.65467923 -0.8922704 ]
 [ 0.80935786  2.55562349]
 [ 0.25857964  1.67583486]
 [ 0.33213175 -3.10592584]
 [ 0.71492335  0.86466146]
 [ 0.19667099 -2.45748163]
 [ 1.18771378 -1.65595402]
 [ 1.24579871  0.54486536]]
[[ 0.65478713 -0.892346  ]
 [ 0.80948475  2.55551063]
 [ 0.25849228  1.67592936]
 [ 0.33226063 -3.10594334]
 [ 0.71480349  0.86470285]
 [ 0.19657371 -2.45756252]
 [ 1.18773202 -1.6563338 ]
 [ 1.24565829  0.54494684]]
[[ 0.65489504 -0.89242165]
 [ 0.80961161  2.55539771]
 [ 0.2584049   1.67602386]
 [ 0.33238952 -3.10596086]
 [ 0.71468363  0.86474427]
 [ 0.19647644 -2.45764343]
 [ 1.18775022 -1.65671366]
 [ 1.24551787  0.54502835]]
[[ 0.65511083 -0.89257305]
 [ 0.80986531  2.55517179]
 [ 0.25823016  1.67621285]
 [ 0.3326473  -3.10599587]
 [ 0.71444394  0.86482715]
 [ 0.19628189 -2.45780523]
 [ 1.1877864  -1.65747356]
 [ 1.24523708  0.54519135]]
[[ 0.65521871 -0.89264881]
 [ 0.80999215  2.55505877]
 [ 0.25814278  1.67630734]
 [ 0.3327762  -3.10601336]
 [ 0.7143241   0.86486861]
 [ 0.19618462 -2.45788613]
 [ 1.18780439 -1.65785358]
 [ 1.24509669  0.54527282]]
[[ 0.65543444 -0.89280041]
 [ 0.81024583  2.55483262]
 [ 0.25796805  1.67649631]
 [ 0.33303403 -3.10604834]
 [ 0.71408444  0.86495155]
 [ 0.19599011 -2.45804789]
 [ 1.18784018 -1.65861372]
 [ 1.24481591  0.54543568]]
[[ 0.65543444 -0.89280041]
 [ 0.81024583  2.55483262]
 [ 0.25796805  1.67649631]
 [ 0.33303403 -3.10604834]
 [ 0.71408444  0.86495155]
 [ 0.19599011 -2.45804789]
 [ 1.18784018 -1.65861372]
 [ 1.24481591  0.54543568]]
[[ 0.65554229 -0.89287627]
 [ 0.81037266  2.55471948]
 [ 0.25788068  1.67659079]
 [ 0.33316295 -3.10606583]
 [ 0.71396462  0.86499304]
 [ 0.19589285 -2.45812878]
 [ 1.18785799 -1.6589939 ]
 [ 1.24467554  0.54551712]]
[[ 0.65575798 -0.89302809]
 [ 0.81062629  2.55449309]
 [ 0.25770594  1.67677973]
 [ 0.33342082 -3.10610078]
 [ 0.713725    0.86507606]
 [ 0.19569836 -2.45829052]
 [ 1.18789339 -1.65975435]
 [ 1.2443948   0.54567991]]
[[ 0.6558658  -0.89310406]
 [ 0.8107531   2.55437984]
 [ 0.25761858  1.6768742 ]
 [ 0.33354977 -3.10611825]
 [ 0.7136052   0.86511759]
 [ 0.19560111 -2.45837139]
 [ 1.187911   -1.66013465]
 [ 1.24425444  0.54576129]]
[[ 0.65597362 -0.89318006]
 [ 0.8108799   2.55426657]
 [ 0.25753122  1.67696867]
 [ 0.33367872 -3.10613571]
 [ 0.71348541  0.86515914]
 [ 0.19550387 -2.45845225]
 [ 1.18792853 -1.66051499]
 [ 1.24411409  0.54584264]]
[[ 0.65608144 -0.8932561 ]
 [ 0.81100669  2.55415324]
 [ 0.25744385  1.67706312]
 [ 0.33380767 -3.10615317]
 [ 0.71336562  0.86520069]
 [ 0.19540664 -2.45853311]
 [ 1.18794601 -1.6608954 ]
 [ 1.24397375  0.545924  ]]
[[ 0.65618925 -0.89333218]
 [ 0.81113347  2.55403988]
 [ 0.25735648  1.67715758]
 [ 0.33393662 -3.10617063]
 [ 0.71324584  0.86524227]
 [ 0.1953094  -2.45861397]
 [ 1.18796342 -1.66127587]
 [ 1.24383342  0.54600535]]
[[ 0.65662038 -0.89363682]
 [ 0.81164055  2.55358603]
 [ 0.25700703  1.67753536]
 [ 0.33445255 -3.10624042]
 [ 0.71276676  0.86540866]
 [ 0.19492052 -2.45893734]
 [ 1.18803241 -1.66279811]
 [ 1.24327211  0.54633054]]
[[ 0.65672812 -0.89371305]
 [ 0.81176733  2.55347246]
 [ 0.25691967  1.67762979]
 [ 0.33458157 -3.10625785]
 [ 0.71264699  0.86545027]
 [ 0.19482333 -2.45901817]
 [ 1.1880495  -1.66317872]
 [ 1.24313178  0.54641175]]
[[ 0.65715903 -0.89401836]
 [ 0.81227434  2.55301782]
 [ 0.25657024  1.67800747]
 [ 0.33509767 -3.10632753]
 [ 0.712168    0.86561686]
 [ 0.19443456 -2.45934144]
 [ 1.18811719 -1.66470173]
 [ 1.24257054  0.54673655]]
[[ 0.65726675 -0.89409478]
 [ 0.81240106  2.55290405]
 [ 0.25648287  1.67810188]
 [ 0.33522671 -3.10634495]
 [ 0.71204827  0.86565855]
 [ 0.19433738 -2.45942226]
 [ 1.18813396 -1.66508263]
 [ 1.24243025  0.54681774]]
[[ 0.65769756 -0.89440084]
 [ 0.81290788  2.55244857]
 [ 0.2561334   1.67847946]
 [ 0.33574292 -3.10641461]
 [ 0.71156939  0.86582541]
 [ 0.1939487  -2.45974551]
 [ 1.1882004  -1.66660671]
 [ 1.24186914  0.54714242]]
[[ 0.65780523 -0.89447744]
 [ 0.81303457  2.55233461]
 [ 0.25604604  1.67857385]
 [ 0.33587199 -3.10643201]
 [ 0.71144968  0.86586716]
 [ 0.19385154 -2.45982631]
 [ 1.18821684 -1.66698784]
 [ 1.24172887  0.54722354]]
[[ 0.65791288 -0.89455406]
 [ 0.81316128  2.55222061]
 [ 0.25595869  1.67866823]
 [ 0.33600108 -3.1064494 ]
 [ 0.71132998  0.8659089 ]
 [ 0.19375439 -2.45990709]
 [ 1.18823322 -1.66736895]
 [ 1.2415886   0.5473046 ]]
[[ 0.65802054 -0.89463073]
 [ 0.81328796  2.55210657]
 [ 0.25587133  1.67876261]
 [ 0.33613017 -3.10646679]
 [ 0.71121029  0.86595067]
 [ 0.19365724 -2.45998788]
 [ 1.18824953 -1.66775017]
 [ 1.24144835  0.5473857 ]]
[[ 0.65812818 -0.89470742]
 [ 0.81341465  2.55199248]
 [ 0.25578397  1.67885698]
 [ 0.33625927 -3.10648417]
 [ 0.71109059  0.86599244]
 [ 0.19356011 -2.46006866]
 [ 1.18826578 -1.66813137]
 [ 1.24130809  0.54746674]]
[[ 0.65855869 -0.8950146 ]
 [ 0.81392129  2.55153578]
 [ 0.25543454  1.67923444]
 [ 0.33677572 -3.10655367]
 [ 0.7106119   0.86615969]
 [ 0.19317157 -2.46039175]
 [ 1.18833012 -1.66965681]
 [ 1.24074715  0.54779089]]
[[ 0.65866628 -0.89509148]
 [ 0.81404794  2.55142151]
 [ 0.25534719  1.6793288 ]
 [ 0.33690485 -3.10657103]
 [ 0.71049224  0.86620152]
 [ 0.19307444 -2.46047251]
 [ 1.18834604 -1.67003825]
 [ 1.24060693  0.54787187]]
[[ 0.65877387 -0.89516839]
 [ 0.81417459  2.5513072 ]
 [ 0.25525984  1.67942315]
 [ 0.337034   -3.10658838]
 [ 0.71037259  0.86624337]
 [ 0.19297732 -2.46055326]
 [ 1.18836189 -1.67041974]
 [ 1.24046671  0.54795284]]
[[ 0.65888144 -0.89524534]
 [ 0.81430123  2.55119285]
 [ 0.25517249  1.6795175 ]
 [ 0.33716315 -3.10660573]
 [ 0.71025295  0.86628523]
 [ 0.19288021 -2.46063401]
 [ 1.18837768 -1.67080127]
 [ 1.2403265   0.54803378]]
[[ 0.65898901 -0.89532232]
 [ 0.81442786  2.55107847]
 [ 0.25508514  1.67961184]
 [ 0.3372923  -3.10662307]
 [ 0.71013331  0.8663271 ]
 [ 0.1927831  -2.46071475]
 [ 1.1883934  -1.67118285]
 [ 1.24018629  0.54811472]]
[[ 0.65909658 -0.89539935]
 [ 0.81455448  2.55096404]
 [ 0.25499779  1.67970618]
 [ 0.33742146 -3.10664042]
 [ 0.71001367  0.86636899]
 [ 0.19268599 -2.4607955 ]
 [ 1.18840907 -1.67156449]
 [ 1.2400461   0.54819566]]
[[ 0.65920414 -0.8954764 ]
 [ 0.81468111  2.55084958]
 [ 0.25491044  1.67980052]
 [ 0.33755063 -3.10665775]
 [ 0.70989404  0.86641089]
 [ 0.19258889 -2.46087623]
 [ 1.18842466 -1.67194615]
 [ 1.2399059   0.54827657]]
[[ 0.65931168 -0.89555349]
 [ 0.81480772  2.55073506]
 [ 0.25482309  1.67989485]
 [ 0.3376798  -3.10667509]
 [ 0.70977442  0.86645279]
 [ 0.1924918  -2.46095697]
 [ 1.18844019 -1.67232785]
 [ 1.23976571  0.54835747]]
[[ 0.65941921 -0.89563062]
 [ 0.81493433  2.55062052]
 [ 0.25473575  1.67998917]
 [ 0.33780899 -3.10669242]
 [ 0.7096548   0.86649471]
 [ 0.1923947  -2.4610377 ]
 [ 1.18845565 -1.6727096 ]
 [ 1.23962552  0.54843835]]
[[ 0.65952674 -0.89570778]
 [ 0.81506093  2.55050593]
 [ 0.2546484   1.6800835 ]
 [ 0.33793817 -3.10670974]
 [ 0.70953519  0.86653665]
 [ 0.19229761 -2.46111842]
 [ 1.18847105 -1.6730914 ]
 [ 1.23948535  0.54851922]]
[[ 0.65974177 -0.89586222]
 [ 0.8153141   2.55027666]
 [ 0.25447371  1.68027214]
 [ 0.33819657 -3.10674437]
 [ 0.70929599  0.86662055]
 [ 0.19210344 -2.46127986]
 [ 1.18850165 -1.67385512]
 [ 1.23920502  0.54868092]]
[[ 0.65984927 -0.89593949]
 [ 0.81544068  2.55016194]
 [ 0.25438636  1.68036645]
 [ 0.33832578 -3.10676169]
 [ 0.70917639  0.86666252]
 [ 0.19200637 -2.46136057]
 [ 1.18851686 -1.67423704]
 [ 1.23906485  0.54876176]]
[[ 0.66006427 -0.89609415]
 [ 0.8156938   2.54993241]
 [ 0.25421165  1.68055505]
 [ 0.3385842  -3.10679632]
 [ 0.70893722  0.86674651]
 [ 0.19181222 -2.46152201]
 [ 1.18854708 -1.67500107]
 [ 1.23878455  0.54892344]]
[[ 0.66017177 -0.89617154]
 [ 0.81582033  2.54981757]
 [ 0.25412429  1.68064935]
 [ 0.33871341 -3.10681364]
 [ 0.70881764  0.86678853]
 [ 0.19171516 -2.46160273]
 [ 1.18856211 -1.67538318]
 [ 1.23864442  0.54900429]]
[[ 0.66027928 -0.89624899]
 [ 0.81594684  2.54970269]
 [ 0.25403692  1.68074364]
 [ 0.33884262 -3.10683097]
 [ 0.70869807  0.86683058]
 [ 0.19161809 -2.46168346]
 [ 1.18857707 -1.6757654 ]
 [ 1.2385043   0.54908518]]
[[ 0.66038677 -0.89632646]
 [ 0.81607334  2.54958777]
 [ 0.25394955  1.68083793]
 [ 0.33897183 -3.10684829]
 [ 0.70857851  0.86687263]
 [ 0.19152102 -2.46176419]
 [ 1.18859197 -1.67614765]
 [ 1.23836419  0.54916605]]
[[ 0.66060174 -0.89648152]
 [ 0.81632633  2.54935782]
 [ 0.25377482  1.6810265 ]
 [ 0.33923027 -3.10688291]
 [ 0.70833941  0.86695678]
 [ 0.1913269  -2.46192563]
 [ 1.18862157 -1.67691227]
 [ 1.23808398  0.54932775]]
[[ 0.66070921 -0.89655911]
 [ 0.81645282  2.54924279]
 [ 0.25368745  1.68112077]
 [ 0.33935951 -3.10690022]
 [ 0.70821987  0.86699888]
 [ 0.19122985 -2.46200634]
 [ 1.18863628 -1.67729465]
 [ 1.23794388  0.54940858]]
[[ 0.66081668 -0.89663673]
 [ 0.81657929  2.54912771]
 [ 0.25360009  1.68121505]
 [ 0.33948874 -3.10691752]
 [ 0.70810033  0.86704099]
 [ 0.1911328  -2.46208705]
 [ 1.18865091 -1.67767708]
 [ 1.2378038   0.5494894 ]]
[[ 0.6609241  -0.89671437]
 [ 0.81670579  2.54901261]
 [ 0.25351274  1.68130932]
 [ 0.33961801 -3.1069348 ]
 [ 0.7079808   0.86708309]
 [ 0.19103576 -2.46216774]
 [ 1.18866547 -1.67805946]
 [ 1.2376637   0.54957013]]
[[ 0.66103152 -0.89679204]
 [ 0.81683229  2.54889746]
 [ 0.25342539  1.68140358]
 [ 0.33974729 -3.10695208]
 [ 0.70786126  0.86712519]
 [ 0.19093874 -2.46224842]
 [ 1.18867997 -1.67844186]
 [ 1.2375236   0.54965084]]
[[ 0.66113893 -0.89686974]
 [ 0.81695878  2.54878227]
 [ 0.25333804  1.68149784]
 [ 0.33987658 -3.10696935]
 [ 0.70774174  0.86716731]
 [ 0.19084172 -2.46232909]
 [ 1.1886944  -1.6788243 ]
 [ 1.23738351  0.54973153]]
[[ 0.66156851 -0.89718096]
 [ 0.81746462  2.54832111]
 [ 0.25298862  1.68187484]
 [ 0.34039375 -3.10703843]
 [ 0.7072637   0.86733594]
 [ 0.19045365 -2.46265179]
 [ 1.18875149 -1.68035462]
 [ 1.23682323  0.5500543 ]]
[[ 0.66189064 -0.89741477]
 [ 0.81784389  2.5479748 ]
 [ 0.25272654  1.68215754]
 [ 0.34078167 -3.10709022]
 [ 0.70690523  0.86746257]
 [ 0.19016263 -2.46289381]
 [ 1.18879364 -1.68150291]
 [ 1.23640309  0.55029635]]
[[ 0.661998   -0.89749278]
 [ 0.81797031  2.54785927]
 [ 0.25263918  1.68225176]
 [ 0.340911   -3.10710748]
 [ 0.70678575  0.86750479]
 [ 0.19006564 -2.46297447]
 [ 1.18880757 -1.68188573]
 [ 1.23626305  0.550377  ]]
[[ 0.66210534 -0.89757081]
 [ 0.81809673  2.54774372]
 [ 0.25255183  1.68234598]
 [ 0.34104034 -3.10712472]
 [ 0.70666627  0.86754702]
 [ 0.18996866 -2.46305512]
 [ 1.18882141 -1.68226855]
 [ 1.23612301  0.55045759]]
[[ 0.66221266 -0.89764887]
 [ 0.81822315  2.54762813]
 [ 0.25246449  1.6824402 ]
 [ 0.34116969 -3.10714196]
 [ 0.70654681  0.86758927]
 [ 0.18987167 -2.46313576]
 [ 1.18883519 -1.6826514 ]
 [ 1.23598298  0.55053817]]
[[ 0.66231998 -0.89772697]
 [ 0.81834956  2.54751249]
 [ 0.25237714  1.68253441]
 [ 0.34129905 -3.10715919]
 [ 0.70642734  0.86763152]
 [ 0.1897747  -2.4632164 ]
 [ 1.18884891 -1.6830343 ]
 [ 1.23584295  0.55061873]]
[[ 0.66242729 -0.89780512]
 [ 0.81847596  2.54739682]
 [ 0.25228979  1.68262862]
 [ 0.34142841 -3.10717642]
 [ 0.70630789  0.86767379]
 [ 0.18967773 -2.46329704]
 [ 1.18886257 -1.68341726]
 [ 1.23570293  0.5506993 ]]
[[ 0.66264188 -0.89796151]
 [ 0.81872874  2.54716536]
 [ 0.2521151   1.68281702]
 [ 0.34168716 -3.10721086]
 [ 0.70606899  0.86775836]
 [ 0.18948379 -2.4634583 ]
 [ 1.18888967 -1.68418325]
 [ 1.23542291  0.55086037]]
[[ 0.66274919 -0.89803978]
 [ 0.81885509  2.54704957]
 [ 0.25202774  1.68291122]
 [ 0.34181652 -3.1072281 ]
 [ 0.70594956  0.86780069]
 [ 0.18938682 -2.46353894]
 [ 1.18890314 -1.6845664 ]
 [ 1.23528292  0.55094097]]
[[ 0.6628565  -0.89811809]
 [ 0.81898142  2.54693372]
 [ 0.25194037  1.68300541]
 [ 0.34194588 -3.10724534]
 [ 0.70583013  0.86784303]
 [ 0.18928986 -2.46361959]
 [ 1.18891655 -1.68494961]
 [ 1.23514294  0.55102157]]
[[ 0.6629638  -0.89819643]
 [ 0.81910775  2.54681784]
 [ 0.251853    1.6830996 ]
 [ 0.34207525 -3.10726257]
 [ 0.70571071  0.86788538]
 [ 0.18919289 -2.46370023]
 [ 1.18892989 -1.68533285]
 [ 1.23500297  0.55110215]]
[[ 0.66307108 -0.89827482]
 [ 0.81923408  2.54670192]
 [ 0.25176564  1.68319379]
 [ 0.34220462 -3.1072798 ]
 [ 0.7055913   0.86792775]
 [ 0.18909593 -2.46378087]
 [ 1.18894316 -1.68571614]
 [ 1.234863    0.55118272]]
[[ 0.66317837 -0.89835324]
 [ 0.81936039  2.54658596]
 [ 0.25167827  1.68328797]
 [ 0.342334   -3.10729702]
 [ 0.70547189  0.86797013]
 [ 0.18899898 -2.46386151]
 [ 1.18895637 -1.68609947]
 [ 1.23472305  0.55126328]]
[[ 0.66328564 -0.89843169]
 [ 0.81948669  2.54646997]
 [ 0.25159091  1.68338215]
 [ 0.34246338 -3.10731424]
 [ 0.70535249  0.86801252]
 [ 0.18890202 -2.46394214]
 [ 1.18896951 -1.68648284]
 [ 1.2345831   0.55134383]]
[[ 0.6633929  -0.89851018]
 [ 0.819613    2.54635393]
 [ 0.25150355  1.68347632]
 [ 0.34259278 -3.10733145]
 [ 0.70523309  0.86805492]
 [ 0.18880508 -2.46402276]
 [ 1.18898259 -1.68686621]
 [ 1.23444314  0.55142435]]
[[ 0.66350016 -0.89858871]
 [ 0.81973929  2.54623784]
 [ 0.25141618  1.68357049]
 [ 0.34272218 -3.10734867]
 [ 0.7051137   0.86809733]
 [ 0.18870814 -2.46410339]
 [ 1.18899561 -1.68724966]
 [ 1.2343032   0.55150489]]
[[ 0.66371465 -0.89874588]
 [ 0.81999185  2.54600555]
 [ 0.25124145  1.68375881]
 [ 0.342981   -3.10738308]
 [ 0.70487493  0.8681822 ]
 [ 0.18851427 -2.46426463]
 [ 1.18902144 -1.68801667]
 [ 1.23402333  0.55166591]]
[[ 0.66382188 -0.89882452]
 [ 0.82011812  2.54588935]
 [ 0.25115409  1.68385297]
 [ 0.34311041 -3.10740028]
 [ 0.70475556  0.86822465]
 [ 0.18841734 -2.46434525]
 [ 1.18903426 -1.68840023]
 [ 1.23388341  0.5517464 ]]
[[ 0.66403629 -0.89898188]
 [ 0.82037067  2.54565683]
 [ 0.25097938  1.68404127]
 [ 0.3433693  -3.10743466]
 [ 0.70451682  0.86830957]
 [ 0.1882235  -2.46450645]
 [ 1.18905969 -1.68916738]
 [ 1.23360356  0.55190728]]
[[ 0.66435782 -0.89921818]
 [ 0.82074946  2.54530775]
 [ 0.25071733  1.68432369]
 [ 0.34375768 -3.10748617]
 [ 0.70415876  0.86843703]
 [ 0.18793279 -2.4647482 ]
 [ 1.18909734 -1.69031832]
 [ 1.23318383  0.55214845]]
[[ 0.66457216 -0.89937592]
 [ 0.82100192  2.54507481]
 [ 0.25054261  1.68451195]
 [ 0.34401662 -3.10752052]
 [ 0.70392009  0.86852208]
 [ 0.18773899 -2.46490938]
 [ 1.18912212 -1.69108588]
 [ 1.23290404  0.55230924]]
[[ 0.66489359 -0.89961278]
 [ 0.82138057  2.54472509]
 [ 0.25028053  1.68479429]
 [ 0.34440509 -3.10757201]
 [ 0.7035621   0.86864973]
 [ 0.18744835 -2.46515111]
 [ 1.18915881 -1.69223744]
 [ 1.23248439  0.55255031]]
[[ 0.66521495 -0.89984998]
 [ 0.82175914  2.54437503]
 [ 0.25001847  1.68507661]
 [ 0.3447936  -3.10762346]
 [ 0.70320419  0.8687775 ]
 [ 0.18715772 -2.46539281]
 [ 1.18919491 -1.69338939]
 [ 1.23206482  0.55279129]]
[[ 0.66532206 -0.89992912]
 [ 0.82188532  2.54425825]
 [ 0.24993111  1.6851707 ]
 [ 0.34492312 -3.10764061]
 [ 0.70308489  0.86882012]
 [ 0.18706086 -2.46547338]
 [ 1.18920682 -1.69377344]
 [ 1.23192497  0.55287161]]
[[ 0.66564332 -0.90016676]
 [ 0.8222638   2.54390767]
 [ 0.24966903  1.68545296]
 [ 0.34531172 -3.10769203]
 [ 0.70272704  0.86894804]
 [ 0.1867703  -2.46571505]
 [ 1.18924214 -1.69492582]
 [ 1.23150545  0.55311247]]
[[ 0.66607153 -0.9004841 ]
 [ 0.82276835  2.54343967]
 [ 0.24931961  1.68582925]
 [ 0.34582995 -3.10776053]
 [ 0.70224997  0.86911875]
 [ 0.18638295 -2.46603721]
 [ 1.18928831 -1.69646276]
 [ 1.23094616  0.5534334 ]]
[[ 0.66617856 -0.90056353]
 [ 0.82289447  2.54332256]
 [ 0.24923225  1.68592331]
 [ 0.34595953 -3.10777764]
 [ 0.70213072  0.86916145]
 [ 0.18628613 -2.46611774]
 [ 1.18929969 -1.69684709]
 [ 1.23080636  0.55351362]]
[[ 0.6662856  -0.90064301]
 [ 0.82302057  2.54320542]
 [ 0.24914489  1.68601737]
 [ 0.3460891  -3.10779476]
 [ 0.70201148  0.86920419]
 [ 0.1861893  -2.46619828]
 [ 1.18931101 -1.6972315 ]
 [ 1.23066657  0.55359385]]
[[ 0.66639262 -0.90072252]
 [ 0.82314666  2.54308824]
 [ 0.24905753  1.68611143]
 [ 0.34621867 -3.10781187]
 [ 0.70189224  0.86924693]
 [ 0.18609247 -2.46627882]
 [ 1.18932226 -1.69761593]
 [ 1.23052678  0.55367406]]
[[ 0.66649964 -0.90080207]
 [ 0.82327275  2.54297101]
 [ 0.24897017  1.68620548]
 [ 0.34634826 -3.10782898]
 [ 0.70177301  0.86928968]
 [ 0.18599566 -2.46635935]
 [ 1.18933345 -1.69800039]
 [ 1.230387    0.55375426]]
[[ 0.66671366 -0.90096128]
 [ 0.82352488  2.54273643]
 [ 0.24879544  1.68639357]
 [ 0.34660743 -3.1078632 ]
 [ 0.70153457  0.86937523]
 [ 0.18580203 -2.4665204 ]
 [ 1.18935564 -1.69876947]
 [ 1.23010746  0.55391466]]
[[ 0.66682065 -0.90104094]
 [ 0.82365094  2.54261907]
 [ 0.24870808  1.6864876 ]
 [ 0.34673704 -3.1078803 ]
 [ 0.70141536  0.86941802]
 [ 0.18570523 -2.46660093]
 [ 1.18936663 -1.69915405]
 [ 1.2299677   0.55399484]]
[[ 0.66692764 -0.90112063]
 [ 0.82377699  2.54250169]
 [ 0.24862072  1.68658164]
 [ 0.34686664 -3.1078974 ]
 [ 0.70129615  0.86946083]
 [ 0.18560842 -2.46668145]
 [ 1.18937756 -1.69953866]
 [ 1.22982794  0.55407501]]
[[ 0.66703462 -0.90120037]
 [ 0.82390303  2.54238425]
 [ 0.24853335  1.68667566]
 [ 0.34699625 -3.1079145 ]
 [ 0.70117695  0.86950365]
 [ 0.18551162 -2.46676197]
 [ 1.18938842 -1.69992333]
 [ 1.22968819  0.55415518]]
[[ 0.66714159 -0.90128014]
 [ 0.82402906  2.54226678]
 [ 0.24844599  1.68676969]
 [ 0.34712587 -3.10793159]
 [ 0.70105776  0.86954648]
 [ 0.18541482 -2.46684248]
 [ 1.18939922 -1.70030802]
 [ 1.22954846  0.55423533]]
[[ 0.66724854 -0.90135994]
 [ 0.8241551   2.54214926]
 [ 0.24835863  1.68686371]
 [ 0.3472555  -3.10794867]
 [ 0.70093856  0.86958931]
 [ 0.18531804 -2.46692298]
 [ 1.18940994 -1.70069271]
 [ 1.22940871  0.55431543]]
[[ 0.66735548 -0.90143977]
 [ 0.82428113  2.54203171]
 [ 0.24827127  1.68695773]
 [ 0.34738515 -3.10796575]
 [ 0.70081938  0.86963215]
 [ 0.18522126 -2.46700348]
 [ 1.18942061 -1.70107743]
 [ 1.22926897  0.55439553]]
[[ 0.66746242 -0.90151965]
 [ 0.82440714  2.54191411]
 [ 0.24818391  1.68705174]
 [ 0.34751478 -3.10798282]
 [ 0.7007002   0.86967502]
 [ 0.18512447 -2.46708399]
 [ 1.18943121 -1.70146223]
 [ 1.22912925  0.55447565]]
[[ 0.66756935 -0.90159957]
 [ 0.82453315  2.54179648]
 [ 0.24809655  1.68714575]
 [ 0.34764443 -3.1079999 ]
 [ 0.70058103  0.8697179 ]
 [ 0.1850277  -2.46716448]
 [ 1.18944174 -1.70184704]
 [ 1.22898953  0.55455574]]
[[ 0.66799697 -0.90191959]
 [ 0.82503711  2.54132556]
 [ 0.24774714  1.68752177]
 [ 0.34816308 -3.10806813]
 [ 0.70010442  0.86988952]
 [ 0.18464063 -2.46748642]
 [ 1.18948319 -1.7033866 ]
 [ 1.22843072  0.55487597]]
[[ 0.66821069 -0.90207979]
 [ 0.82528909  2.54108985]
 [ 0.24757245  1.68770974]
 [ 0.34842248 -3.1081022 ]
 [ 0.69986614  0.86997538]
 [ 0.18444714 -2.46764734]
 [ 1.18950351 -1.70415646]
 [ 1.22815133  0.55503592]]
[[ 0.66853125 -0.9023204 ]
 [ 0.82566696  2.54073596]
 [ 0.24731039  1.68799167]
 [ 0.3488116  -3.10815331]
 [ 0.69950877  0.87010427]
 [ 0.18415692 -2.46788873]
 [ 1.18953352 -1.7053116 ]
 [ 1.2277323   0.55527587]]
[[ 0.66863808 -0.90240067]
 [ 0.8257929   2.54061793]
 [ 0.24722305  1.68808565]
 [ 0.34894131 -3.10817033]
 [ 0.69938966  0.87014726]
 [ 0.18406019 -2.46796918]
 [ 1.18954339 -1.70569671]
 [ 1.22759264  0.55535582]]
[[ 0.66874488 -0.90248097]
 [ 0.82591886  2.54049986]
 [ 0.24713571  1.68817962]
 [ 0.34907106 -3.10818733]
 [ 0.69927056  0.87019025]
 [ 0.18396347 -2.46804961]
 [ 1.18955318 -1.70608178]
 [ 1.22745297  0.5554357 ]]
[[ 0.66895846 -0.90264168]
 [ 0.82617074  2.5402636 ]
 [ 0.24696105  1.68836755]
 [ 0.34933055 -3.10822133]
 [ 0.69903237  0.87027627]
 [ 0.18377003 -2.46821046]
 [ 1.18957256 -1.70685206]
 [ 1.22717366  0.55559546]]
[[ 0.66906524 -0.90272208]
 [ 0.82629667  2.54014541]
 [ 0.24687371  1.68846151]
 [ 0.34946031 -3.10823832]
 [ 0.69891328  0.8703193 ]
 [ 0.18367332 -2.46829089]
 [ 1.18958215 -1.70723723]
 [ 1.22703402  0.55567532]]
[[ 0.669172   -0.90280253]
 [ 0.8264226   2.54002717]
 [ 0.24678638  1.68855546]
 [ 0.34959007 -3.10825531]
 [ 0.6987942   0.87036234]
 [ 0.18357661 -2.46837131]
 [ 1.18959168 -1.70762245]
 [ 1.22689438  0.55575517]]
[[ 0.66927876 -0.90288302]
 [ 0.82654851  2.5399089 ]
 [ 0.24669904  1.68864941]
 [ 0.34971984 -3.1082723 ]
 [ 0.69867513  0.87040539]
 [ 0.18347991 -2.46845172]
 [ 1.18960114 -1.70800769]
 [ 1.22675475  0.55583501]]
[[ 0.66938552 -0.90296354]
 [ 0.82667442  2.53979059]
 [ 0.24661171  1.68874336]
 [ 0.34984962 -3.10828928]
 [ 0.69855606  0.87044846]
 [ 0.1833832  -2.46853213]
 [ 1.18961053 -1.70839298]
 [ 1.22661512  0.55591484]]
[[ 0.66949226 -0.9030441 ]
 [ 0.82680032  2.53967223]
 [ 0.24652437  1.6888373 ]
 [ 0.3499794  -3.10830626]
 [ 0.698437    0.87049153]
 [ 0.18328651 -2.46861255]
 [ 1.18961987 -1.70877828]
 [ 1.2264755   0.55599467]]
[[ 0.66959899 -0.90312469]
 [ 0.82692621  2.53955383]
 [ 0.24643704  1.68893124]
 [ 0.35010919 -3.10832323]
 [ 0.69831794  0.87053462]
 [ 0.18318982 -2.46869295]
 [ 1.18962913 -1.70916362]
 [ 1.22633589  0.55607447]]
[[ 0.66970572 -0.90320532]
 [ 0.82705209  2.53943538]
 [ 0.2463497   1.68902517]
 [ 0.35023899 -3.10834021]
 [ 0.69819889  0.87057772]
 [ 0.18309314 -2.46877336]
 [ 1.18963834 -1.70954899]
 [ 1.22619627  0.55615428]]
[[ 0.66981244 -0.90328599]
 [ 0.82717796  2.53931689]
 [ 0.24626237  1.6891191 ]
 [ 0.35036878 -3.10835718]
 [ 0.69807985  0.87062084]
 [ 0.18299646 -2.46885377]
 [ 1.18964747 -1.70993441]
 [ 1.22605668  0.55623409]]
[[ 0.67002585 -0.90344744]
 [ 0.82742969  2.5390798 ]
 [ 0.2460877   1.68930695]
 [ 0.35062841 -3.10839111]
 [ 0.69784177  0.8707071 ]
 [ 0.18280311 -2.46901456]
 [ 1.18966555 -1.71070529]
 [ 1.22577748  0.55639363]]
[[ 0.67013256 -0.90352822]
 [ 0.82755553  2.53896117]
 [ 0.24600035  1.68940085]
 [ 0.35075822 -3.10840809]
 [ 0.69772274  0.87075025]
 [ 0.18270645 -2.46909497]
 [ 1.1896745  -1.71109082]
 [ 1.2256379   0.55647343]]
[[ 0.67023927 -0.90360906]
 [ 0.82768134  2.53884249]
 [ 0.24591299  1.68949476]
 [ 0.35088803 -3.10842508]
 [ 0.69760371  0.87079343]
 [ 0.18260978 -2.46917538]
 [ 1.1896834  -1.71147643]
 [ 1.22549832  0.55655327]]
[[ 0.67045268 -0.90377084]
 [ 0.82793293  2.53860499]
 [ 0.24573827  1.68968255]
 [ 0.35114767 -3.10845905]
 [ 0.69736567  0.87087981]
 [ 0.18241647 -2.46933622]
 [ 1.189701   -1.71224774]
 [ 1.22521919  0.55671291]]
[[ 0.67055936 -0.90385178]
 [ 0.82805872  2.53848618]
 [ 0.24565091  1.68977643]
 [ 0.3512775  -3.10847602]
 [ 0.69724665  0.87092302]
 [ 0.18231982 -2.46941663]
 [ 1.1897097  -1.71263343]
 [ 1.22507963  0.55679271]]
[[ 0.67066605 -0.90393276]
 [ 0.8281845   2.53836733]
 [ 0.24556355  1.68987032]
 [ 0.35140733 -3.108493  ]
 [ 0.69712765  0.87096625]
 [ 0.18222318 -2.46949703]
 [ 1.18971833 -1.71301917]
 [ 1.22494008  0.55687251]]
[[ 0.67077272 -0.90401379]
 [ 0.82831026  2.53824844]
 [ 0.24547619  1.6899642 ]
 [ 0.35153717 -3.10850997]
 [ 0.69700865  0.87100949]
 [ 0.18212653 -2.46957744]
 [ 1.18972691 -1.71340494]
 [ 1.22480054  0.55695231]]
[[ 0.67087939 -0.90409484]
 [ 0.82843603  2.5381295 ]
 [ 0.24538883  1.69005808]
 [ 0.35166702 -3.10852694]
 [ 0.69688966  0.87105273]
 [ 0.1820299  -2.46965784]
 [ 1.18973541 -1.71379073]
 [ 1.224661    0.55703209]]
[[ 0.67109268 -0.90425706]
 [ 0.82868753  2.5378915 ]
 [ 0.24521411  1.69024581]
 [ 0.35192673 -3.10856087]
 [ 0.69665169  0.87113926]
 [ 0.18183664 -2.46981864]
 [ 1.18975222 -1.71456238]
 [ 1.22438193  0.5571916 ]]
[[ 0.67119931 -0.90433822]
 [ 0.82881328  2.53777245]
 [ 0.24512675  1.69033968]
 [ 0.35205661 -3.10857782]
 [ 0.69653271  0.87118254]
 [ 0.18174002 -2.46989902]
 [ 1.18976052 -1.71494822]
 [ 1.2242424   0.55727132]]
[[ 0.67130593 -0.90441943]
 [ 0.82893901  2.53765335]
 [ 0.2450394   1.69043354]
 [ 0.35218648 -3.10859477]
 [ 0.69641374  0.87122583]
 [ 0.1816434  -2.4699794 ]
 [ 1.18976876 -1.71533412]
 [ 1.22410289  0.55735105]]
[[ 0.67141256 -0.90450067]
 [ 0.82906473  2.53753421]
 [ 0.24495203  1.6905274 ]
 [ 0.35231636 -3.10861172]
 [ 0.69629478  0.87126915]
 [ 0.18154678 -2.47005979]
 [ 1.18977694 -1.71572007]
 [ 1.22396339  0.55743079]]
[[ 0.67162578 -0.90466327]
 [ 0.82931614  2.53729579]
 [ 0.24477731  1.6907151 ]
 [ 0.35257613 -3.10864561]
 [ 0.69605687  0.87135581]
 [ 0.18135357 -2.47022056]
 [ 1.1897931  -1.71649204]
 [ 1.22368439  0.55759023]]
[[ 0.67173238 -0.90474463]
 [ 0.82944183  2.53717651]
 [ 0.24468995  1.69080894]
 [ 0.35270603 -3.10866256]
 [ 0.69593792  0.87139915]
 [ 0.18125697 -2.47030094]
 [ 1.18980108 -1.71687807]
 [ 1.2235449   0.55766993]]
[[ 0.67183896 -0.90482602]
 [ 0.82956752  2.5370572 ]
 [ 0.24460259  1.69090278]
 [ 0.35283593 -3.10867949]
 [ 0.69581898  0.87144251]
 [ 0.18116037 -2.47038131]
 [ 1.18980899 -1.71726411]
 [ 1.22340541  0.55774962]]
[[ 0.67215862 -0.90507039]
 [ 0.82994458  2.53669905]
 [ 0.24434055  1.69118428]
 [ 0.3532257  -3.10873023]
 [ 0.69546221  0.87157263]
 [ 0.18087061 -2.47062237]
 [ 1.1898323  -1.71842231]
 [ 1.22298699  0.5579885 ]]
[[ 0.67237169 -0.90523349]
 [ 0.83019591  2.53646007]
 [ 0.24416585  1.69137193]
 [ 0.35348558 -3.10876405]
 [ 0.69522438  0.87165944]
 [ 0.18067745 -2.47078307]
 [ 1.18984751 -1.7191946 ]
 [ 1.22270807  0.55814774]]
[[ 0.67258469 -0.90539673]
 [ 0.83044723  2.53622093]
 [ 0.24399116  1.69155957]
 [ 0.3537455  -3.10879784]
 [ 0.69498658  0.87174628]
 [ 0.18048432 -2.47094373]
 [ 1.18986245 -1.71996692]
 [ 1.22242917  0.55830685]]
[[ 0.67279769 -0.90556013]
 [ 0.83069849  2.53598161]
 [ 0.24381646  1.69174718]
 [ 0.35400543 -3.10883163]
 [ 0.6947488   0.87183319]
 [ 0.1802912  -2.47110441]
 [ 1.18987714 -1.72073942]
 [ 1.22215029  0.55846601]]
[[ 0.67322357 -0.90588736]
 [ 0.83120092  2.53550242]
 [ 0.24346705  1.69212234]
 [ 0.35452538 -3.10889919]
 [ 0.6942733   0.87200713]
 [ 0.17990504 -2.47142573]
 [ 1.18990575 -1.72228471]
 [ 1.2215926   0.55878419]]
[[ 0.67343646 -0.90605121]
 [ 0.83145208  2.53526258]
 [ 0.24329235  1.6923099 ]
 [ 0.35478539 -3.10893294]
 [ 0.69403559  0.87209418]
 [ 0.17971198 -2.47158637]
 [ 1.18991965 -1.72305752]
 [ 1.2213138   0.55894322]]
[[ 0.6735429  -0.90613319]
 [ 0.83157765  2.5351426 ]
 [ 0.243205    1.69240367]
 [ 0.3549154  -3.10894981]
 [ 0.69391674  0.87213772]
 [ 0.17961545 -2.47166668]
 [ 1.18992651 -1.72344397]
 [ 1.22117441  0.55902273]]
[[ 0.67375574 -0.90629726]
 [ 0.83182876  2.5349025 ]
 [ 0.24303029  1.69259121]
 [ 0.35517544 -3.10898355]
 [ 0.69367907  0.87222484]
 [ 0.17942242 -2.47182731]
 [ 1.18994002 -1.72421696]
 [ 1.22089564  0.55918171]]
[[ 0.67386216 -0.90637935]
 [ 0.83195429  2.53478237]
 [ 0.24294293  1.69268496]
 [ 0.35530547 -3.10900043]
 [ 0.69356023  0.87226842]
 [ 0.17932591 -2.47190763]
 [ 1.18994669 -1.7246035 ]
 [ 1.22075626  0.55926122]]
[[ 0.67396854 -0.90646147]
 [ 0.83207984  2.53466222]
 [ 0.24285558  1.69277872]
 [ 0.35543552 -3.10901728]
 [ 0.6934414   0.872312  ]
 [ 0.17922941 -2.47198792]
 [ 1.18995327 -1.72499002]
 [ 1.22061689  0.55934066]]
[[ 0.67418127 -0.90662581]
 [ 0.83233093  2.53442181]
 [ 0.24268091  1.69296623]
 [ 0.35569565 -3.10905095]
 [ 0.69320378  0.87239919]
 [ 0.17903642 -2.47214848]
 [ 1.18996623 -1.72576306]
 [ 1.22033816  0.55949945]]
[[ 0.67428762 -0.90670804]
 [ 0.83245646  2.53430154]
 [ 0.24259358  1.69305997]
 [ 0.35582572 -3.10906778]
 [ 0.69308497  0.87244281]
 [ 0.17893994 -2.47222876]
 [ 1.18997261 -1.72614962]
 [ 1.2201988   0.55957884]]
[[ 0.67439396 -0.9067903 ]
 [ 0.83258199  2.53418123]
 [ 0.24250624  1.69315372]
 [ 0.3559558  -3.1090846 ]
 [ 0.69296617  0.87248643]
 [ 0.17884345 -2.47230903]
 [ 1.18997893 -1.7265362 ]
 [ 1.22005944  0.5596582 ]]
[[ 0.6745003  -0.90687261]
 [ 0.8327075   2.53406087]
 [ 0.2424189   1.69324745]
 [ 0.35608588 -3.10910144]
 [ 0.69284738  0.87253007]
 [ 0.17874697 -2.47238931]
 [ 1.18998518 -1.72692283]
 [ 1.2199201   0.55973759]]
[[ 0.67460662 -0.90695495]
 [ 0.832833    2.53394047]
 [ 0.24233156  1.69334119]
 [ 0.35621597 -3.10911826]
 [ 0.69272859  0.87257372]
 [ 0.1786505  -2.47246958]
 [ 1.18999137 -1.72730948]
 [ 1.21978076  0.55981696]]
[[ 0.67481924 -0.90711974]
 [ 0.83308399  2.53369955]
 [ 0.24215688  1.69352865]
 [ 0.35647616 -3.10915189]
 [ 0.69249103  0.87266106]
 [ 0.17845756 -2.47263011]
 [ 1.19000353 -1.72808284]
 [ 1.21950211  0.55997565]]
[[ 0.67492556 -0.90720221]
 [ 0.83320944  2.53357901]
 [ 0.24206953  1.69362237]
 [ 0.35660625 -3.10916872]
 [ 0.69237227  0.87270476]
 [ 0.17836109 -2.47271039]
 [ 1.19000953 -1.72846962]
 [ 1.2193628   0.56005504]]
[[ 0.67503187 -0.90728471]
 [ 0.83333489  2.53345843]
 [ 0.24198217  1.69371608]
 [ 0.35673635 -3.10918555]
 [ 0.6922535   0.87274847]
 [ 0.17826462 -2.47279067]
 [ 1.19001546 -1.72885643]
 [ 1.21922349  0.56013443]]
[[ 0.67513817 -0.90736725]
 [ 0.83346033  2.53333781]
 [ 0.24189482  1.69380979]
 [ 0.35686646 -3.10920237]
 [ 0.69213474  0.87279219]
 [ 0.17816817 -2.47287094]
 [ 1.19002133 -1.72924324]
 [ 1.21908419  0.56021379]]
[[ 0.67524444 -0.90744981]
 [ 0.83358579  2.53321716]
 [ 0.24180749  1.69390351]
 [ 0.35699659 -3.10921916]
 [ 0.69201599  0.87283591]
 [ 0.17807172 -2.47295118]
 [ 1.19002711 -1.72963002]
 [ 1.21894489  0.56029308]]
[[ 0.67535069 -0.90753241]
 [ 0.83371124  2.53309647]
 [ 0.24172016  1.69399722]
 [ 0.35712672 -3.10923595]
 [ 0.69189725  0.87287964]
 [ 0.17797527 -2.47303142]
 [ 1.19003282 -1.73001681]
 [ 1.21880559  0.56037236]]
[[ 0.67556317 -0.90769772]
 [ 0.83396212  2.53285496]
 [ 0.24154549  1.69418462]
 [ 0.35738702 -3.10926952]
 [ 0.69165978  0.87296714]
 [ 0.1777824  -2.4731919 ]
 [ 1.19004406 -1.73079046]
 [ 1.21852702  0.56053089]]
[[ 0.6756694  -0.90778043]
 [ 0.83408756  2.53273415]
 [ 0.24145817  1.69427831]
 [ 0.35751718 -3.1092863 ]
 [ 0.69154105  0.8730109 ]
 [ 0.17768597 -2.47327213]
 [ 1.19004958 -1.73117731]
 [ 1.21838774  0.56061013]]
[[ 0.67577562 -0.90786317]
 [ 0.83421297  2.53261329]
 [ 0.24137083  1.69437201]
 [ 0.35764734 -3.10930307]
 [ 0.69142233  0.87305468]
 [ 0.17758954 -2.47335236]
 [ 1.19005503 -1.73156419]
 [ 1.21824847  0.56068937]]
[[ 0.67598803 -0.90802879]
 [ 0.83446378  2.53237144]
 [ 0.24119616  1.69455938]
 [ 0.35790767 -3.10933662]
 [ 0.69118491  0.87314228]
 [ 0.17739669 -2.47351281]
 [ 1.19006574 -1.73233805]
 [ 1.21796995  0.56084785]]
[[ 0.67620042 -0.90819456]
 [ 0.83471454  2.53212941]
 [ 0.24102149  1.69474673]
 [ 0.35816803 -3.10937016]
 [ 0.69094751  0.87322993]
 [ 0.17720386 -2.47367327]
 [ 1.19007619 -1.73311203]
 [ 1.21769146  0.56100632]]
[[ 0.67651894 -0.9084435 ]
 [ 0.83509061  2.53176605]
 [ 0.24075948  1.69502773]
 [ 0.3585586  -3.10942045]
 [ 0.69059146  0.8733615 ]
 [ 0.17691465 -2.47391392]
 [ 1.19009137 -1.73427317]
 [ 1.21727377  0.56124395]]
[[ 0.67694355 -0.90877596]
 [ 0.83559188  2.5312809 ]
 [ 0.24041009  1.69540232]
 [ 0.35907944 -3.1094875 ]
 [ 0.69011678  0.8735371 ]
 [ 0.17652911 -2.4742348 ]
 [ 1.19011073 -1.73582174]
 [ 1.21671692  0.56156077]]
[[ 0.67704967 -0.90885917]
 [ 0.83571718  2.53115951]
 [ 0.24032274  1.69549595]
 [ 0.35920967 -3.10950425]
 [ 0.68999813  0.87358103]
 [ 0.17643273 -2.47431501]
 [ 1.1901154  -1.73620892]
 [ 1.21657772  0.56163994]]
[[ 0.67736797 -0.90910901]
 [ 0.83609306  2.53079511]
 [ 0.24006074  1.69577685]
 [ 0.3596004  -3.10955445]
 [ 0.68964222  0.87371288]
 [ 0.17614363 -2.47455559]
 [ 1.19012899 -1.73737055]
 [ 1.21616017  0.56187734]]
[[ 0.67747406 -0.90919237]
 [ 0.83621832  2.53067355]
 [ 0.23997339  1.69587047]
 [ 0.35973065 -3.1095712 ]
 [ 0.68952359  0.87375686]
 [ 0.17604728 -2.47463579]
 [ 1.1901334  -1.73775783]
 [ 1.21602101  0.56195649]]
[[ 0.67789834 -0.90952618]
 [ 0.83671928  2.53018681]
 [ 0.23962399  1.69624489]
 [ 0.36025173 -3.10963815]
 [ 0.68904911  0.87393287]
 [ 0.17566191 -2.47495658]
 [ 1.1901504  -1.73930714]
 [ 1.21546436  0.562273  ]]
[[ 0.67800439 -0.90960972]
 [ 0.8368445   2.53006502]
 [ 0.23953664  1.69633849]
 [ 0.36038201 -3.10965487]
 [ 0.68893051  0.8739769 ]
 [ 0.17556558 -2.47503676]
 [ 1.19015448 -1.73969451]
 [ 1.21532521  0.5623521 ]]
[[ 0.6783225  -0.90986061]
 [ 0.83722008  2.52969939]
 [ 0.23927458  1.69661925]
 [ 0.36077288 -3.10970505]
 [ 0.68857474  0.8741091 ]
 [ 0.17527661 -2.47527733]
 [ 1.19016634 -1.74085684]
 [ 1.21490783  0.56258942]]
[[ 0.67853451 -0.91002805]
 [ 0.83747045  2.52945545]
 [ 0.2390999   1.69680642]
 [ 0.3610335  -3.10973846]
 [ 0.6883376   0.87419728]
 [ 0.17508397 -2.47543767]
 [ 1.1901739  -1.74163176]
 [ 1.21462961  0.56274754]]
[[ 0.67874649 -0.91019564]
 [ 0.83772076  2.52921131]
 [ 0.2389252   1.69699356]
 [ 0.36129414 -3.10977187]
 [ 0.68810047  0.87428551]
 [ 0.17489136 -2.47559801]
 [ 1.1901812  -1.7424068 ]
 [ 1.21435141  0.56290565]]
[[ 0.67885246 -0.91027949]
 [ 0.83784591  2.52908917]
 [ 0.23883785  1.69708712]
 [ 0.36142448 -3.10978857]
 [ 0.68798192  0.87432964]
 [ 0.17479507 -2.47567817]
 [ 1.19018475 -1.74279432]
 [ 1.21421231  0.56298468]]
[[ 0.67917035 -0.91053127]
 [ 0.83822129  2.52872247]
 [ 0.23857579  1.69736777]
 [ 0.36181551 -3.10983868]
 [ 0.68762627  0.8744621 ]
 [ 0.17450622 -2.47591867]
 [ 1.19019504 -1.74395706]
 [ 1.21379506  0.56322178]]
[[ 0.67927628 -0.91061526]
 [ 0.83834642  2.52860017]
 [ 0.23848845  1.69746132]
 [ 0.36194588 -3.10985535]
 [ 0.68750774  0.87450627]
 [ 0.17440994 -2.47599881]
 [ 1.19019832 -1.74434463]
 [ 1.21365599  0.56330075]]
[[ 0.67938219 -0.91069929]
 [ 0.83847154  2.52847783]
 [ 0.23840111  1.69755486]
 [ 0.36207625 -3.10987202]
 [ 0.68738922  0.87455045]
 [ 0.17431367 -2.47607895]
 [ 1.19020153 -1.74473222]
 [ 1.21351692  0.56337971]]
[[ 0.67948808 -0.91078335]
 [ 0.83859666  2.52835545]
 [ 0.23831379  1.69764841]
 [ 0.36220664 -3.10988868]
 [ 0.6872707   0.87459464]
 [ 0.17421741 -2.47615908]
 [ 1.19020467 -1.74511978]
 [ 1.21337786  0.56345862]]
[[ 0.67959397 -0.91086745]
 [ 0.83872177  2.52823304]
 [ 0.23822646  1.69774195]
 [ 0.36233703 -3.10990533]
 [ 0.6871522   0.87463884]
 [ 0.17412114 -2.4762392 ]
 [ 1.19020774 -1.74550737]
 [ 1.21323881  0.56353754]]
[[ 0.67969984 -0.91095159]
 [ 0.83884688  2.52811057]
 [ 0.23813913  1.69783548]
 [ 0.36246743 -3.10992198]
 [ 0.68703369  0.87468305]
 [ 0.17402488 -2.47631932]
 [ 1.19021075 -1.74589498]
 [ 1.21309975  0.56361644]]
[[ 0.67980571 -0.91103576]
 [ 0.83897197  2.52798806]
 [ 0.23805179  1.69792902]
 [ 0.36259783 -3.10993863]
 [ 0.68691519  0.87472727]
 [ 0.17392863 -2.47639944]
 [ 1.19021369 -1.7462826 ]
 [ 1.21296071  0.56369534]]
[[ 0.68001741 -0.91120423]
 [ 0.83922214  2.52774293]
 [ 0.23787714  1.69811607]
 [ 0.36285866 -3.1099719 ]
 [ 0.68667821  0.87481576]
 [ 0.17373613 -2.47655966]
 [ 1.19021937 -1.74705789]
 [ 1.21268264  0.5638531 ]]
[[ 0.68012325 -0.91128852]
 [ 0.8393472   2.52762028]
 [ 0.23778981  1.69820959]
 [ 0.36298908 -3.10998854]
 [ 0.68655973  0.87486002]
 [ 0.1736399  -2.47663977]
 [ 1.19022211 -1.74744557]
 [ 1.21254362  0.56393198]]
[[ 0.68022909 -0.91137284]
 [ 0.83947226  2.52749759]
 [ 0.23770247  1.6983031 ]
 [ 0.36311951 -3.11000518]
 [ 0.68644125  0.87490429]
 [ 0.17354366 -2.47671988]
 [ 1.1902248  -1.74783327]
 [ 1.21240459  0.56401085]]
[[ 0.68044074 -0.91154162]
 [ 0.83972234  2.52725209]
 [ 0.23752781  1.69849012]
 [ 0.36338037 -3.11003845]
 [ 0.68620433  0.87499287]
 [ 0.1733512  -2.47688009]
 [ 1.19022995 -1.74860875]
 [ 1.21212659  0.56416859]]
[[ 0.68054654 -0.91162607]
 [ 0.83984736  2.52712928]
 [ 0.23744048  1.69858362]
 [ 0.36351082 -3.11005507]
 [ 0.68608587  0.87503719]
 [ 0.17325497 -2.47696019]
 [ 1.19023243 -1.74899651]
 [ 1.21198759  0.56424744]]
[[ 0.68075813 -0.91179507]
 [ 0.84009739  2.52688351]
 [ 0.23726581  1.69877062]
 [ 0.36377172 -3.11008832]
 [ 0.68584897  0.87512584]
 [ 0.17306254 -2.47712039]
 [ 1.19023719 -1.74977208]
 [ 1.21170961  0.56440513]]
[[ 0.68086391 -0.91187963]
 [ 0.84022239  2.52676057]
 [ 0.23717848  1.69886411]
 [ 0.36390219 -3.11010493]
 [ 0.68573054  0.87517018]
 [ 0.17296633 -2.47720048]
 [ 1.19023947 -1.75015987]
 [ 1.21157063  0.56448394]]
[[ 0.68096967 -0.91196422]
 [ 0.84034739  2.52663758]
 [ 0.23709115  1.69895759]
 [ 0.36403266 -3.11012154]
 [ 0.68561211  0.87521454]
 [ 0.17287013 -2.47728056]
 [ 1.19024168 -1.75054768]
 [ 1.21143166  0.56456275]]
[[ 0.68118119 -0.91213354]
 [ 0.84059734  2.52639147]
 [ 0.23691648  1.69914455]
 [ 0.36429361 -3.11015476]
 [ 0.68537526  0.87530329]
 [ 0.17267773 -2.47744074]
 [ 1.19024591 -1.75132339]
 [ 1.21115373  0.56472037]]
[[ 0.6813927  -0.91230302]
 [ 0.84084722  2.52614515]
 [ 0.23674179  1.69933149]
 [ 0.36455456 -3.110188  ]
 [ 0.68513843  0.8753921 ]
 [ 0.17248535 -2.47760093]
 [ 1.19024991 -1.75209924]
 [ 1.21087584  0.56487805]]
[[ 0.68160418 -0.91247265]
 [ 0.84109706  2.52589863]
 [ 0.23656709  1.69951839]
 [ 0.36481555 -3.11022124]
 [ 0.68490162  0.87548096]
 [ 0.17229299 -2.47776113]
 [ 1.19025365 -1.75287515]
 [ 1.21059796  0.56503569]]
[[ 0.68202702 -0.91281236]
 [ 0.84159665  2.52540509]
 [ 0.2362177   1.69989217]
 [ 0.3653376  -3.11028766]
 [ 0.68442807  0.87565881]
 [ 0.17190833 -2.47808146]
 [ 1.19026031 -1.75442712]
 [ 1.21004227  0.56535086]]
[[ 0.68244973 -0.91315266]
 [ 0.84209612  2.52491074]
 [ 0.2358683   1.70026583]
 [ 0.36585981 -3.11035408]
 [ 0.68395458  0.87583682]
 [ 0.17152381 -2.47840178]
 [ 1.19026598 -1.75597928]
 [ 1.20948664  0.56566592]]
[[ 0.68255534 -0.91323783]
 [ 0.84222097  2.52478713]
 [ 0.23578097  1.70035927]
 [ 0.36599035 -3.11037062]
 [ 0.68383625  0.87588136]
 [ 0.17142765 -2.47848181]
 [ 1.19026717 -1.75636731]
 [ 1.20934778  0.56574459]]
[[ 0.6827666  -0.91340828]
 [ 0.84247066  2.52453963]
 [ 0.2356063   1.70054607]
 [ 0.36625152 -3.11040378]
 [ 0.68359956  0.87597045]
 [ 0.17123543 -2.47864193]
 [ 1.19026946 -1.75714343]
 [ 1.20907001  0.565902  ]]
[[ 0.68297776 -0.91357888]
 [ 0.84272032  2.52429208]
 [ 0.23543165  1.70073292]
 [ 0.36651267 -3.11043684]
 [ 0.68336293  0.8760596 ]
 [ 0.17104315 -2.47880197]
 [ 1.19027139 -1.75791955]
 [ 1.20879231  0.56605927]]
[[ 0.68329451 -0.91383507]
 [ 0.8430947   2.52392028]
 [ 0.23516963  1.70101309]
 [ 0.36690446 -3.11048651]
 [ 0.68300799  0.87619341]
 [ 0.17075484 -2.4790421 ]
 [ 1.19027389 -1.75908396]
 [ 1.20837577  0.56629528]]
[[ 0.68350561 -0.91400608]
 [ 0.84334423  2.52367224]
 [ 0.23499495  1.70119988]
 [ 0.36716565 -3.11051958]
 [ 0.68277141  0.87628269]
 [ 0.17056261 -2.47920216]
 [ 1.19027519 -1.75986031]
 [ 1.20809813  0.56645257]]
[[ 0.68371669 -0.91417721]
 [ 0.84359374  2.52342397]
 [ 0.23482027  1.70138662]
 [ 0.36742691 -3.11055267]
 [ 0.68253484  0.876372  ]
 [ 0.17037045 -2.47936222]
 [ 1.19027627 -1.76063668]
 [ 1.20782049  0.56660984]]
[[ 0.68392777 -0.91434852]
 [ 0.84384319  2.52317547]
 [ 0.23464557  1.70157333]
 [ 0.36768819 -3.11058578]
 [ 0.68229827  0.87646136]
 [ 0.17017832 -2.4795223 ]
 [ 1.19027711 -1.76141316]
 [ 1.20754286  0.56676715]]
[[ 0.68434973 -0.91469157]
 [ 0.844342    2.52267804]
 [ 0.23429619  1.70194674]
 [ 0.3682108  -3.11065188]
 [ 0.68182524  0.87664022]
 [ 0.16979406 -2.47984237]
 [ 1.19027792 -1.76296614]
 [ 1.20698771  0.56708152]]
[[ 0.84446653  2.52255352]
 [ 0.23420878  1.70204007]
 [ 0.68170705  0.87668507]
 [ 1.19027804 -1.76335494]
 [ 1.20684903  0.56716051]]
[[ 0.8447159   2.52230447]
 [ 0.23403412  1.70222675]
 [ 0.68147058  0.87677457]
 [ 1.1902779  -1.76413144]
 [ 1.2065715   0.56731757]]
[[ 0.68477292 -0.91503552]
 [ 0.84484012  2.52217815]
 [ 0.23394623  1.70231937]
 [ 0.36873372 -3.11071933]
 [ 0.68135199  0.87681939]
 [ 0.1694107  -2.48016353]
 [ 1.19027897 -1.76452136]
 [ 1.20643243  0.56739815]]
[[ 0.68498241 -0.91520731]
 [ 0.84508995  2.52193064]
 [ 0.23377217  1.70250677]
 [ 0.36899489 -3.11075091]
 [ 0.68111593  0.87690888]
 [ 0.16921779 -2.48032237]
 [ 1.19027712 -1.765296  ]
 [ 1.20615522  0.56755287]]
[[ 0.68529857 -0.91546562]
 [ 0.8454639   2.52155625]
 [ 0.23351019  1.70278667]
 [ 0.36938714 -3.11080038]
 [ 0.68076129  0.87704328]
 [ 0.16892981 -2.48056231]
 [ 1.19027585 -1.76646077]
 [ 1.20573897  0.56778827]]
[[ 0.68571993 -0.91581065]
 [ 0.84596228  2.52105665]
 [ 0.23316087  1.70315993]
 [ 0.36991005 -3.1108662 ]
 [ 0.68028861  0.87722274]
 [ 0.16854573 -2.48088214]
 [ 1.19027311 -1.76801413]
 [ 1.20518416  0.56810207]]
[[ 0.6858253  -0.91589701]
 [ 0.84608683  2.52093159]
 [ 0.23307352  1.70325321]
 [ 0.3700408  -3.11088269]
 [ 0.68017044  0.87726764]
 [ 0.16844974 -2.48096213]
 [ 1.19027229 -1.76840257]
 [ 1.20504548  0.56818058]]
[[ 0.68603594 -0.91606983]
 [ 0.84633592  2.52068134]
 [ 0.23289883  1.70343977]
 [ 0.37030232 -3.11091563]
 [ 0.67993412  0.87735746]
 [ 0.16825777 -2.48112208]
 [ 1.19027044 -1.76917938]
 [ 1.2047681   0.56833751]]
[[ 0.68614127 -0.9161563 ]
 [ 0.84646046  2.52055613]
 [ 0.23281148  1.70353303]
 [ 0.3704331  -3.11093212]
 [ 0.67981596  0.87740238]
 [ 0.16816181 -2.48120205]
 [ 1.19026944 -1.7695678 ]
 [ 1.20462941  0.56841597]]
[[ 0.68635192 -0.91632937]
 [ 0.84670947  2.52030555]
 [ 0.23263676  1.70371954]
 [ 0.37069466 -3.1109651 ]
 [ 0.67957966  0.87749228]
 [ 0.1679699  -2.48136203]
 [ 1.19026724 -1.77034475]
 [ 1.20435207  0.56857295]]
[[ 0.68666774 -0.91658923]
 [ 0.84708296  2.51992941]
 [ 0.23237472  1.70399929]
 [ 0.37108706 -3.11101448]
 [ 0.67922526  0.87762718]
 [ 0.16768204 -2.48160191]
 [ 1.19026339 -1.77151008]
 [ 1.2039361   0.56880821]]
[[ 0.68708872 -0.91693626]
 [ 0.84758083  2.51942731]
 [ 0.23202536  1.70437226]
 [ 0.37161034 -3.11108025]
 [ 0.67875285  0.87780723]
 [ 0.16729829 -2.48192169]
 [ 1.1902573  -1.77306398]
 [ 1.20338158  0.56912178]]
[[ 0.68729914 -0.91711001]
 [ 0.84782969  2.519176  ]
 [ 0.23185068  1.70455873]
 [ 0.371872   -3.11111311]
 [ 0.67851668  0.87789733]
 [ 0.16710642 -2.48208157]
 [ 1.19025386 -1.77384098]
 [ 1.20310436  0.56927852]]
[[ 0.68761471 -0.91737092]
 [ 0.84820293  2.51879864]
 [ 0.23158864  1.70483837]
 [ 0.37226456 -3.1111624 ]
 [ 0.67816245  0.87803256]
 [ 0.16681869 -2.48232138]
 [ 1.19024821 -1.77500652]
 [ 1.20268856  0.56951359]]
[[ 0.68803531 -0.91771933]
 [ 0.84870046  2.51829492]
 [ 0.23123929  1.70521119]
 [ 0.37278807 -3.11122804]
 [ 0.67769025  0.87821301]
 [ 0.1664351  -2.48264106]
 [ 1.19023973 -1.7765606 ]
 [ 1.20213426  0.56982686]]
[[ 0.68845578 -0.91806836]
 [ 0.84919784  2.51779042]
 [ 0.23088991  1.70558393]
 [ 0.37331168 -3.11129366]
 [ 0.67721813  0.87839365]
 [ 0.1660516  -2.48296073]
 [ 1.19023021 -1.7781148 ]
 [ 1.20158005  0.57014005]]
[[ 0.68856086 -0.91815571]
 [ 0.84932216  2.5176642 ]
 [ 0.23080257  1.7056771 ]
 [ 0.3734426  -3.11131005]
 [ 0.67710011  0.87843884]
 [ 0.16595574 -2.48304063]
 [ 1.19022766 -1.77850336]
 [ 1.20144152  0.57021832]]
[[ 0.68866596 -0.91824311]
 [ 0.84944645  2.51753789]
 [ 0.23071522  1.70577026]
 [ 0.37357351 -3.11132647]
 [ 0.6769821   0.87848405]
 [ 0.16585988 -2.48312055]
 [ 1.19022506 -1.77889197]
 [ 1.20130298  0.57029663]]
[[ 0.68877104 -0.91833055]
 [ 0.84957074  2.51741155]
 [ 0.23062786  1.70586342]
 [ 0.37370444 -3.11134287]
 [ 0.67686409  0.87852926]
 [ 0.16576402 -2.48320047]
 [ 1.19022239 -1.77928057]
 [ 1.20116446  0.57037492]]
[[ 0.68898113 -0.91850551]
 [ 0.84981934  2.51715879]
 [ 0.2304532   1.70604975]
 [ 0.37396634 -3.11137561]
 [ 0.6766281   0.8786197 ]
 [ 0.16557234 -2.48336024]
 [ 1.19021681 -1.78005764]
 [ 1.20088742  0.57053136]]
[[ 0.68919117 -0.91868063]
 [ 0.8500679   2.51690586]
 [ 0.23027854  1.70623607]
 [ 0.37422825 -3.11140833]
 [ 0.67639216  0.8787102 ]
 [ 0.16538065 -2.48352   ]
 [ 1.19021096 -1.78083474]
 [ 1.20061042  0.57068776]]
[[ 0.68940118 -0.9188559 ]
 [ 0.85031642  2.51665273]
 [ 0.23010388  1.70642237]
 [ 0.37449019 -3.11144105]
 [ 0.67615622  0.87880074]
 [ 0.16518899 -2.48367975]
 [ 1.19020485 -1.78161185]
 [ 1.20033344  0.57084414]]
[[ 0.68950618 -0.91894361]
 [ 0.85044065  2.5165261 ]
 [ 0.23001654  1.70651551]
 [ 0.37462116 -3.11145741]
 [ 0.67603826  0.87884603]
 [ 0.16509316 -2.48375963]
 [ 1.1902017  -1.78200047]
 [ 1.20019497  0.57092236]]
[[ 0.68961118 -0.91903135]
 [ 0.85056486  2.51639941]
 [ 0.22992919  1.70660864]
 [ 0.37475213 -3.11147378]
 [ 0.67592031  0.87889134]
 [ 0.16499734 -2.48383952]
 [ 1.19019849 -1.7823891 ]
 [ 1.2000565   0.57100059]]
[[ 0.68971618 -0.91911914]
 [ 0.85068906  2.51627264]
 [ 0.22984183  1.70670176]
 [ 0.37488311 -3.11149017]
 [ 0.67580235  0.87893666]
 [ 0.16490154 -2.48391942]
 [ 1.19019523 -1.78277774]
 [ 1.19991803  0.57107883]]
[[ 0.68982117 -0.91920696]
 [ 0.85081325  2.51614584]
 [ 0.22975447  1.70679487]
 [ 0.37501409 -3.11150654]
 [ 0.6756844   0.87898199]
 [ 0.16480573 -2.48399931]
 [ 1.19019189 -1.78316639]
 [ 1.19977956  0.57115705]]
[[ 0.69003112 -0.91938273]
 [ 0.85106159  2.5158921 ]
 [ 0.22957976  1.70698109]
 [ 0.37527608 -3.11153928]
 [ 0.67544852  0.87907268]
 [ 0.16461414 -2.48415909]
 [ 1.19018503 -1.78394369]
 [ 1.19950266  0.57131349]]
[[ 0.69024099 -0.91955864]
 [ 0.85130993  2.51563822]
 [ 0.22940507  1.70716731]
 [ 0.3755381  -3.11157197]
 [ 0.67521267  0.87916342]
 [ 0.16442255 -2.48431883]
 [ 1.19017787 -1.78472093]
 [ 1.19922577  0.57146982]]
[[ 0.69034591 -0.91964665]
 [ 0.85143409  2.51551122]
 [ 0.22931773  1.70726042]
 [ 0.37566912 -3.11158831]
 [ 0.67509476  0.8792088 ]
 [ 0.16432676 -2.48439868]
 [ 1.19017419 -1.78510954]
 [ 1.19908735  0.57154796]]
[[ 0.69045083 -0.91973471]
 [ 0.85155822  2.51538415]
 [ 0.22923038  1.70735352]
 [ 0.37580014 -3.11160466]
 [ 0.67497685  0.8792542 ]
 [ 0.16423098 -2.48447856]
 [ 1.19017046 -1.78549819]
 [ 1.19894892  0.57162614]]
[[ 0.69055574 -0.9198228 ]
 [ 0.85168234  2.51525704]
 [ 0.22914303  1.70744661]
 [ 0.37593117 -3.11162101]
 [ 0.67485894  0.87929961]
 [ 0.1641352  -2.48455843]
 [ 1.19016665 -1.78588685]
 [ 1.1988105   0.57170431]]
[[ 0.69066065 -0.91991094]
 [ 0.85180645  2.51512988]
 [ 0.22905568  1.7075397 ]
 [ 0.3760622  -3.11163735]
 [ 0.67474105  0.87934503]
 [ 0.16403943 -2.48463829]
 [ 1.19016278 -1.78627551]
 [ 1.1986721   0.57178247]]
[[ 0.69087043 -0.92008733]
 [ 0.85205465  2.5148754 ]
 [ 0.22888096  1.70772585]
 [ 0.37632429 -3.11167004]
 [ 0.67450526  0.87943591]
 [ 0.1638479  -2.48479803]
 [ 1.19015485 -1.78705285]
 [ 1.19839528  0.57193878]]
[[ 0.69108016 -0.92026385]
 [ 0.85230282  2.51462076]
 [ 0.22870627  1.70791199]
 [ 0.37658641 -3.1117027 ]
 [ 0.6742695   0.87952682]
 [ 0.1636564  -2.48495774]
 [ 1.19014665 -1.78783013]
 [ 1.1981185   0.57209502]]
[[ 0.69128984 -0.92044054]
 [ 0.85255096  2.51436594]
 [ 0.22853158  1.70809812]
 [ 0.37684856 -3.11173534]
 [ 0.67403377  0.87961778]
 [ 0.16346492 -2.48511743]
 [ 1.19013818 -1.7886074 ]
 [ 1.19784173  0.57225123]]
[[ 0.69139467 -0.92052894]
 [ 0.85267502  2.51423846]
 [ 0.22844423  1.70819117]
 [ 0.37697965 -3.11175166]
 [ 0.67391591  0.87966327]
 [ 0.16336919 -2.48519728]
 [ 1.19013384 -1.78899604]
 [ 1.19770336  0.57232932]]
[[ 0.6914995  -0.92061739]
 [ 0.85279905  2.51411093]
 [ 0.22835687  1.70828423]
 [ 0.37711073 -3.11176798]
 [ 0.67379806  0.87970879]
 [ 0.16327346 -2.48527713]
 [ 1.19012944 -1.78938473]
 [ 1.19756501  0.57240744]]
[[ 0.6918139  -0.92088295]
 [ 0.85317111  2.51372809]
 [ 0.22809483  1.70856337]
 [ 0.37750402 -3.1118169 ]
 [ 0.67344454  0.87984539]
 [ 0.16298628 -2.48551664]
 [ 1.19011583 -1.79055069]
 [ 1.19714996  0.57264167]]
[[ 0.69191866 -0.92097154]
 [ 0.85329512  2.5136004 ]
 [ 0.22800749  1.70865641]
 [ 0.37763514 -3.11183318]
 [ 0.67332672  0.87989094]
 [ 0.16289057 -2.48559646]
 [ 1.19011115 -1.79093931]
 [ 1.19701162  0.57271971]]
[[ 0.69223287 -0.92123753]
 [ 0.85366713  2.51321708]
 [ 0.22774551  1.70893554]
 [ 0.37802854 -3.11188199]
 [ 0.67297331  0.88002765]
 [ 0.16260345 -2.48583587]
 [ 1.19009668 -1.79210509]
 [ 1.19659665  0.5729537 ]]
[[ 0.692547   -0.92150388]
 [ 0.85403904  2.51283331]
 [ 0.22748351  1.70921461]
 [ 0.37842199 -3.11193079]
 [ 0.67261993  0.88016447]
 [ 0.16231638 -2.48607528]
 [ 1.19008164 -1.79327091]
 [ 1.19618173  0.57318767]]
[[ 0.69275639 -0.92168165]
 [ 0.85428691  2.51257721]
 [ 0.22730882  1.70940062]
 [ 0.37868431 -3.11196333]
 [ 0.67238436  0.88025574]
 [ 0.16212502 -2.4862349 ]
 [ 1.1900713  -1.79404816]
 [ 1.19590515  0.57334366]]
[[ 0.69317506 -0.92203765]
 [ 0.85478253  2.51206441]
 [ 0.22695943  1.70977258]
 [ 0.37920904 -3.11202841]
 [ 0.67191328  0.88043841]
 [ 0.16174239 -2.48655411]
 [ 1.19004983 -1.79560264]
 [ 1.19535203  0.57365558]]
[[ 0.69327969 -0.92212675]
 [ 0.85490642  2.51193611]
 [ 0.22687209  1.70986557]
 [ 0.37934024 -3.11204465]
 [ 0.67179554  0.8804841 ]
 [ 0.16164674 -2.4866339 ]
 [ 1.19004429 -1.79599123]
 [ 1.19521377  0.57373351]]
[[ 0.69369811 -0.92248351]
 [ 0.85540188  2.51142246]
 [ 0.22652276  1.71023748]
 [ 0.37986511 -3.11210959]
 [ 0.67132462  0.88066699]
 [ 0.16126419 -2.48695301]
 [ 1.19002144 -1.79754557]
 [ 1.1946608   0.57404518]]
[[ 0.69401184 -0.9227515 ]
 [ 0.85577335  2.51103668]
 [ 0.22626073  1.71051635]
 [ 0.38025883 -3.1121583 ]
 [ 0.67097146  0.88080428]
 [ 0.16097734 -2.48719235]
 [ 1.19000364 -1.79871133]
 [ 1.19424612  0.57427892]]
[[ 0.69432549 -0.92301985]
 [ 0.85614472  2.51065048]
 [ 0.22599869  1.71079518]
 [ 0.3806526  -3.11220699]
 [ 0.67061836  0.88094167]
 [ 0.16069053 -2.48743167]
 [ 1.18998525 -1.7998771 ]
 [ 1.1938315   0.57451262]]
[[ 0.69443002 -0.92310937]
 [ 0.8562685   2.51052166]
 [ 0.22591135  1.71088812]
 [ 0.38078386 -3.11222321]
 [ 0.67050068  0.88098748]
 [ 0.16059493 -2.48751143]
 [ 1.18997898 -1.80026567]
 [ 1.1936933   0.57459049]]
[[ 0.69463906 -0.92328855]
 [ 0.856516    2.51026384]
 [ 0.22573665  1.71107396]
 [ 0.38104642 -3.11225567]
 [ 0.67026531  0.88107916]
 [ 0.16040377 -2.48767098]
 [ 1.18996627 -1.80104284]
 [ 1.19341693  0.57474626]]
[[ 0.69495251 -0.92355759]
 [ 0.8568872   2.50987679]
 [ 0.22547461  1.71135271]
 [ 0.3814403  -3.1123043 ]
 [ 0.66991231  0.88121674]
 [ 0.16011705 -2.48791025]
 [ 1.18994668 -1.8022085 ]
 [ 1.19300241  0.57497982]]
[[ 0.69505697 -0.92364735]
 [ 0.85701092  2.50974768]
 [ 0.22538727  1.71144562]
 [ 0.38157161 -3.1123205 ]
 [ 0.66979466  0.88126262]
 [ 0.16002149 -2.48799   ]
 [ 1.18994001 -1.80259704]
 [ 1.19286425  0.57505766]]
[[ 0.69526584 -0.92382697]
 [ 0.85725835  2.50948939]
 [ 0.22521262  1.71163146]
 [ 0.38183425 -3.11235285]
 [ 0.6695594   0.88135442]
 [ 0.15983036 -2.48814946]
 [ 1.18992644 -1.80337404]
 [ 1.19258797  0.57521323]]
[[ 0.69537026 -0.92391684]
 [ 0.85738204  2.50936015]
 [ 0.22512528  1.71172435]
 [ 0.38196558 -3.11236904]
 [ 0.66944176  0.88140034]
 [ 0.15973481 -2.4882292 ]
 [ 1.18991958 -1.80376255]
 [ 1.19244983  0.57529103]]
[[ 0.69547466 -0.92400675]
 [ 0.85750573  2.50923089]
 [ 0.22503796  1.71181726]
 [ 0.38209691 -3.11238519]
 [ 0.66932415  0.88144626]
 [ 0.15963926 -2.48830891]
 [ 1.18991262 -1.80415103]
 [ 1.1923117   0.57536879]]
[[ 0.69557905 -0.9240967 ]
 [ 0.85762941  2.50910158]
 [ 0.22495064  1.71191016]
 [ 0.38222825 -3.11240136]
 [ 0.66920654  0.8814922 ]
 [ 0.15954371 -2.48838864]
 [ 1.18990561 -1.80453951]
 [ 1.19217358  0.57544656]]
[[ 0.6957878  -0.92427671]
 [ 0.85787675  2.50884283]
 [ 0.22477599  1.71209596]
 [ 0.38249096 -3.11243366]
 [ 0.66897134  0.88158411]
 [ 0.15935263 -2.48854806]
 [ 1.18989137 -1.80531643]
 [ 1.19189736  0.57560205]]
[[ 0.69620523 -0.92463724]
 [ 0.85837124  2.50832468]
 [ 0.22442665  1.71246747]
 [ 0.38301641 -3.1124983 ]
 [ 0.66850099  0.88176808]
 [ 0.15897053 -2.48886694]
 [ 1.18986214 -1.80687036]
 [