[[ 1.14234274 -0.96984848]
 [ 0.43458296  2.05447261]
 [ 0.88293464 -1.47877903]
 [ 0.58252335 -2.72028851]
 [ 0.3666996   1.39532654]
 [ 0.77833065  1.91102246]]
[[ 1.14234274 -0.96984848]
 [ 0.43458296  2.05447261]
 [ 0.88293464 -1.47877903]
 [ 0.58252335 -2.72028851]
 [ 0.3666996   1.39532654]
 [ 0.77833065  1.91102246]]
[[ 1.14234274 -0.96984848]
 [ 0.43458296  2.05447261]
 [ 0.88293464 -1.47877903]
 [ 0.58252335 -2.72028851]
 [ 0.3666996   1.39532654]
 [ 0.77833065  1.91102246]]
[[ 1.14234274 -0.96984848]
 [ 0.43458296  2.05447261]
 [ 0.88293464 -1.47877903]
 [ 0.58252335 -2.72028851]
 [ 0.3666996   1.39532654]
 [ 0.77833065  1.91102246]]
