[[ 0.76754374 -1.37461938]
 [ 1.22038512  2.94940702]
 [ 1.00146184  0.76269088]
 [ 0.79264682 -1.88301249]
 [ 0.93159089  1.91139062]
 [ 0.48055066  2.12384877]
 [ 0.68512477 -2.88109256]]
[[ 0.76757189 -1.37499619]
 [ 1.22066368  2.94907068]
 [ 1.00125919  0.76299656]
 [ 0.79253785 -1.8833753 ]
 [ 0.93137212  1.91170416]
 [ 0.4803299   2.12402985]
 [ 0.68541674 -2.88104284]]
[[ 0.76758593 -1.37518462]
 [ 1.22080295  2.94890222]
 [ 1.00115785  0.76314937]
 [ 0.79248333 -1.88355667]
 [ 0.93126272  1.91186086]
 [ 0.48021951  2.12412035]
 [ 0.68556274 -2.88101799]]
[[ 0.76759994 -1.37537306]
 [ 1.2209422   2.9487336 ]
 [ 1.00105652  0.76330215]
 [ 0.79242879 -1.88373803]
 [ 0.9311533   1.91201752]
 [ 0.48010912  2.12421084]
 [ 0.68570874 -2.88099313]]
[[ 0.76761391 -1.37556151]
 [ 1.22108144  2.94856482]
 [ 1.00095518  0.76345491]
 [ 0.79237423 -1.88391936]
 [ 0.93104388  1.91217413]
 [ 0.47999873  2.12430131]
 [ 0.68585476 -2.88096827]]
[[ 0.76762785 -1.37574998]
 [ 1.22122066  2.94839589]
 [ 1.00085385  0.76360764]
 [ 0.79231964 -1.88410066]
 [ 0.93093445  1.91233072]
 [ 0.47988834  2.12439177]
 [ 0.68600077 -2.8809434 ]]
[[ 0.76764176 -1.37593845]
 [ 1.22135987  2.94822681]
 [ 1.00075252  0.76376035]
 [ 0.79226502 -1.88428194]
 [ 0.93082501  1.91248728]
 [ 0.47977795  2.12448222]
 [ 0.68614679 -2.88091852]]
[[ 0.76766916 -1.37631555]
 [ 1.22163806  2.94788966]
 [ 1.00055031  0.76406578]
 [ 0.79215527 -1.88464432]
 [ 0.93060639  1.91280108]
 [ 0.47955732  2.12466361]
 [ 0.6864385  -2.88086821]]
[[ 0.76768277 -1.3765042 ]
 [ 1.22177704  2.94772115]
 [ 1.00044934  0.76421855]
 [ 0.79210027 -1.88482552]
 [ 0.93049709  1.91295816]
 [ 0.47944701  2.12475442]
 [ 0.68658425 -2.88084296]]
[[ 0.76769641 -1.37669292]
 [ 1.22191596  2.9475523 ]
 [ 1.00034835  0.76437136]
 [ 0.79204528 -1.88500679]
 [ 0.93038773  1.91311517]
 [ 0.47933665  2.12484518]
 [ 0.68673    -2.88081781]]
[[ 0.76771005 -1.37688166]
 [ 1.22205487  2.94738316]
 [ 1.00024733  0.76452415]
 [ 0.79199031 -1.88518806]
 [ 0.93027833  1.91327211]
 [ 0.47922625  2.12493588]
 [ 0.68687576 -2.8807927 ]]
[[ 0.76772365 -1.37707033]
 [ 1.22219385  2.94721373]
 [ 1.00014623  0.76467684]
 [ 0.79193535 -1.88536924]
 [ 0.93016892  1.91342885]
 [ 0.47911588  2.12502649]
 [ 0.68702161 -2.8807676 ]]
[[ 0.76773728 -1.37725892]
 [ 1.22233292  2.9470439 ]
 [ 1.00004504  0.7648294 ]
 [ 0.79188046 -1.88555033]
 [ 0.93005952  1.91358536]
 [ 0.47900553  2.12511699]
 [ 0.68716759 -2.88074255]]
[[ 0.7677509  -1.37744747]
 [ 1.22247205  2.94687365]
 [ 0.99994374  0.76498188]
 [ 0.79182561 -1.88573137]
 [ 0.92995006  1.91374165]
 [ 0.47889517  2.12520735]
 [ 0.68731366 -2.88071758]]
[[ 0.76776448 -1.37763602]
 [ 1.22261115  2.94670321]
 [ 0.99984242  0.76513434]
 [ 0.79177074 -1.88591239]
 [ 0.92984058  1.91389788]
 [ 0.47878479  2.1252977 ]
 [ 0.68745973 -2.8806926 ]]
[[ 0.76777804 -1.37782458]
 [ 1.22275025  2.94653261]
 [ 0.99974111  0.76528676]
 [ 0.79171585 -1.88609338]
 [ 0.9297311   1.91405408]
 [ 0.47867441  2.12538803]
 [ 0.68760581 -2.88066762]]
[[ 0.76779156 -1.37801316]
 [ 1.22288933  2.94636187]
 [ 0.9996398   0.76543917]
 [ 0.79166092 -1.88627435]
 [ 0.92962162  1.91421025]
 [ 0.47856403  2.12547836]
 [ 0.68775188 -2.88064263]]
[[ 0.76780505 -1.37820174]
 [ 1.2230284   2.94619096]
 [ 0.99953849  0.76559154]
 [ 0.79160597 -1.88645529]
 [ 0.92951213  1.91436638]
 [ 0.47845365  2.12556867]
 [ 0.68789797 -2.88061764]]
[[ 0.7678185  -1.37839034]
 [ 1.22316745  2.94601989]
 [ 0.99943718  0.76574389]
 [ 0.791551   -1.88663621]
 [ 0.92940262  1.91452246]
 [ 0.47834327  2.12565896]
 [ 0.68804406 -2.88059264]]
[[ 0.76785867 -1.37895623]
 [ 1.22358451  2.94550574]
 [ 0.99913328  0.76620083]
 [ 0.79138591 -1.88717884]
 [ 0.92907407  1.91499057]
 [ 0.47801211  2.12592979]
 [ 0.68848233 -2.88051759]]
[[ 0.7678853  -1.37933359]
 [ 1.22386244  2.94516217]
 [ 0.99893072  0.76650538]
 [ 0.79127571 -1.88754052]
 [ 0.92885499  1.9153025 ]
 [ 0.4777913   2.1261103 ]
 [ 0.6887745  -2.88046756]]
[[ 0.76791179 -1.37971097]
 [ 1.22414034  2.94481796]
 [ 0.99872815  0.7668098 ]
 [ 0.79116541 -1.88790207]
 [ 0.92863589  1.91561427]
 [ 0.47757051  2.12629074]
 [ 0.68906672 -2.88041748]]
[[ 0.76792498 -1.37989966]
 [ 1.22427928  2.94464563]
 [ 0.99862685  0.76696195]
 [ 0.79111022 -1.88808278]
 [ 0.92852633  1.91577008]
 [ 0.47746013  2.12638094]
 [ 0.68921285 -2.88039242]]
[[ 0.76793814 -1.38008836]
 [ 1.22441821  2.94447313]
 [ 0.99852556  0.76711408]
 [ 0.79105501 -1.88826348]
 [ 0.92841677  1.91592587]
 [ 0.47734974  2.12647113]
 [ 0.68935897 -2.88036735]]
[[ 0.76796436 -1.38046581]
 [ 1.22469601  2.94412766]
 [ 0.998323    0.76741829]
 [ 0.7909445  -1.88862481]
 [ 0.92819763  1.91623735]
 [ 0.47712895  2.12665148]
 [ 0.68965123 -2.8803172 ]]
[[ 0.76800346 -1.38103215]
 [ 1.22511254  2.94360822]
 [ 0.9980192   0.76787449]
 [ 0.79077853 -1.8891667 ]
 [ 0.92786882  1.91670436]
 [ 0.47679772  2.12692191]
 [ 0.6900896  -2.88024197]]
[[ 0.76801642 -1.38122094]
 [ 1.22525137  2.94343477]
 [ 0.99791793  0.76802649]
 [ 0.79072315 -1.88934726]
 [ 0.92775922  1.91685995]
 [ 0.47668732  2.12701204]
 [ 0.69023575 -2.88021687]]
[[ 0.76802935 -1.38140972]
 [ 1.2253902   2.94326115]
 [ 0.99781666  0.76817845]
 [ 0.79066775 -1.88952778]
 [ 0.92764961  1.91701549]
 [ 0.47657692  2.12710214]
 [ 0.69038191 -2.88019175]]
[[ 0.76804224 -1.38159851]
 [ 1.22552901  2.94308737]
 [ 0.99771538  0.76833039]
 [ 0.79061233 -1.88970828]
 [ 0.92754     1.917171  ]
 [ 0.47646653  2.12719223]
 [ 0.69052807 -2.88016663]]
[[ 0.7680551  -1.38178731]
 [ 1.22566782  2.9429134 ]
 [ 0.9976141   0.76848229]
 [ 0.79055688 -1.88988875]
 [ 0.92743037  1.91732645]
 [ 0.47635613  2.12728229]
 [ 0.69067425 -2.88014151]]
[[ 0.76809348 -1.38235381]
 [ 1.22608412  2.94239059]
 [ 0.9973103   0.7689379 ]
 [ 0.79039037 -1.89043003]
 [ 0.92710146  1.91779267]
 [ 0.47602492  2.12755245]
 [ 0.69111277 -2.88006609]]
[[ 0.76813158 -1.38292046]
 [ 1.22650024  2.94186631]
 [ 0.99700654  0.76939334]
 [ 0.79022361 -1.89097115]
 [ 0.92677246  1.91825861]
 [ 0.47569367  2.12782252]
 [ 0.69155129 -2.87999064]]
[[ 0.76814421 -1.38310935]
 [ 1.22663894  2.94169125]
 [ 0.99690529  0.76954509]
 [ 0.79016797 -1.89115145]
 [ 0.92666279  1.91841385]
 [ 0.47558326  2.12791251]
 [ 0.69169748 -2.87996545]]
[[ 0.7681568  -1.38329824]
 [ 1.22677762  2.94151599]
 [ 0.99680402  0.76969681]
 [ 0.79011231 -1.89133173]
 [ 0.92655311  1.91856904]
 [ 0.47547286  2.12800248]
 [ 0.69184369 -2.87994028]]
[[ 0.76816937 -1.38348714]
 [ 1.2269163   2.94134056]
 [ 0.99670276  0.7698485 ]
 [ 0.79005662 -1.89151197]
 [ 0.92644343  1.91872418]
 [ 0.47536245  2.12809244]
 [ 0.6919899  -2.87991509]]
[[ 0.7681819  -1.38367606]
 [ 1.22705496  2.94116498]
 [ 0.9966015   0.77000016]
 [ 0.79000091 -1.8916922 ]
 [ 0.92633374  1.9188793 ]
 [ 0.47525204  2.12818239]
 [ 0.69213612 -2.8798899 ]]
[[ 0.76819439 -1.38386498]
 [ 1.2271936   2.94098925]
 [ 0.99650025  0.7701518 ]
 [ 0.78994517 -1.89187239]
 [ 0.92622404  1.91903439]
 [ 0.47514163  2.12827234]
 [ 0.69228234 -2.87986469]]
[[ 0.76820685 -1.38405392]
 [ 1.22733223  2.94081336]
 [ 0.996399    0.77030343]
 [ 0.7898894  -1.89205257]
 [ 0.92611434  1.91918945]
 [ 0.47503122  2.12836227]
 [ 0.69242856 -2.87983948]]
[[ 0.76821927 -1.38424287]
 [ 1.22747084  2.9406373 ]
 [ 0.99629775  0.77045502]
 [ 0.7898336  -1.89223271]
 [ 0.92600463  1.91934446]
 [ 0.47492081  2.12845218]
 [ 0.69257479 -2.87981426]]
[[ 0.76823166 -1.38443182]
 [ 1.22760945  2.94046108]
 [ 0.9961965   0.77060658]
 [ 0.78977778 -1.89241283]
 [ 0.92589492  1.91949944]
 [ 0.4748104   2.12854208]
 [ 0.69272102 -2.87978903]]
[[ 0.76824402 -1.38462079]
 [ 1.22774803  2.94028469]
 [ 0.99609526  0.77075812]
 [ 0.78972193 -1.89259292]
 [ 0.9257852   1.91965439]
 [ 0.47469999  2.12863197]
 [ 0.69286726 -2.87976379]]
[[ 0.76825635 -1.38480977]
 [ 1.22788661  2.94010814]
 [ 0.99599401  0.77090964]
 [ 0.78966606 -1.89277299]
 [ 0.92567547  1.9198093 ]
 [ 0.47458958  2.12872185]
 [ 0.6930135  -2.87973855]]
[[ 0.76826864 -1.38499876]
 [ 1.22802517  2.93993143]
 [ 0.99589277  0.77106113]
 [ 0.78961016 -1.89295303]
 [ 0.92556574  1.91996418]
 [ 0.47447917  2.12881172]
 [ 0.69315975 -2.8797133 ]]
[[ 0.76829312 -1.38537677]
 [ 1.22830224  2.93957751]
 [ 0.99569029  0.77136405]
 [ 0.78949828 -1.89331304]
 [ 0.92534625  1.92027383]
 [ 0.47425835  2.12899142]
 [ 0.69345225 -2.87966278]]
[[ 0.76830531 -1.38556579]
 [ 1.22844075  2.93940031]
 [ 0.99558906  0.77151548]
 [ 0.7894423  -1.89349301]
 [ 0.9252365   1.92042861]
 [ 0.47414793  2.12908125]
 [ 0.69359851 -2.8796375 ]]
[[ 0.76831748 -1.38575483]
 [ 1.22857925  2.93922293]
 [ 0.99548782  0.77166688]
 [ 0.78938629 -1.89367296]
 [ 0.92512674  1.92058335]
 [ 0.47403751  2.12917107]
 [ 0.69374477 -2.87961223]]
[[ 0.7683296  -1.38594387]
 [ 1.22871774  2.93904538]
 [ 0.99538659  0.77181825]
 [ 0.78933026 -1.89385288]
 [ 0.92501697  1.92073806]
 [ 0.4739271   2.12926087]
 [ 0.69389104 -2.87958694]]
[[ 0.7683417  -1.38613292]
 [ 1.22885621  2.93886768]
 [ 0.99528535  0.77196959]
 [ 0.78927421 -1.89403277]
 [ 0.92490719  1.92089273]
 [ 0.47381668  2.12935066]
 [ 0.69403731 -2.87956165]]
[[ 0.76835376 -1.38632199]
 [ 1.22899467  2.9386898 ]
 [ 0.99518412  0.77212092]
 [ 0.78921812 -1.89421264]
 [ 0.92479741  1.92104736]
 [ 0.47370626  2.12944044]
 [ 0.69418359 -2.87953636]]
[[ 0.7683778  -1.38670021]
 [ 1.22927148  2.93833352]
 [ 0.99498169  0.77242356]
 [ 0.78910588 -1.89457237]
 [ 0.9245778   1.92135658]
 [ 0.47348538  2.12961997]
 [ 0.69447612 -2.87948578]]
[[ 0.76838977 -1.38688933]
 [ 1.22940987  2.93815513]
 [ 0.99488047  0.77257484]
 [ 0.78904972 -1.89475219]
 [ 0.92446798  1.92151112]
 [ 0.47337495  2.12970972]
 [ 0.6946224  -2.87946048]]
[[ 0.7684017  -1.38707844]
 [ 1.22954827  2.93797659]
 [ 0.99477925  0.77272608]
 [ 0.78899353 -1.89493196]
 [ 0.92435817  1.92166562]
 [ 0.47326452  2.12979945]
 [ 0.69476869 -2.87943516]]
[[ 0.76841359 -1.38726756]
 [ 1.22968665  2.93779789]
 [ 0.99467803  0.77287728]
 [ 0.78893731 -1.8951117 ]
 [ 0.92424836  1.92182009]
 [ 0.4731541   2.12988917]
 [ 0.69491499 -2.87940982]]
[[ 0.76842546 -1.38745669]
 [ 1.22982502  2.93761901]
 [ 0.99457681  0.77302846]
 [ 0.78888108 -1.89529142]
 [ 0.92413854  1.92197452]
 [ 0.47304368  2.12997887]
 [ 0.6950613  -2.87938448]]
[[ 0.76843729 -1.38764583]
 [ 1.22996337  2.93743996]
 [ 0.99447559  0.77317962]
 [ 0.78882481 -1.89547111]
 [ 0.92402871  1.92212891]
 [ 0.47293325  2.13006856]
 [ 0.69520761 -2.87935914]]
[[ 0.76844908 -1.38783498]
 [ 1.23010171  2.93726076]
 [ 0.99437438  0.77333076]
 [ 0.78876852 -1.89565078]
 [ 0.92391888  1.92228328]
 [ 0.47282283  2.13015825]
 [ 0.69535392 -2.87933378]]
[[ 0.76846084 -1.38802415]
 [ 1.23024002  2.9370814 ]
 [ 0.99427318  0.77348187]
 [ 0.78871219 -1.89583043]
 [ 0.92380904  1.92243761]
 [ 0.4727124   2.13024792]
 [ 0.69550023 -2.87930842]]
[[ 0.76848426 -1.38840249]
 [ 1.23051664  2.93672214]
 [ 0.99407075  0.773784  ]
 [ 0.78859948 -1.89618963]
 [ 0.92358934  1.92274615]
 [ 0.47249155  2.13042722]
 [ 0.69579288 -2.87925767]]
[[ 0.76849592 -1.38859168]
 [ 1.23065492  2.93654228]
 [ 0.99396955  0.77393504]
 [ 0.78854308 -1.89636919]
 [ 0.92347948  1.92290038]
 [ 0.47238112  2.13051686]
 [ 0.69593922 -2.87923228]]
[[ 0.76850755 -1.38878089]
 [ 1.23079318  2.93636224]
 [ 0.99386835  0.77408605]
 [ 0.78848666 -1.89654873]
 [ 0.92336962  1.92305458]
 [ 0.47227069  2.13060648]
 [ 0.69608555 -2.87920689]]
[[ 0.76851914 -1.3889701 ]
 [ 1.23093143  2.93618202]
 [ 0.99376714  0.77423705]
 [ 0.78843021 -1.89672825]
 [ 0.92325974  1.92320873]
 [ 0.47216026  2.13069609]
 [ 0.69623189 -2.8791815 ]]
[[ 0.7685307  -1.38915933]
 [ 1.23106966  2.93600165]
 [ 0.99366595  0.77438801]
 [ 0.78837373 -1.89690774]
 [ 0.92314987  1.92336286]
 [ 0.47204983  2.13078569]
 [ 0.69637823 -2.87915609]]
[[ 0.76854223 -1.38934856]
 [ 1.23120788  2.93582108]
 [ 0.99356474  0.77453896]
 [ 0.78831723 -1.89708721]
 [ 0.92303998  1.92351694]
 [ 0.47193939  2.13087527]
 [ 0.69652458 -2.87913068]]
[[ 0.76855373 -1.38953781]
 [ 1.23134608  2.93564038]
 [ 0.99346355  0.77468987]
 [ 0.7882607  -1.89726665]
 [ 0.92293009  1.923671  ]
 [ 0.47182897  2.13096484]
 [ 0.69667093 -2.87910526]]
[[ 0.76856518 -1.38972706]
 [ 1.23148427  2.9354595 ]
 [ 0.99336235  0.77484076]
 [ 0.78820414 -1.89744606]
 [ 0.92282019  1.92382502]
 [ 0.47171853  2.13105441]
 [ 0.69681729 -2.87907983]]
[[ 0.76857661 -1.38991633]
 [ 1.23162244  2.93527846]
 [ 0.99326117  0.77499163]
 [ 0.78814756 -1.89762545]
 [ 0.92271029  1.92397901]
 [ 0.4716081   2.13114396]
 [ 0.69696365 -2.87905439]]
[[ 0.76858801 -1.3901056 ]
 [ 1.2317606   2.93509721]
 [ 0.99315997  0.77514248]
 [ 0.78809096 -1.89780481]
 [ 0.92260037  1.92413296]
 [ 0.47149766  2.13123349]
 [ 0.69711002 -2.87902896]]
[[ 0.76859936 -1.39029489]
 [ 1.23189875  2.93491583]
 [ 0.99305878  0.7752933 ]
 [ 0.78803432 -1.89798415]
 [ 0.92249046  1.92428688]
 [ 0.47138723  2.13132301]
 [ 0.69725639 -2.87900351]]
[[ 0.7686107  -1.39048419]
 [ 1.23203687  2.93473425]
 [ 0.9929576   0.7754441 ]
 [ 0.78797766 -1.89816347]
 [ 0.92238053  1.92444076]
 [ 0.47127679  2.13141252]
 [ 0.69740276 -2.87897806]]
[[ 0.76862199 -1.39067349]
 [ 1.23217499  2.93455253]
 [ 0.99285641  0.77559487]
 [ 0.78792097 -1.89834275]
 [ 0.9222706   1.92459462]
 [ 0.47116635  2.13150203]
 [ 0.69754914 -2.87895259]]
[[ 0.76863324 -1.39086281]
 [ 1.23231309  2.93437064]
 [ 0.99275523  0.77574562]
 [ 0.78786426 -1.89852201]
 [ 0.92216067  1.92474843]
 [ 0.47105592  2.13159152]
 [ 0.69769552 -2.87892711]]
[[ 0.76864448 -1.39105214]
 [ 1.23245117  2.93418854]
 [ 0.99265405  0.77589635]
 [ 0.78780753 -1.89870125]
 [ 0.92205072  1.92490221]
 [ 0.47094548  2.13168099]
 [ 0.69784191 -2.87890165]]
[[ 0.76865567 -1.39124147]
 [ 1.23258924  2.9340063 ]
 [ 0.99255287  0.77604705]
 [ 0.78775076 -1.89888046]
 [ 0.92194077  1.92505595]
 [ 0.47083504  2.13177045]
 [ 0.6979883  -2.87887616]]
[[ 0.76867795 -1.39162018]
 [ 1.23286533  2.93364133]
 [ 0.99235052  0.77634838]
 [ 0.78763715 -1.8992388 ]
 [ 0.92172085  1.92536336]
 [ 0.47061416  2.13194935]
 [ 0.6982811  -2.87882516]]
[[ 0.76868905 -1.39180955]
 [ 1.23300335  2.93345856]
 [ 0.99224935  0.77649902]
 [ 0.78758031 -1.89941794]
 [ 0.92161088  1.925517  ]
 [ 0.47050371  2.13203877]
 [ 0.69842751 -2.87879966]]
[[ 0.76870011 -1.39199893]
 [ 1.23314135  2.93327563]
 [ 0.99214818  0.77664963]
 [ 0.78752344 -1.89959706]
 [ 0.9215009   1.92567061]
 [ 0.47039327  2.13212819]
 [ 0.69857391 -2.87877415]]
[[ 0.76871114 -1.39218833]
 [ 1.23327934  2.93309253]
 [ 0.99204702  0.77680022]
 [ 0.78746655 -1.89977615]
 [ 0.92139091  1.9258242 ]
 [ 0.47028282  2.13221759]
 [ 0.69872032 -2.87874864]]
[[ 0.76872214 -1.39237773]
 [ 1.23341731  2.93290925]
 [ 0.99194585  0.77695079]
 [ 0.78740963 -1.89995521]
 [ 0.92128092  1.92597775]
 [ 0.47017237  2.13230698]
 [ 0.69886674 -2.87872311]]
[[ 0.76873309 -1.39256715]
 [ 1.23355527  2.93272583]
 [ 0.99184469  0.77710133]
 [ 0.78735267 -1.90013425]
 [ 0.92117093  1.92613127]
 [ 0.47006193  2.13239637]
 [ 0.69901315 -2.87869757]]
[[ 0.76874402 -1.39275657]
 [ 1.23369321  2.93254221]
 [ 0.99174353  0.77725184]
 [ 0.7872957  -1.90031326]
 [ 0.92106093  1.92628475]
 [ 0.46995148  2.13248573]
 [ 0.69915958 -2.87867203]]
[[ 0.76875492 -1.392946  ]
 [ 1.23383114  2.93235842]
 [ 0.99164237  0.77740233]
 [ 0.78723871 -1.90049224]
 [ 0.92095092  1.92643819]
 [ 0.46984103  2.13257509]
 [ 0.69930601 -2.87864649]]
[[ 0.76878742 -1.39351439]
 [ 1.2342448   2.93180598]
 [ 0.99133891  0.77785371]
 [ 0.78706756 -1.90102909]
 [ 0.92062082  1.92689834]
 [ 0.46950966  2.13284308]
 [ 0.69974531 -2.87856983]]
[[ 0.7687982  -1.39370389]
 [ 1.23438264  2.93162145]
 [ 0.99123776  0.77800414]
 [ 0.78701047 -1.90120802]
 [ 0.92051076  1.92705166]
 [ 0.46939918  2.13293237]
 [ 0.69989174 -2.87854429]]
[[ 0.76881968 -1.39408294]
 [ 1.23465827  2.93125182]
 [ 0.99103546  0.77830495]
 [ 0.78689622 -1.90156582]
 [ 0.92029061  1.92735818]
 [ 0.46917821  2.13311092]
 [ 0.70018462 -2.87849322]]
[[ 0.76883036 -1.39427247]
 [ 1.23479607  2.93106676]
 [ 0.99093432  0.77845531]
 [ 0.78683905 -1.90174466]
 [ 0.92018053  1.92751139]
 [ 0.46906774  2.13320018]
 [ 0.70033107 -2.87846765]]
[[ 0.768841   -1.394462  ]
 [ 1.23493386  2.93088156]
 [ 0.99083317  0.77860562]
 [ 0.78678185 -1.90192346]
 [ 0.92007046  1.92766456]
 [ 0.46895727  2.13328944]
 [ 0.70047753 -2.87844207]]
[[ 0.76885159 -1.39465151]
 [ 1.23507166  2.93069622]
 [ 0.99073203  0.7787559 ]
 [ 0.78672461 -1.90210221]
 [ 0.91996039  1.9278177 ]
 [ 0.46884682  2.13337868]
 [ 0.700624   -2.87841645]]
[[ 0.76886215 -1.39484103]
 [ 1.23520944  2.93051068]
 [ 0.99063088  0.77890614]
 [ 0.78666736 -1.90228093]
 [ 0.91985032  1.92797079]
 [ 0.46873636  2.13346791]
 [ 0.70077049 -2.87839083]]
[[ 0.76887268 -1.39503058]
 [ 1.23534719  2.93032498]
 [ 0.99052974  0.77905638]
 [ 0.78661008 -1.90245964]
 [ 0.91974024  1.92812386]
 [ 0.4686259   2.13355713]
 [ 0.70091696 -2.87836521]]
[[ 0.76888318 -1.39522012]
 [ 1.23548494  2.93013911]
 [ 0.99042861  0.77920659]
 [ 0.78655277 -1.90263832]
 [ 0.91963015  1.9282769 ]
 [ 0.46851545  2.13364633]
 [ 0.70106345 -2.87833957]]
[[ 0.76889364 -1.39540968]
 [ 1.23562267  2.92995307]
 [ 0.99032747  0.77935677]
 [ 0.78649543 -1.90281697]
 [ 0.91952006  1.9284299 ]
 [ 0.46840499  2.13373553]
 [ 0.70120994 -2.87831393]]
[[ 0.76890407 -1.39559925]
 [ 1.23576038  2.92976684]
 [ 0.99022634  0.77950693]
 [ 0.78643807 -1.9029956 ]
 [ 0.91940996  1.92858287]
 [ 0.46829453  2.13382471]
 [ 0.70135643 -2.87828829]]
[[ 0.76891446 -1.39578883]
 [ 1.23589808  2.92958046]
 [ 0.99012521  0.77965707]
 [ 0.78638068 -1.9031742 ]
 [ 0.91929986  1.92873581]
 [ 0.46818407  2.13391389]
 [ 0.70150292 -2.87826263]]
[[ 0.76893515 -1.39616803]
 [ 1.23617342  2.92920713]
 [ 0.98992296  0.77995728]
 [ 0.78626583 -1.90353133]
 [ 0.91907962  1.92904158]
 [ 0.46796315  2.13409219]
 [ 0.70179593 -2.8782113 ]]
[[ 0.76894544 -1.39635764]
 [ 1.23631107  2.9290202 ]
 [ 0.98982183  0.78010735]
 [ 0.78620837 -1.90370986]
 [ 0.91896949  1.92919441]
 [ 0.46785268  2.13418133]
 [ 0.70194244 -2.87818563]]
[[ 0.7689557  -1.39654726]
 [ 1.2364487   2.92883312]
 [ 0.98972072  0.7802574 ]
 [ 0.78615087 -1.90388836]
 [ 0.91885936  1.92934723]
 [ 0.46774222  2.13427046]
 [ 0.70208895 -2.87815994]]
[[ 0.76896593 -1.39673688]
 [ 1.23658632  2.92864582]
 [ 0.98961959  0.78040741]
 [ 0.78609336 -1.90406683]
 [ 0.91874922  1.92949998]
 [ 0.46763176  2.13435956]
 [ 0.70223547 -2.87813426]]
[[ 0.76897613 -1.39692653]
 [ 1.23672391  2.92845836]
 [ 0.98951848  0.78055742]
 [ 0.78603582 -1.90424529]
 [ 0.91863907  1.92965272]
 [ 0.46752129  2.13444866]
 [ 0.70238199 -2.87810857]]
[[ 0.76898629 -1.39711618]
 [ 1.23686149  2.92827074]
 [ 0.98941736  0.7807074 ]
 [ 0.78597825 -1.90442372]
 [ 0.91852892  1.92980543]
 [ 0.46741082  2.13453775]
 [ 0.70252852 -2.87808286]]
[[ 0.76899642 -1.39730584]
 [ 1.23699906  2.92808293]
 [ 0.98931625  0.78085736]
 [ 0.78592065 -1.90460212]
 [ 0.91841876  1.9299581 ]
 [ 0.46730035  2.13462682]
 [ 0.70267504 -2.87805715]]
[[ 0.76900652 -1.39749551]
 [ 1.23713661  2.92789491]
 [ 0.98921513  0.78100729]
 [ 0.78586304 -1.90478051]
 [ 0.91830859  1.93011072]
 [ 0.46718987  2.13471588]
 [ 0.70282158 -2.87803145]]
[[ 0.76901657 -1.39768519]
 [ 1.23727415  2.92770677]
 [ 0.98911403  0.7811572 ]
 [ 0.78580539 -1.90495885]
 [ 0.91819842  1.93026333]
 [ 0.46707941  2.13480493]
 [ 0.70296812 -2.87800572]]
[[ 0.7690266  -1.39787488]
 [ 1.23741167  2.92751844]
 [ 0.98901292  0.78130708]
 [ 0.78574772 -1.90513718]
 [ 0.91808824  1.9304159 ]
 [ 0.46696894  2.13489397]
 [ 0.70311466 -2.87797999]]
[[ 0.76903659 -1.39806458]
 [ 1.23754917  2.92732993]
 [ 0.98891182  0.78145694]
 [ 0.78569002 -1.90531547]
 [ 0.91797806  1.93056843]
 [ 0.46685847  2.134983  ]
 [ 0.70326121 -2.87795424]]
[[ 0.76904656 -1.39825429]
 [ 1.23768666  2.92714122]
 [ 0.98881071  0.78160678]
 [ 0.7856323  -1.90549375]
 [ 0.91786786  1.93072093]
 [ 0.46674799  2.13507201]
 [ 0.70340776 -2.8779285 ]]
[[ 0.76905649 -1.398444  ]
 [ 1.23782413  2.92695235]
 [ 0.98870961  0.78175659]
 [ 0.78557455 -1.90567199]
 [ 0.91775767  1.93087339]
 [ 0.46663752  2.13516101]
 [ 0.70355432 -2.87790275]]
[[ 0.76906638 -1.39863373]
 [ 1.23796159  2.9267633 ]
 [ 0.98860851  0.78190639]
 [ 0.78551677 -1.90585022]
 [ 0.91764747  1.93102583]
 [ 0.46652705  2.13525001]
 [ 0.70370088 -2.87787699]]
[[ 0.76907625 -1.39882347]
 [ 1.23809903  2.92657405]
 [ 0.98850741  0.78205616]
 [ 0.78545898 -1.90602842]
 [ 0.91753725  1.93117822]
 [ 0.46641657  2.13533898]
 [ 0.70384745 -2.87785123]]
[[ 0.76909587 -1.39920297]
 [ 1.23837386  2.92619506]
 [ 0.98830522  0.78235562]
 [ 0.7853433  -1.90638473]
 [ 0.91731681  1.93148292]
 [ 0.46619562  2.1355169 ]
 [ 0.70414059 -2.87779967]]
[[ 0.76910565 -1.39939276]
 [ 1.23851123  2.92600523]
 [ 0.98820413  0.78250535]
 [ 0.78528544 -1.90656289]
 [ 0.91720656  1.93163522]
 [ 0.46608512  2.13560583]
 [ 0.70428716 -2.87777392]]
[[ 0.76911542 -1.39958258]
 [ 1.23864857  2.92581517]
 [ 0.98810303  0.78265508]
 [ 0.78522756 -1.90674105]
 [ 0.91709628  1.93178748]
 [ 0.4659746   2.13569473]
 [ 0.70443373 -2.87774819]]
[[ 0.76912514 -1.3997724 ]
 [ 1.23878591  2.92562493]
 [ 0.98800194  0.78280477]
 [ 0.78516965 -1.90691917]
 [ 0.916986    1.93193969]
 [ 0.46586409  2.13578363]
 [ 0.7045803  -2.87772245]]
[[ 0.76913484 -1.39996224]
 [ 1.23892321  2.92543451]
 [ 0.98790084  0.78295445]
 [ 0.78511172 -1.90709728]
 [ 0.91687571  1.93209188]
 [ 0.46575357  2.13587251]
 [ 0.70472688 -2.8776967 ]]
[[ 0.76914451 -1.40015209]
 [ 1.23906051  2.9252439 ]
 [ 0.98779975  0.7831041 ]
 [ 0.78505377 -1.90727536]
 [ 0.91676541  1.93224403]
 [ 0.46564305  2.13596138]
 [ 0.70487347 -2.87767095]]
[[ 0.76915415 -1.40034194]
 [ 1.23919779  2.9250531 ]
 [ 0.98769866  0.78325373]
 [ 0.78499579 -1.90745342]
 [ 0.9166551   1.93239615]
 [ 0.46553253  2.13605023]
 [ 0.70502005 -2.8776452 ]]
[[ 0.76917331 -1.40072169]
 [ 1.23947229  2.92467101]
 [ 0.98749649  0.78355292]
 [ 0.78487975 -1.90780945]
 [ 0.91643448  1.9327003 ]
 [ 0.46531148  2.13622791]
 [ 0.70531324 -2.87759366]]
[[ 0.76918283 -1.40091154]
 [ 1.23960954  2.92447972]
 [ 0.98739541  0.78370246]
 [ 0.78482169 -1.90798739]
 [ 0.91632418  1.93285232]
 [ 0.46520098  2.13631674]
 [ 0.70545985 -2.87756785]]
[[ 0.7691923  -1.4011014 ]
 [ 1.23974679  2.9242883 ]
 [ 0.98729433  0.78385195]
 [ 0.78476358 -1.90816529]
 [ 0.91621388  1.93300431]
 [ 0.46509049  2.13640556]
 [ 0.70560647 -2.87754201]]
[[ 0.76920172 -1.40129125]
 [ 1.23988402  2.92409673]
 [ 0.98719325  0.78400142]
 [ 0.78470545 -1.90834315]
 [ 0.91610359  1.93315626]
 [ 0.46498001  2.13649438]
 [ 0.7057531  -2.87751615]]
[[ 0.76921112 -1.40148112]
 [ 1.24002123  2.92390496]
 [ 0.98709218  0.78415086]
 [ 0.7846473  -1.90852099]
 [ 0.91599329  1.93330819]
 [ 0.46486952  2.13658318]
 [ 0.70589972 -2.87749029]]
[[ 0.76922048 -1.401671  ]
 [ 1.24015843  2.92371303]
 [ 0.98699112  0.78430028]
 [ 0.78458911 -1.9086988 ]
 [ 0.91588298  1.93346008]
 [ 0.46475903  2.13667198]
 [ 0.70604636 -2.87746442]]
[[ 0.76922981 -1.40186088]
 [ 1.24029562  2.92352089]
 [ 0.98689004  0.78444968]
 [ 0.78453091 -1.90887659]
 [ 0.91577267  1.93361194]
 [ 0.46464855  2.13676075]
 [ 0.706193   -2.87743854]]
[[ 0.76923911 -1.40205078]
 [ 1.24043278  2.92332858]
 [ 0.98678898  0.78459906]
 [ 0.78447267 -1.90905435]
 [ 0.91566235  1.93376376]
 [ 0.46453806  2.13684952]
 [ 0.70633964 -2.87741266]]
[[ 0.7692576  -1.4024306 ]
 [ 1.24070706  2.92294342]
 [ 0.98658686  0.78489775]
 [ 0.78435613 -1.9094098 ]
 [ 0.91544169  1.93406732]
 [ 0.46431707  2.13702702]
 [ 0.70663293 -2.87736087]]
[[ 0.7692668  -1.40262053]
 [ 1.24084416  2.92275056]
 [ 0.9864858   0.78504706]
 [ 0.78429782 -1.9095875 ]
 [ 0.91533134  1.93421905]
 [ 0.46420658  2.13711576]
 [ 0.70677958 -2.87733497]]
[[ 0.76927596 -1.40281046]
 [ 1.24098126  2.92255753]
 [ 0.98638475  0.78519635]
 [ 0.78423948 -1.90976515]
 [ 0.915221    1.93437074]
 [ 0.46409608  2.13720448]
 [ 0.70692624 -2.87730906]]
[[ 0.76928509 -1.4030004 ]
 [ 1.24111835  2.92236431]
 [ 0.98628369  0.78534561]
 [ 0.78418112 -1.90994279]
 [ 0.91511065  1.9345224 ]
 [ 0.46398559  2.13729319]
 [ 0.7070729  -2.87728314]]
[[ 0.76929418 -1.40319036]
 [ 1.24125541  2.92217091]
 [ 0.98618264  0.78549485]
 [ 0.78412273 -1.91012039]
 [ 0.91500029  1.93467404]
 [ 0.4638751   2.13738189]
 [ 0.70721957 -2.87725721]]
[[ 0.76930324 -1.40338031]
 [ 1.24139246  2.92197734]
 [ 0.98608159  0.78564406]
 [ 0.78406431 -1.91029797]
 [ 0.91488993  1.93482563]
 [ 0.46376461  2.13747057]
 [ 0.70736624 -2.87723127]]
[[ 0.76931227 -1.40357028]
 [ 1.24152949  2.92178357]
 [ 0.98598054  0.78579326]
 [ 0.78400587 -1.91047552]
 [ 0.91477956  1.93497719]
 [ 0.46365411  2.13755924]
 [ 0.70751292 -2.87720533]]
[[ 0.76932127 -1.40376026]
 [ 1.24166651  2.92158959]
 [ 0.98587949  0.78594243]
 [ 0.78394741 -1.91065306]
 [ 0.91466918  1.93512871]
 [ 0.46354361  2.1376479 ]
 [ 0.7076596  -2.87717939]]
[[ 0.76933023 -1.40395024]
 [ 1.24180352  2.92139545]
 [ 0.98577844  0.78609157]
 [ 0.78388893 -1.91083055]
 [ 0.9145588   1.93528019]
 [ 0.46343312  2.13773654]
 [ 0.70780629 -2.87715343]]
[[ 0.76933916 -1.40414023]
 [ 1.2419405   2.92120112]
 [ 0.9856774   0.78624069]
 [ 0.78383041 -1.91100803]
 [ 0.91444841  1.93543165]
 [ 0.46332262  2.13782517]
 [ 0.70795298 -2.87712747]]
[[ 0.76934806 -1.40433024]
 [ 1.24207746  2.9210066 ]
 [ 0.98557636  0.7863898 ]
 [ 0.78377188 -1.91118549]
 [ 0.914338    1.93558308]
 [ 0.46321211  2.13791379]
 [ 0.70809967 -2.87710151]]
[[ 0.76935692 -1.40452025]
 [ 1.24221442  2.92081191]
 [ 0.98547532  0.78653887]
 [ 0.78371331 -1.91136291]
 [ 0.91422761  1.93573447]
 [ 0.46310162  2.13800241]
 [ 0.70824637 -2.87707552]]
[[ 0.76936575 -1.40471027]
 [ 1.24235135  2.92061701]
 [ 0.98537428  0.78668793]
 [ 0.78365472 -1.91154032]
 [ 0.91411719  1.93588582]
 [ 0.46299112  2.138091  ]
 [ 0.70839308 -2.87704955]]
[[ 0.76937454 -1.4049003 ]
 [ 1.24248827  2.92042197]
 [ 0.98527325  0.78683696]
 [ 0.7835961  -1.91171768]
 [ 0.91400678  1.93603715]
 [ 0.46288062  2.13817959]
 [ 0.70853979 -2.87702355]]
[[ 0.7693833  -1.40509034]
 [ 1.24262517  2.92022673]
 [ 0.98517222  0.78698597]
 [ 0.78353746 -1.91189503]
 [ 0.91389637  1.93618844]
 [ 0.46277012  2.13826817]
 [ 0.7086865  -2.87699755]]
[[ 0.76939203 -1.40528038]
 [ 1.24276205  2.9200313 ]
 [ 0.98507118  0.78713495]
 [ 0.78347879 -1.91207235]
 [ 0.91378594  1.9363397 ]
 [ 0.46265962  2.13835673]
 [ 0.70883321 -2.87697154]]
[[ 0.76940072 -1.40547044]
 [ 1.24289892  2.91983569]
 [ 0.98497016  0.78728392]
 [ 0.78342009 -1.91224964]
 [ 0.91367551  1.93649094]
 [ 0.46254912  2.13844528]
 [ 0.70897993 -2.87694552]]
[[ 0.76940938 -1.40566051]
 [ 1.24303577  2.91963987]
 [ 0.98486913  0.78743286]
 [ 0.78336138 -1.91242692]
 [ 0.91356507  1.93664213]
 [ 0.46243861  2.13853382]
 [ 0.70912666 -2.87691951]]
[[ 0.7694266  -1.40604067]
 [ 1.24330941  2.91924771]
 [ 0.98466709  0.78773068]
 [ 0.78324386 -1.91278138]
 [ 0.91334417  1.93694442]
 [ 0.4622176   2.13871086]
 [ 0.70942012 -2.87686744]]
[[ 0.76943516 -1.40623076]
 [ 1.24344621  2.91905134]
 [ 0.98456607  0.78787956]
 [ 0.78318506 -1.91295858]
 [ 0.91323371  1.93709552]
 [ 0.4621071   2.13879937]
 [ 0.70956685 -2.8768414 ]]
[[ 0.76944369 -1.40642086]
 [ 1.243583    2.91885479]
 [ 0.98446505  0.7880284 ]
 [ 0.78312624 -1.91313574]
 [ 0.91312325  1.93724657]
 [ 0.46199659  2.13888786]
 [ 0.7097136  -2.87681535]]
[[ 0.76945219 -1.40661098]
 [ 1.24371975  2.91865806]
 [ 0.98436404  0.78817724]
 [ 0.78306739 -1.91331289]
 [ 0.91301277  1.93739761]
 [ 0.46188608  2.13897634]
 [ 0.70986034 -2.8767893 ]]
[[ 0.76946065 -1.4068011 ]
 [ 1.2438565   2.91846113]
 [ 0.98426303  0.78832605]
 [ 0.78300852 -1.91349001]
 [ 0.91290229  1.93754861]
 [ 0.46177557  2.13906481]
 [ 0.71000708 -2.87676324]]
[[ 0.76946907 -1.40699123]
 [ 1.24399322  2.91826402]
 [ 0.98416202  0.78847484]
 [ 0.78294962 -1.9136671 ]
 [ 0.91279181  1.93769958]
 [ 0.46166506  2.13915326]
 [ 0.71015384 -2.87673717]]
[[ 0.76947747 -1.40718137]
 [ 1.24412994  2.9180667 ]
 [ 0.98406101  0.78862361]
 [ 0.78289071 -1.91384417]
 [ 0.91268132  1.93785051]
 [ 0.46155455  2.1392417 ]
 [ 0.7103006  -2.8767111 ]]
[[ 0.76948583 -1.40737152]
 [ 1.24426663  2.91786921]
 [ 0.98396     0.78877235]
 [ 0.78283176 -1.91402121]
 [ 0.91257082  1.9380014 ]
 [ 0.46144404  2.13933013]
 [ 0.71044736 -2.87668501]]
[[ 0.76949417 -1.40756168]
 [ 1.2444033   2.91767153]
 [ 0.983859    0.78892108]
 [ 0.78277278 -1.91419823]
 [ 0.91246031  1.93815228]
 [ 0.46133352  2.13941855]
 [ 0.71059412 -2.87665893]]
[[ 0.76950246 -1.40775185]
 [ 1.24453996  2.91747366]
 [ 0.983758    0.78906977]
 [ 0.78271379 -1.91437522]
 [ 0.9123498   1.93830311]
 [ 0.461223    2.13950696]
 [ 0.71074089 -2.87663283]]
[[ 0.76951072 -1.40794202]
 [ 1.2446766   2.91727561]
 [ 0.983657    0.78921844]
 [ 0.78265476 -1.91455218]
 [ 0.91223928  1.93845391]
 [ 0.46111249  2.13959535]
 [ 0.71088766 -2.87660672]]
[[ 0.76951894 -1.4081322 ]
 [ 1.24481323  2.91707737]
 [ 0.983556    0.7893671 ]
 [ 0.78259571 -1.91472912]
 [ 0.91212876  1.93860468]
 [ 0.46100198  2.13968373]
 [ 0.71103444 -2.87658061]]
[[ 0.76952714 -1.40832239]
 [ 1.24494984  2.91687892]
 [ 0.983455    0.78951573]
 [ 0.78253664 -1.91490604]
 [ 0.91201823  1.9387554 ]
 [ 0.46089146  2.1397721 ]
 [ 0.71118123 -2.8765545 ]]
[[ 0.76953531 -1.4085126 ]
 [ 1.24508642  2.91668029]
 [ 0.98335401  0.78966434]
 [ 0.78247754 -1.91508293]
 [ 0.91190769  1.93890611]
 [ 0.46078094  2.13986046]
 [ 0.71132801 -2.87652838]]
[[ 0.76954344 -1.40870281]
 [ 1.245223    2.91648146]
 [ 0.98325301  0.78981293]
 [ 0.78241842 -1.91525979]
 [ 0.91179715  1.93905677]
 [ 0.46067042  2.1399488 ]
 [ 0.7114748  -2.87650226]]
[[ 0.76955153 -1.40889302]
 [ 1.24535955  2.91628246]
 [ 0.98315202  0.78996149]
 [ 0.78235927 -1.91543663]
 [ 0.9116866   1.93920741]
 [ 0.4605599   2.14003713]
 [ 0.7116216  -2.87647612]]
[[ 0.76955958 -1.40908324]
 [ 1.24549609  2.91608329]
 [ 0.98305104  0.79011003]
 [ 0.78230008 -1.91561343]
 [ 0.91157605  1.93935802]
 [ 0.46044938  2.14012546]
 [ 0.7117684  -2.87644996]]
[[ 0.76956761 -1.40927348]
 [ 1.24563261  2.91588392]
 [ 0.98295006  0.79025855]
 [ 0.78224088 -1.91579021]
 [ 0.91146549  1.93950859]
 [ 0.46033886  2.14021378]
 [ 0.7119152  -2.8764238 ]]
[[ 0.7695756  -1.40946372]
 [ 1.24576912  2.91568435]
 [ 0.98284908  0.79040704]
 [ 0.78218165 -1.91596696]
 [ 0.91135493  1.93965913]
 [ 0.46022835  2.14030208]
 [ 0.71206201 -2.87639764]]
[[ 0.76958356 -1.40965397]
 [ 1.24590561  2.91548459]
 [ 0.9827481   0.79055551]
 [ 0.7821224  -1.91614369]
 [ 0.91124435  1.93980963]
 [ 0.46011782  2.14039036]
 [ 0.71220882 -2.87637147]]
[[ 0.76959148 -1.40984423]
 [ 1.24604208  2.91528464]
 [ 0.98264712  0.79070396]
 [ 0.78206312 -1.9163204 ]
 [ 0.91113378  1.93996011]
 [ 0.4600073   2.14047864]
 [ 0.71235564 -2.87634529]]
[[ 0.76960724 -1.41022478]
 [ 1.24631496  2.91488414]
 [ 0.98244517  0.7910008 ]
 [ 0.78194449 -1.91667373]
 [ 0.91091259  1.94026095]
 [ 0.45978625  2.14065514]
 [ 0.71264928 -2.87629293]]
[[ 0.76961507 -1.41041506]
 [ 1.24645138  2.91468362]
 [ 0.9823442   0.79114919]
 [ 0.78188514 -1.91685036]
 [ 0.910802    1.94041133]
 [ 0.45967572  2.14074338]
 [ 0.71279611 -2.87626673]]
[[ 0.76962286 -1.41060535]
 [ 1.24658778  2.91448291]
 [ 0.98224323  0.79129755]
 [ 0.78182576 -1.91702696]
 [ 0.91069139  1.94056167]
 [ 0.4595652   2.14083161]
 [ 0.71294295 -2.87624052]]
[[ 0.76963062 -1.41079566]
 [ 1.24672416  2.91428201]
 [ 0.98214227  0.79144589]
 [ 0.78176635 -1.91720353]
 [ 0.91058079  1.94071198]
 [ 0.45945468  2.14091983]
 [ 0.71308978 -2.87621431]]
[[ 0.76963834 -1.41098597]
 [ 1.24686052  2.91408092]
 [ 0.9820413   0.7915942 ]
 [ 0.78170692 -1.91738008]
 [ 0.91047017  1.94086226]
 [ 0.45934415  2.14100804]
 [ 0.71323662 -2.87618808]]
[[ 0.76964604 -1.41117629]
 [ 1.24699687  2.9138796 ]
 [ 0.98194033  0.7917425 ]
 [ 0.78164747 -1.91755661]
 [ 0.91035954  1.9410125 ]
 [ 0.45923362  2.14109622]
 [ 0.71338347 -2.87616187]]
[[ 0.76965369 -1.41136661]
 [ 1.2471332   2.91367811]
 [ 0.98183937  0.79189078]
 [ 0.78158799 -1.91773311]
 [ 0.91024892  1.94116271]
 [ 0.45912309  2.1411844 ]
 [ 0.71353032 -2.87613564]]
[[ 0.76966132 -1.41155695]
 [ 1.24726951  2.91347643]
 [ 0.98173841  0.79203903]
 [ 0.78152848 -1.91790958]
 [ 0.91013828  1.94131288]
 [ 0.45901256  2.14127256]
 [ 0.71367717 -2.8761094 ]]
[[ 0.76966892 -1.4117473 ]
 [ 1.2474058   2.91327454]
 [ 0.98163746  0.79218726]
 [ 0.78146896 -1.91808604]
 [ 0.91002763  1.94146303]
 [ 0.45890202  2.14136072]
 [ 0.71382403 -2.87608316]]
[[ 0.76967648 -1.41193765]
 [ 1.24754207  2.91307247]
 [ 0.9815365   0.79233547]
 [ 0.7814094  -1.91826245]
 [ 0.90991698  1.94161314]
 [ 0.45879149  2.14144886]
 [ 0.71397089 -2.87605691]]
[[ 0.76968401 -1.41212802]
 [ 1.24767832  2.91287018]
 [ 0.98143555  0.79248367]
 [ 0.78134982 -1.91843886]
 [ 0.90980632  1.94176321]
 [ 0.45868095  2.14153698]
 [ 0.71411776 -2.87603066]]
[[ 0.7696915  -1.41231839]
 [ 1.24781456  2.91266772]
 [ 0.98133459  0.79263183]
 [ 0.78129022 -1.91861523]
 [ 0.90969566  1.94191326]
 [ 0.45857041  2.1416251 ]
 [ 0.71426463 -2.8760044 ]]
[[ 0.76969897 -1.41250877]
 [ 1.24795079  2.91246506]
 [ 0.98123364  0.79277997]
 [ 0.78123059 -1.91879157]
 [ 0.90958499  1.94206327]
 [ 0.45845988  2.1417132 ]
 [ 0.71441151 -2.87597813]]
[[ 0.76970639 -1.41269916]
 [ 1.24808699  2.91226223]
 [ 0.9811327   0.79292809]
 [ 0.78117093 -1.91896789]
 [ 0.90947432  1.94221326]
 [ 0.45834934  2.1418013 ]
 [ 0.71455838 -2.87595184]]
[[ 0.76971378 -1.41288955]
 [ 1.24822317  2.9120592 ]
 [ 0.98103176  0.79307619]
 [ 0.78111125 -1.91914418]
 [ 0.90936364  1.94236321]
 [ 0.45823881  2.14188938]
 [ 0.71470527 -2.87592555]]
[[ 0.76972114 -1.41307996]
 [ 1.24835934  2.91185596]
 [ 0.98093082  0.79322427]
 [ 0.78105154 -1.91932045]
 [ 0.90925295  1.94251313]
 [ 0.45812827  2.14197745]
 [ 0.71485216 -2.87589926]]
[[ 0.76972847 -1.41327037]
 [ 1.24849549  2.91165252]
 [ 0.98082988  0.79337232]
 [ 0.78099181 -1.91949669]
 [ 0.90914226  1.942663  ]
 [ 0.45801773  2.14206551]
 [ 0.71499905 -2.87587296]]
[[ 0.76973577 -1.41346079]
 [ 1.24863162  2.91144888]
 [ 0.98072893  0.79352036]
 [ 0.78093206 -1.91967291]
 [ 0.90903155  1.94281285]
 [ 0.45790719  2.14215355]
 [ 0.71514595 -2.87584666]]
[[ 0.76974303 -1.41365122]
 [ 1.24876773  2.91124501]
 [ 0.98062799  0.79366837]
 [ 0.78087229 -1.91984911]
 [ 0.90892084  1.94296265]
 [ 0.45779664  2.14224157]
 [ 0.71529285 -2.87582037]]
[[ 0.76975026 -1.41384165]
 [ 1.24890383  2.91104101]
 [ 0.98052706  0.79381636]
 [ 0.78081248 -1.92002527]
 [ 0.90881013  1.94311244]
 [ 0.4576861   2.1423296 ]
 [ 0.71543975 -2.87579404]]
[[ 0.76975745 -1.4140321 ]
 [ 1.24903991  2.91083679]
 [ 0.98042613  0.79396432]
 [ 0.78075265 -1.92020141]
 [ 0.90869941  1.9432622 ]
 [ 0.45757556  2.1424176 ]
 [ 0.71558666 -2.87576771]]
[[ 0.76976461 -1.41422256]
 [ 1.24917597  2.91063237]
 [ 0.9803252   0.79411227]
 [ 0.7806928  -1.92037752]
 [ 0.90858868  1.94341192]
 [ 0.45746501  2.1425056 ]
 [ 0.71573358 -2.87574138]]
[[ 0.76977173 -1.41441301]
 [ 1.24931201  2.91042779]
 [ 0.98022427  0.79426019]
 [ 0.78063291 -1.9205536 ]
 [ 0.90847796  1.94356161]
 [ 0.45735447  2.14259359]
 [ 0.7158805  -2.87571503]]
[[ 0.76977883 -1.41460348]
 [ 1.24944804  2.91022297]
 [ 0.98012334  0.79440809]
 [ 0.78057301 -1.92072966]
 [ 0.90836722  1.94371126]
 [ 0.45724393  2.14268156]
 [ 0.71602742 -2.87568868]]
[[ 0.76978589 -1.41479396]
 [ 1.24958404  2.91001795]
 [ 0.98002242  0.79455597]
 [ 0.78051308 -1.9209057 ]
 [ 0.90825647  1.94386087]
 [ 0.45713338  2.14276951]
 [ 0.71617435 -2.87566234]]
[[ 0.76979291 -1.41498444]
 [ 1.24972003  2.90981277]
 [ 0.9799215   0.79470383]
 [ 0.78045312 -1.9210817 ]
 [ 0.90814572  1.94401047]
 [ 0.45702283  2.14285747]
 [ 0.71632127 -2.87563597]]
[[ 0.76979991 -1.41517493]
 [ 1.249856    2.90960736]
 [ 0.97982057  0.79485166]
 [ 0.78039314 -1.92125768]
 [ 0.90803496  1.94416001]
 [ 0.45691228  2.1429454 ]
 [ 0.71646821 -2.8756096 ]]
[[ 0.7698207  -1.41574647]
 [ 1.25026379  2.90898993]
 [ 0.97951782  0.79529505]
 [ 0.78021306 -1.9217855 ]
 [ 0.90770264  1.94460848]
 [ 0.45658062  2.14320912]
 [ 0.71690904 -2.87553048]]
[[ 0.76984126 -1.4163181 ]
 [ 1.25067142  2.90837042]
 [ 0.97921502  0.79573825]
 [ 0.78003283 -1.92231313]
 [ 0.9073702   1.94505654]
 [ 0.4562489   2.14347265]
 [ 0.71734994 -2.8754514 ]]
[[ 0.76984804 -1.41650865]
 [ 1.25080726  2.90816358]
 [ 0.97911411  0.79588594]
 [ 0.77997268 -1.92248894]
 [ 0.90725939  1.94520585]
 [ 0.45613834  2.14356049]
 [ 0.71749691 -2.87542501]]
[[ 0.76985476 -1.41669921]
 [ 1.25094309  2.90795659]
 [ 0.9790132   0.7960336 ]
 [ 0.7799125  -1.92266471]
 [ 0.90714858  1.94535514]
 [ 0.45602779  2.14364832]
 [ 0.71764388 -2.87539859]]
[[ 0.76986146 -1.41688977]
 [ 1.25107889  2.9077494 ]
 [ 0.9789123   0.79618124]
 [ 0.7798523  -1.92284047]
 [ 0.90703777  1.9455044 ]
 [ 0.45591723  2.14373615]
 [ 0.71779086 -2.87537216]]
[[ 0.76986812 -1.41708035]
 [ 1.25121467  2.90754201]
 [ 0.97881141  0.79632886]
 [ 0.77979207 -1.92301619]
 [ 0.90692695  1.94565364]
 [ 0.45580667  2.14382397]
 [ 0.71793783 -2.87534572]]
[[ 0.76987474 -1.41727093]
 [ 1.25135044  2.90733444]
 [ 0.97871051  0.79647646]
 [ 0.77973181 -1.92319189]
 [ 0.90681612  1.94580284]
 [ 0.45569611  2.14391177]
 [ 0.71808481 -2.87531927]]
[[ 0.76988133 -1.41746152]
 [ 1.25148619  2.90712665]
 [ 0.97860962  0.79662403]
 [ 0.77967153 -1.92336756]
 [ 0.90670529  1.945952  ]
 [ 0.45558555  2.14399956]
 [ 0.7182318  -2.87529282]]
[[ 0.7698879  -1.41765212]
 [ 1.25162192  2.90691864]
 [ 0.97850872  0.79677159]
 [ 0.77961123 -1.92354321]
 [ 0.90659445  1.94610113]
 [ 0.45547499  2.14408734]
 [ 0.71837879 -2.87526637]]
[[ 0.76989443 -1.41784272]
 [ 1.25175763  2.90671045]
 [ 0.97840783  0.79691912]
 [ 0.7795509  -1.92371883]
 [ 0.9064836   1.94625023]
 [ 0.45536443  2.1441751 ]
 [ 0.71852578 -2.87523991]]
[[ 0.76990092 -1.41803334]
 [ 1.25189332  2.90650206]
 [ 0.97830694  0.79706663]
 [ 0.77949055 -1.92389443]
 [ 0.90637275  1.9463993 ]
 [ 0.45525386  2.14426286]
 [ 0.71867278 -2.87521344]]
[[ 0.76990739 -1.41822396]
 [ 1.252029    2.90629346]
 [ 0.97820606  0.79721412]
 [ 0.77943017 -1.92407   ]
 [ 0.90626189  1.94654834]
 [ 0.4551433   2.1443506 ]
 [ 0.71881978 -2.87518697]]
[[ 0.7699202  -1.41860522]
 [ 1.25230029  2.90587567]
 [ 0.97800429  0.79750903]
 [ 0.77930934 -1.92442105]
 [ 0.90604016  1.94684631]
 [ 0.45492217  2.14452604]
 [ 0.7191138  -2.87513399]]
[[ 0.76992656 -1.41879586]
 [ 1.25243591  2.90566648]
 [ 0.97790341  0.79765645]
 [ 0.77924888 -1.92459654]
 [ 0.90592928  1.94699525]
 [ 0.45481161  2.14461375]
 [ 0.71926081 -2.87510748]]
[[ 0.76993289 -1.41898651]
 [ 1.25257151  2.90545707]
 [ 0.97780253  0.79780386]
 [ 0.77918841 -1.924772  ]
 [ 0.9058184   1.94714415]
 [ 0.45470104  2.14470144]
 [ 0.71940784 -2.87508099]]
[[ 0.76993919 -1.41917717]
 [ 1.2527071   2.90524746]
 [ 0.97770165  0.79795124]
 [ 0.77912791 -1.92494744]
 [ 0.90570751  1.94729302]
 [ 0.45459047  2.14478912]
 [ 0.71955486 -2.87505448]]
[[ 0.76994545 -1.41936784]
 [ 1.25284266  2.90503766]
 [ 0.97760078  0.7980986 ]
 [ 0.77906738 -1.92512285]
 [ 0.90559661  1.94744186]
 [ 0.45447991  2.14487679]
 [ 0.71970189 -2.87502795]]
[[ 0.76995788 -1.4197492 ]
 [ 1.25311373  2.90461739]
 [ 0.97739903  0.79839325]
 [ 0.77894626 -1.92547361]
 [ 0.90537479  1.94773943]
 [ 0.45425876  2.14505208]
 [ 0.71999596 -2.87497491]]
[[ 0.76998241 -1.42051202]
 [ 1.25365565  2.90377412]
 [ 0.97699549  0.79898232]
 [ 0.7787038  -1.92617486]
 [ 0.90493102  1.94833406]
 [ 0.45381641  2.14540243]
 [ 0.7205842  -2.87486886]]
[[ 0.77000045 -1.42108421]
 [ 1.25406189  2.90313958]
 [ 0.97669286  0.79942388]
 [ 0.77852168 -1.92670052]
 [ 0.90459814  1.94877972]
 [ 0.45348465  2.14566508]
 [ 0.72102541 -2.87478923]]
[[ 0.77000639 -1.42127495]
 [ 1.25419727  2.90292767]
 [ 0.976592    0.79957103]
 [ 0.77846092 -1.92687568]
 [ 0.90448717  1.94892821]
 [ 0.45337407  2.14575261]
 [ 0.72117249 -2.87476267]]
[[ 0.77001228 -1.42146569]
 [ 1.25433263  2.90271562]
 [ 0.97649115  0.79971815]
 [ 0.77840012 -1.9270508 ]
 [ 0.90437621  1.9490767 ]
 [ 0.45326349  2.14584014]
 [ 0.72131957 -2.87473607]]
[[ 0.77001814 -1.42165644]
 [ 1.25446797  2.90250336]
 [ 0.97639029  0.79986524]
 [ 0.7783393  -1.92722589]
 [ 0.90426524  1.94922514]
 [ 0.45315291  2.14592766]
 [ 0.72146665 -2.87470946]]
[[ 0.77002396 -1.4218472 ]
 [ 1.25460329  2.9022909 ]
 [ 0.97628945  0.80001231]
 [ 0.77827845 -1.92740096]
 [ 0.90415427  1.94937356]
 [ 0.45304234  2.14601518]
 [ 0.72161374 -2.87468285]]
[[ 0.77002976 -1.42203797]
 [ 1.25473859  2.90207823]
 [ 0.9761886   0.80015937]
 [ 0.77821758 -1.927576  ]
 [ 0.90404328  1.94952195]
 [ 0.45293176  2.14610267]
 [ 0.72176083 -2.87465624]]
[[ 0.77003552 -1.42222874]
 [ 1.25487388  2.90186536]
 [ 0.97608776  0.8003064 ]
 [ 0.77815668 -1.92775102]
 [ 0.9039323   1.9496703 ]
 [ 0.45282118  2.14619016]
 [ 0.72190792 -2.87462961]]
[[ 0.77004124 -1.42241952]
 [ 1.25500915  2.90165227]
 [ 0.97598691  0.80045341]
 [ 0.77809576 -1.927926  ]
 [ 0.90382131  1.94981861]
 [ 0.4527106   2.14627763]
 [ 0.72205503 -2.87460298]]
[[ 0.77004693 -1.42261031]
 [ 1.25514439  2.90143901]
 [ 0.97588608  0.8006004 ]
 [ 0.77803481 -1.92810096]
 [ 0.90371031  1.94996691]
 [ 0.45260003  2.1463651 ]
 [ 0.72220213 -2.87457633]]
[[ 0.77005259 -1.42280111]
 [ 1.25527962  2.90122551]
 [ 0.97578524  0.80074737]
 [ 0.77797384 -1.9282759 ]
 [ 0.90359931  1.95011517]
 [ 0.45248945  2.14645255]
 [ 0.72234924 -2.87454969]]
[[ 0.77005822 -1.42299191]
 [ 1.25541482  2.90101182]
 [ 0.97568441  0.80089432]
 [ 0.77791284 -1.92845081]
 [ 0.9034883   1.95026339]
 [ 0.45237886  2.14653999]
 [ 0.72249635 -2.87452303]]
[[ 0.77006381 -1.42318273]
 [ 1.25555001  2.90079789]
 [ 0.97558357  0.80104125]
 [ 0.77785182 -1.92862571]
 [ 0.90337727  1.95041158]
 [ 0.45226828  2.14662742]
 [ 0.72264346 -2.87449638]]
[[ 0.77006938 -1.42337354]
 [ 1.25568518  2.90058376]
 [ 0.97548274  0.80118815]
 [ 0.77779078 -1.92880056]
 [ 0.90326625  1.95055974]
 [ 0.45215769  2.14671483]
 [ 0.72279058 -2.87446972]]
[[ 0.7700749  -1.42356437]
 [ 1.25582032  2.90036944]
 [ 0.97538191  0.80133504]
 [ 0.77772971 -1.9289754 ]
 [ 0.90315522  1.95070787]
 [ 0.45204711  2.14680223]
 [ 0.7229377  -2.87444305]]
[[ 0.7700804  -1.42375521]
 [ 1.25595545  2.9001549 ]
 [ 0.97528109  0.8014819 ]
 [ 0.77766861 -1.92915022]
 [ 0.90304418  1.95085597]
 [ 0.45193652  2.14688962]
 [ 0.72308483 -2.87441637]]
[[ 0.77008586 -1.42394605]
 [ 1.25609056  2.89994016]
 [ 0.97518026  0.80162875]
 [ 0.77760749 -1.929325  ]
 [ 0.90293314  1.95100403]
 [ 0.45182593  2.146977  ]
 [ 0.72323196 -2.87438969]]
[[ 0.77009128 -1.42413689]
 [ 1.25622565  2.89972521]
 [ 0.97507944  0.80177556]
 [ 0.77754635 -1.92949975]
 [ 0.90282209  1.95115206]
 [ 0.45171534  2.14706437]
 [ 0.7233791  -2.87436299]]
[[ 0.77009668 -1.42432775]
 [ 1.25636072  2.89951005]
 [ 0.97497862  0.80192237]
 [ 0.77748518 -1.92967449]
 [ 0.90271103  1.95130006]
 [ 0.45160475  2.14715172]
 [ 0.72352624 -2.87433629]]
[[ 0.77010204 -1.42451862]
 [ 1.25649577  2.89929469]
 [ 0.97487781  0.80206915]
 [ 0.77742399 -1.92984919]
 [ 0.90259997  1.95144804]
 [ 0.45149416  2.14723907]
 [ 0.72367338 -2.87430958]]
[[ 0.77010736 -1.42470948]
 [ 1.2566308   2.89907912]
 [ 0.97477699  0.80221591]
 [ 0.77736277 -1.93002387]
 [ 0.9024889   1.95159597]
 [ 0.45138357  2.1473264 ]
 [ 0.72382053 -2.87428287]]
[[ 0.77011266 -1.42490036]
 [ 1.25676581  2.89886333]
 [ 0.97467618  0.80236264]
 [ 0.77730152 -1.93019852]
 [ 0.90237783  1.95174388]
 [ 0.45127298  2.14741372]
 [ 0.72396768 -2.87425615]]
[[ 0.77012314 -1.42528214]
 [ 1.25703577  2.89843112]
 [ 0.97447456  0.80265606]
 [ 0.77717897 -1.93054775]
 [ 0.90215566  1.9520396 ]
 [ 0.45105179  2.14758832]
 [ 0.72426199 -2.87420269]]
[[ 0.77012834 -1.42547305]
 [ 1.25717072  2.89821469]
 [ 0.97437375  0.80280274]
 [ 0.77711765 -1.93072233]
 [ 0.90204456  1.9521874 ]
 [ 0.45094119  2.1476756 ]
 [ 0.72440915 -2.87417596]]
[[ 0.7701335  -1.42566396]
 [ 1.25730565  2.89799806]
 [ 0.97427295  0.80294939]
 [ 0.77705631 -1.93089689]
 [ 0.90193346  1.95233518]
 [ 0.45083059  2.14776287]
 [ 0.72455632 -2.87414921]]
[[ 0.77013863 -1.42585487]
 [ 1.25744056  2.89778121]
 [ 0.97417215  0.80309603]
 [ 0.77699495 -1.93107141]
 [ 0.90182235  1.95248293]
 [ 0.45071999  2.14785012]
 [ 0.72470349 -2.87412246]]
[[ 0.77014372 -1.42604579]
 [ 1.25757546  2.89756418]
 [ 0.97407135  0.80324264]
 [ 0.77693355 -1.9312459 ]
 [ 0.90171124  1.95263064]
 [ 0.4506094   2.14793738]
 [ 0.72485067 -2.87409569]]
[[ 0.77014878 -1.42623672]
 [ 1.25771033  2.8973469 ]
 [ 0.97397055  0.80338923]
 [ 0.77687214 -1.93142038]
 [ 0.90160012  1.95277832]
 [ 0.4504988   2.14802461]
 [ 0.72499785 -2.87406893]]
[[ 0.77015382 -1.42642766]
 [ 1.25784518  2.89712941]
 [ 0.97386975  0.8035358 ]
 [ 0.77681071 -1.93159483]
 [ 0.90148899  1.95292597]
 [ 0.4503882   2.14811182]
 [ 0.72514504 -2.87404217]]
[[ 0.77015881 -1.4266186 ]
 [ 1.25798001  2.8969117 ]
 [ 0.97376895  0.80368236]
 [ 0.77674925 -1.93176926]
 [ 0.90137786  1.95307358]
 [ 0.45027759  2.14819903]
 [ 0.72529222 -2.8740154 ]]
[[ 0.77016377 -1.42680956]
 [ 1.25811482  2.89669381]
 [ 0.97366817  0.80382889]
 [ 0.77668776 -1.93194365]
 [ 0.90126672  1.95322117]
 [ 0.45016699  2.14828623]
 [ 0.72543941 -2.87398861]]
[[ 0.77016869 -1.4270005 ]
 [ 1.25824963  2.89647572]
 [ 0.97356738  0.80397538]
 [ 0.77662625 -1.932118  ]
 [ 0.90115559  1.95336872]
 [ 0.45005639  2.14837342]
 [ 0.72558661 -2.8739618 ]]
[[ 0.77017359 -1.42719147]
 [ 1.2583844   2.89625741]
 [ 0.97346659  0.80412187]
 [ 0.77656471 -1.93229234]
 [ 0.90104444  1.95351625]
 [ 0.72573381 -2.873935  ]]
[[ 0.77018329 -1.42757341]
 [ 1.25865389  2.89582005]
 [ 0.97326501  0.80441478]
 [ 0.77644158 -1.93264095]
 [ 0.90082211  1.95381117]
 [ 0.72602824 -2.8738814 ]]
[[ 0.7701881  -1.42776439]
 [ 1.25878862  2.89560102]
 [ 0.97316421  0.80456119]
 [ 0.77637999 -1.93281522]
 [ 0.90071093  1.95395856]
 [ 0.72617547 -2.8738546 ]]
[[ 0.77019286 -1.42795538]
 [ 1.25892332  2.89538182]
 [ 0.97306342  0.80470759]
 [ 0.77631836 -1.93298946]
 [ 0.90059976  1.95410594]
 [ 0.72632269 -2.87382778]]
[[ 0.77019758 -1.42814637]
 [ 1.259058    2.89516244]
 [ 0.97296265  0.80485396]
 [ 0.7762567  -1.93316365]
 [ 0.90048858  1.9542533 ]
 [ 0.72646992 -2.87380093]]
[[ 0.77020227 -1.42833736]
 [ 1.25919266  2.89494285]
 [ 0.97286187  0.80500031]
 [ 0.77619501 -1.93333782]
 [ 0.90037741  1.95440063]
 [ 0.72661715 -2.87377408]]
[[ 0.77020692 -1.42852836]
 [ 1.2593273   2.89472307]
 [ 0.97276111  0.80514665]
 [ 0.7761333  -1.93351197]
 [ 0.90026622  1.95454794]
 [ 0.72676438 -2.87374721]]
[[ 0.77021154 -1.42871937]
 [ 1.25946192  2.89450305]
 [ 0.97266034  0.80529296]
 [ 0.77607156 -1.93368609]
 [ 0.90015503  1.95469521]
 [ 0.72691162 -2.87372035]]
[[ 0.77022069 -1.42910141]
 [ 1.25973111  2.89406233]
 [ 0.9724588   0.80558551]
 [ 0.77594803 -1.93403425]
 [ 0.89993262  1.95498963]
 [ 0.72720611 -2.87366661]]
[[ 0.77022522 -1.42929245]
 [ 1.25986566  2.89384166]
 [ 0.97235804  0.80573177]
 [ 0.77588622 -1.93420831]
 [ 0.89982141  1.95513681]
 [ 0.72735336 -2.87363973]]
[[ 0.77022971 -1.42948349]
 [ 1.2600002   2.89362077]
 [ 0.97225727  0.805878  ]
 [ 0.77582439 -1.93438232]
 [ 0.89971019  1.95528394]
 [ 0.72750061 -2.87361284]]
[[ 0.77023417 -1.42967452]
 [ 1.26013473  2.89339965]
 [ 0.97215651  0.80602419]
 [ 0.77576254 -1.93455631]
 [ 0.89959896  1.95543103]
 [ 0.72764788 -2.87358595]]
[[ 0.7702386  -1.42986558]
 [ 1.26026922  2.89317831]
 [ 0.97205575  0.80617039]
 [ 0.77570067 -1.93473028]
 [ 0.89948773  1.9555781 ]
 [ 0.72779514 -2.87355905]]
[[ 0.77024299 -1.43005663]
 [ 1.26040371  2.89295676]
 [ 0.97195498  0.80631655]
 [ 0.77563877 -1.93490422]
 [ 0.89937649  1.95572514]
 [ 0.72794241 -2.87353215]]
[[ 0.77024735 -1.4302477 ]
 [ 1.26053816  2.89273498]
 [ 0.97185423  0.8064627 ]
 [ 0.77557685 -1.93507814]
 [ 0.89926524  1.95587214]
 [ 0.72808969 -2.87350524]]
[[ 0.77025168 -1.43043877]
 [ 1.2606726   2.89251301]
 [ 0.97175348  0.80660882]
 [ 0.77551489 -1.93525203]
 [ 0.89915399  1.95601912]
 [ 0.72823696 -2.87347832]]
[[ 0.77025598 -1.43062986]
 [ 1.26080701  2.89229079]
 [ 0.97165272  0.80675493]
 [ 0.77545293 -1.9354259 ]
 [ 0.89904272  1.95616606]
 [ 0.72838424 -2.8734514 ]]
[[ 0.77026023 -1.43082094]
 [ 1.26094141  2.89206839]
 [ 0.97155198  0.80690102]
 [ 0.77539092 -1.93559974]
 [ 0.89893146  1.95631297]
 [ 0.72853152 -2.87342447]]
[[ 0.77026446 -1.43101203]
 [ 1.26107579  2.89184575]
 [ 0.97145123  0.80704708]
 [ 0.7753289  -1.93577355]
 [ 0.89882019  1.95645985]
 [ 0.72867882 -2.87339753]]
[[ 0.77026865 -1.43120313]
 [ 1.26121015  2.89162291]
 [ 0.97135048  0.80719312]
 [ 0.77526686 -1.93594733]
 [ 0.89870892  1.9566067 ]
 [ 0.72882611 -2.87337058]]
[[ 0.77027281 -1.43139423]
 [ 1.26134449  2.89139982]
 [ 0.97124974  0.80733914]
 [ 0.77520479 -1.93612108]
 [ 0.89859763  1.95675351]
 [ 0.72897341 -2.87334363]]
[[ 0.77027694 -1.43158535]
 [ 1.2614788   2.89117653]
 [ 0.971149    0.80748514]
 [ 0.7751427  -1.93629482]
 [ 0.89848634  1.95690029]
 [ 0.72912071 -2.87331667]]
[[ 0.77028104 -1.43177647]
 [ 1.26161309  2.89095301]
 [ 0.97104826  0.80763113]
 [ 0.77508058 -1.93646853]
 [ 0.89837504  1.95704704]
 [ 0.72926801 -2.87328971]]
[[ 0.77028912 -1.43215871]
 [ 1.26188163  2.89050535]
 [ 0.97084679  0.80792302]
 [ 0.77495627 -1.93681585]
 [ 0.89815244  1.95734045]
 [ 0.72956264 -2.87323575]]
[[ 0.77029311 -1.43234985]
 [ 1.26201586  2.89028119]
 [ 0.97074605  0.80806894]
 [ 0.77489407 -1.93698948]
 [ 0.89804113  1.95748711]
 [ 0.72970996 -2.87320876]]
[[ 0.77029708 -1.432541  ]
 [ 1.26215007  2.89005679]
 [ 0.97064532  0.80821484]
 [ 0.77483186 -1.93716309]
 [ 0.89792981  1.95763374]
 [ 0.72985728 -2.87318178]]
[[ 0.770301   -1.43273214]
 [ 1.26228427  2.88983218]
 [ 0.97054459  0.80836071]
 [ 0.77476962 -1.93733666]
 [ 0.89781848  1.95778032]
 [ 0.73000461 -2.87315478]]
[[ 0.7703049  -1.4329233 ]
 [ 1.26241844  2.88960736]
 [ 0.97044387  0.80850657]
 [ 0.77470736 -1.93751021]
 [ 0.89770715  1.95792689]
 [ 0.73015194 -2.87312777]]
[[ 0.77030876 -1.43311446]
 [ 1.2625526   2.8893823 ]
 [ 0.97034314  0.8086524 ]
 [ 0.77464507 -1.93768372]
 [ 0.89759581  1.95807341]
 [ 0.73029928 -2.87310075]]
[[ 0.77031258 -1.43330563]
 [ 1.26268673  2.88915705]
 [ 0.97024242  0.80879821]
 [ 0.77458276 -1.93785722]
 [ 0.89748447  1.95821992]
 [ 0.73044662 -2.87307373]]
[[ 0.77031638 -1.4334968 ]
 [ 1.26282084  2.88893155]
 [ 0.9701417   0.808944  ]
 [ 0.77452042 -1.93803069]
 [ 0.89737312  1.95836638]
 [ 0.73059396 -2.87304671]]
[[ 0.77032014 -1.43368799]
 [ 1.26295492  2.88870583]
 [ 0.97004098  0.80908978]
 [ 0.77445806 -1.93820414]
 [ 0.89726176  1.95851281]
 [ 0.73074131 -2.87301968]]
[[ 0.77032386 -1.43387917]
 [ 1.263089    2.88847991]
 [ 0.96994026  0.80923553]
 [ 0.77439568 -1.93837755]
 [ 0.8971504   1.95865922]
 [ 0.73088866 -2.87299263]]
[[ 0.77032755 -1.43407036]
 [ 1.26322305  2.88825376]
 [ 0.96983955  0.80938126]
 [ 0.77433327 -1.93855093]
 [ 0.89703903  1.95880559]
 [ 0.73103602 -2.87296558]]
[[ 0.77033122 -1.43426155]
 [ 1.26335708  2.88802737]
 [ 0.96973883  0.80952696]
 [ 0.77427084 -1.93872429]
 [ 0.89692766  1.95895192]
 [ 0.73118339 -2.87293853]]
[[ 0.77033485 -1.43445276]
 [ 1.26349108  2.88780075]
 [ 0.96963812  0.80967266]
 [ 0.77420839 -1.93889764]
 [ 0.89681628  1.95909822]
 [ 0.73133075 -2.87291147]]
[[ 0.77033844 -1.43464398]
 [ 1.26362507  2.88757393]
 [ 0.96953742  0.80981833]
 [ 0.77414591 -1.93907095]
 [ 0.89670489  1.9592445 ]
 [ 0.73147812 -2.87288441]]
[[ 0.770342   -1.43483519]
 [ 1.26375903  2.88734689]
 [ 0.96943671  0.80996398]
 [ 0.7740834  -1.93924423]
 [ 0.8965935   1.95939075]
 [ 0.73162549 -2.87285733]]
[[ 0.77034553 -1.43502641]
 [ 1.26389299  2.88711961]
 [ 0.96933601  0.8101096 ]
 [ 0.77402087 -1.93941748]
 [ 0.8964821   1.95953695]
 [ 0.73177287 -2.87283024]]
[[ 0.77034902 -1.43521764]
 [ 1.26402691  2.88689212]
 [ 0.9692353   0.81025521]
 [ 0.77395832 -1.93959071]
 [ 0.8963707   1.95968314]
 [ 0.73192025 -2.87280315]]
[[ 0.77035248 -1.43540888]
 [ 1.26416081  2.8866644 ]
 [ 0.9691346   0.8104008 ]
 [ 0.77389575 -1.93976392]
 [ 0.89625928  1.95982928]
 [ 0.73206764 -2.87277606]]
[[ 0.77035591 -1.43560012]
 [ 1.26429469  2.88643646]
 [ 0.96903391  0.81054637]
 [ 0.77383314 -1.9399371 ]
 [ 0.89614787  1.9599754 ]
 [ 0.73221503 -2.87274896]]
[[ 0.7703593  -1.43579137]
 [ 1.26442855  2.88620833]
 [ 0.96893322  0.81069192]
 [ 0.77377051 -1.94011025]
 [ 0.89603645  1.9601215 ]
 [ 0.73236242 -2.87272184]]
[[ 0.77036266 -1.43598262]
 [ 1.26456239  2.88597993]
 [ 0.96883253  0.81083745]
 [ 0.77370786 -1.94028337]
 [ 0.89592502  1.96026756]
 [ 0.73250982 -2.87269473]]
[[ 0.77036598 -1.43617388]
 [ 1.26469621  2.88575132]
 [ 0.96873184  0.81098295]
 [ 0.77364519 -1.94045647]
 [ 0.89581359  1.96041358]
 [ 0.73265722 -2.8726676 ]]
[[ 0.77037254 -1.43655642]
 [ 1.26496378  2.88529342]
 [ 0.96853047  0.8112739 ]
 [ 0.77351977 -1.94080259]
 [ 0.8955907   1.96070554]
 [ 0.73295203 -2.87261334]]
[[ 0.77037576 -1.43674769]
 [ 1.26509753  2.88506414]
 [ 0.96842978  0.81141935]
 [ 0.77345702 -1.94097561]
 [ 0.89547925  1.96085147]
 [ 0.73309945 -2.87258619]]
[[ 0.77037896 -1.43693898]
 [ 1.26523127  2.88483463]
 [ 0.9683291   0.81156477]
 [ 0.77339425 -1.9411486 ]
 [ 0.89536779  1.96099737]
 [ 0.73324687 -2.87255904]]
[[ 0.77038212 -1.43713027]
 [ 1.26536498  2.88460487]
 [ 0.96822842  0.81171018]
 [ 0.77333146 -1.94132157]
 [ 0.89525632  1.96114323]
 [ 0.7333943  -2.87253189]]
[[ 0.77038524 -1.43732155]
 [ 1.26549868  2.88437491]
 [ 0.96812774  0.81185555]
 [ 0.77326865 -1.9414945 ]
 [ 0.89514486  1.96128906]
 [ 0.73354173 -2.87250472]]
[[ 0.77038834 -1.43751286]
 [ 1.26563234  2.88414472]
 [ 0.96802707  0.81200092]
 [ 0.7732058  -1.94166742]
 [ 0.89503338  1.96143487]
 [ 0.73368916 -2.87247755]]
[[ 0.7703914  -1.43770416]
 [ 1.26576599  2.88391428]
 [ 0.96792639  0.81214626]
 [ 0.77314294 -1.94184031]
 [ 0.89492189  1.96158063]
 [ 0.7338366  -2.87245038]]
[[ 0.77039443 -1.43789547]
 [ 1.26589962  2.88368363]
 [ 0.96782572  0.81229158]
 [ 0.77308006 -1.94201317]
 [ 0.8948104   1.96172637]
 [ 0.73398404 -2.87242319]]
[[ 0.77039742 -1.43808679]
 [ 1.26603323  2.88345275]
 [ 0.96772505  0.81243688]
 [ 0.77301714 -1.942186  ]
 [ 0.89469891  1.96187208]
 [ 0.73413148 -2.872396  ]]
[[ 0.77040038 -1.43827812]
 [ 1.26616681  2.88322163]
 [ 0.96762438  0.81258216]
 [ 0.77295421 -1.94235881]
 [ 0.8945874   1.96201775]
 [ 0.73427893 -2.87236881]]
[[ 0.77040331 -1.43846945]
 [ 1.26630037  2.88299031]
 [ 0.96752371  0.81272742]
 [ 0.77289125 -1.94253159]
 [ 0.8944759   1.9621634 ]
 [ 0.73442638 -2.8723416 ]]
[[ 0.7704062  -1.43866078]
 [ 1.26643392  2.88275876]
 [ 0.96742305  0.81287267]
 [ 0.77282826 -1.94270435]
 [ 0.89436439  1.96230902]
 [ 0.73457384 -2.87231439]]
[[ 0.77040907 -1.43885212]
 [ 1.26656743  2.88252695]
 [ 0.96732239  0.81301789]
 [ 0.77276525 -1.94287708]
 [ 0.89425286  1.9624546 ]
 [ 0.7347213  -2.87228718]]
[[ 0.77041189 -1.43904347]
 [ 1.26670093  2.88229493]
 [ 0.96722173  0.81316309]
 [ 0.77270222 -1.94304978]
 [ 0.89414134  1.96260015]
 [ 0.73486877 -2.87225995]]
[[ 0.77041469 -1.43923482]
 [ 1.26683441  2.88206266]
 [ 0.96712107  0.81330826]
 [ 0.77263917 -1.94322245]
 [ 0.89402981  1.96274566]
 [ 0.73501624 -2.87223273]]
[[ 0.77041745 -1.43942617]
 [ 1.26696787  2.88183018]
 [ 0.96702041  0.81345342]
 [ 0.77257609 -1.9433951 ]
 [ 0.89391827  1.96289114]
 [ 0.73516372 -2.87220549]]
[[ 0.77042287 -1.43980891]
 [ 1.26723472  2.88136456]
 [ 0.96681912  0.81374368]
 [ 0.77244986 -1.94374032]
 [ 0.89369518  1.96318204]
 [ 0.73545868 -2.87215098]]
[[ 0.77042553 -1.44000028]
 [ 1.26736811  2.88113139]
 [ 0.96671847  0.81388878]
 [ 0.77238671 -1.94391288]
 [ 0.89358363  1.96332743]
 [ 0.73560617 -2.87212372]]
[[ 0.77042815 -1.44019166]
 [ 1.26750148  2.88089801]
 [ 0.96661782  0.81403385]
 [ 0.77232353 -1.94408542]
 [ 0.89347207  1.9634728 ]
 [ 0.73575366 -2.87209645]]
[[ 0.77043075 -1.44038304]
 [ 1.26763483  2.88066437]
 [ 0.96651718  0.81417891]
 [ 0.77226033 -1.94425794]
 [ 0.8933605   1.96361813]
 [ 0.73590115 -2.87206918]]
[[ 0.77043331 -1.44057444]
 [ 1.26776815  2.8804305 ]
 [ 0.96641653  0.81432395]
 [ 0.77219711 -1.94443044]
 [ 0.89324892  1.96376343]
 [ 0.73604865 -2.87204191]]
[[ 0.77043584 -1.44076583]
 [ 1.26790145  2.88019643]
 [ 0.9663159   0.81446897]
 [ 0.77213386 -1.94460289]
 [ 0.89313735  1.9639087 ]
 [ 0.73619615 -2.87201462]]
[[ 0.77043833 -1.44095724]
 [ 1.26803473  2.8799621 ]
 [ 0.96621526  0.81461397]
 [ 0.77207059 -1.94477534]
 [ 0.89302576  1.96405394]
 [ 0.73634366 -2.87198733]]
[[ 0.77044079 -1.44114864]
 [ 1.268168    2.87972754]
 [ 0.96611462  0.81475894]
 [ 0.7720073  -1.94494774]
 [ 0.89291417  1.96419914]
 [ 0.73649117 -2.87196003]]
[[ 0.77044322 -1.44134006]
 [ 1.26830123  2.87949276]
 [ 0.96601399  0.81490391]
 [ 0.77194398 -1.94512014]
 [ 0.89280257  1.96434433]
 [ 0.73663868 -2.87193273]]
[[ 0.77044562 -1.44153148]
 [ 1.26843445  2.87925773]
 [ 0.96591336  0.81504884]
 [ 0.77188064 -1.94529249]
 [ 0.89269097  1.96448946]
 [ 0.73678621 -2.87190541]]
[[ 0.77044797 -1.4417229 ]
 [ 1.26856764  2.87902249]
 [ 0.96581273  0.81519376]
 [ 0.77181727 -1.94546481]
 [ 0.89257936  1.96463458]
 [ 0.73693373 -2.87187809]]
[[ 0.7704503  -1.44191433]
 [ 1.26870082  2.87878701]
 [ 0.96571211  0.81533866]
 [ 0.77175388 -1.94563712]
 [ 0.89246774  1.96477966]
 [ 0.73708126 -2.87185076]]
[[ 0.7704526  -1.44210576]
 [ 1.26883397  2.87855128]
 [ 0.96561148  0.81548353]
 [ 0.77169047 -1.9458094 ]
 [ 0.89235612  1.96492471]
 [ 0.73722879 -2.87182343]]
[[ 0.77045486 -1.4422972 ]
 [ 1.2689671   2.87831533]
 [ 0.96551085  0.81562838]
 [ 0.77162703 -1.94598164]
 [ 0.8922445   1.96506972]
 [ 0.73737634 -2.87179609]]
[[ 0.77045709 -1.44248864]
 [ 1.26910021  2.87807913]
 [ 0.96541023  0.81577321]
 [ 0.77156357 -1.94615386]
 [ 0.89213286  1.9652147 ]
 [ 0.73752388 -2.87176874]]
[[ 0.77045928 -1.44268009]
 [ 1.2692333   2.87784271]
 [ 0.96530961  0.81591803]
 [ 0.77150009 -1.94632606]
 [ 0.89202122  1.96535965]
 [ 0.73767143 -2.87174139]]
[[ 0.77046144 -1.44287154]
 [ 1.26936636  2.87760605]
 [ 0.96520899  0.81606283]
 [ 0.77143658 -1.94649823]
 [ 0.89190958  1.96550458]
 [ 0.73781898 -2.87171403]]
[[ 0.77046357 -1.443063  ]
 [ 1.2694994   2.87736915]
 [ 0.96510837  0.8162076 ]
 [ 0.77137306 -1.94667038]
 [ 0.89179793  1.96564946]
 [ 0.73796654 -2.87168667]]
[[ 0.77046567 -1.44325447]
 [ 1.26963242  2.87713203]
 [ 0.96500776  0.81635236]
 [ 0.7713095  -1.9468425 ]
 [ 0.89168627  1.96579433]
 [ 0.73811409 -2.87165929]]
[[ 0.77046773 -1.44344594]
 [ 1.26976542  2.87689467]
 [ 0.96490715  0.81649709]
 [ 0.77124592 -1.94701458]
 [ 0.89157461  1.96593916]
 [ 0.73826166 -2.87163191]]
[[ 0.77046975 -1.44363741]
 [ 1.26989839  2.8766571 ]
 [ 0.96480654  0.8166418 ]
 [ 0.77118232 -1.94718664]
 [ 0.89146295  1.96608396]
 [ 0.73840922 -2.87160451]]
[[ 0.77047174 -1.44382889]
 [ 1.27003134  2.87641928]
 [ 0.96470594  0.8167865 ]
 [ 0.77111869 -1.94735868]
 [ 0.89135127  1.96622874]
 [ 0.73855679 -2.87157712]]
[[ 0.77047563 -1.44421186]
 [ 1.27029719  2.87594291]
 [ 0.96450473  0.81707582]
 [ 0.77099136 -1.94770267]
 [ 0.89112791  1.96651817]
 [ 0.73885195 -2.8715223 ]]
[[ 0.77047752 -1.44440336]
 [ 1.27043007  2.87570438]
 [ 0.96440413  0.81722046]
 [ 0.77092767 -1.94787462]
 [ 0.89101622  1.96666285]
 [ 0.73899954 -2.87149489]]
[[ 0.77047938 -1.44459486]
 [ 1.27056294  2.8754656 ]
 [ 0.96430354  0.81736507]
 [ 0.77086394 -1.94804655]
 [ 0.89090452  1.9668075 ]
 [ 0.73914712 -2.87146746]]
[[ 0.77048121 -1.44478636]
 [ 1.27069578  2.87522659]
 [ 0.96420294  0.81750965]
 [ 0.7708002  -1.94821844]
 [ 0.89079282  1.9669521 ]
 [ 0.73929472 -2.87144003]]
[[ 0.770483   -1.44497787]
 [ 1.2708286   2.87498736]
 [ 0.96410235  0.81765423]
 [ 0.77073643 -1.94839032]
 [ 0.89068111  1.96709669]
 [ 0.73944232 -2.87141259]]
[[ 0.77048476 -1.44516939]
 [ 1.27096139  2.87474788]
 [ 0.96400176  0.81779879]
 [ 0.77067263 -1.94856217]
 [ 0.8905694   1.96724125]
 [ 0.73958991 -2.87138514]]
[[ 0.77048648 -1.44536091]
 [ 1.27109416  2.87450817]
 [ 0.96390118  0.81794333]
 [ 0.77060881 -1.948734  ]
 [ 0.89045768  1.96738577]
 [ 0.73973751 -2.87135769]]
[[ 0.77048817 -1.44555244]
 [ 1.27122691  2.87426823]
 [ 0.9638006   0.81808784]
 [ 0.77054497 -1.94890579]
 [ 0.89034595  1.96753027]
 [ 0.73988512 -2.87133023]]
[[ 0.77048983 -1.44574397]
 [ 1.27135964  2.87402804]
 [ 0.96370001  0.81823234]
 [ 0.77048111 -1.94907756]
 [ 0.89023422  1.96767473]
 [ 0.74003273 -2.87130276]]
[[ 0.77049146 -1.4459355 ]
 [ 1.27149235  2.87378758]
 [ 0.96359942  0.81837681]
 [ 0.77041722 -1.94924931]
 [ 0.89012248  1.96781915]
 [ 0.74018035 -2.8712753 ]]
[[ 0.77049306 -1.44612705]
 [ 1.27162503  2.87354689]
 [ 0.96349884  0.81852127]
 [ 0.77035332 -1.94942103]
 [ 0.89001073  1.96796354]
 [ 0.74032798 -2.87124782]]
[[ 0.77049462 -1.44631859]
 [ 1.27175769  2.87330595]
 [ 0.96339826  0.8186657 ]
 [ 0.77028939 -1.94959272]
 [ 0.88989898  1.9681079 ]
 [ 0.7404756  -2.87122034]]
[[ 0.77049615 -1.44651014]
 [ 1.27189033  2.87306481]
 [ 0.96329768  0.81881011]
 [ 0.77022543 -1.94976437]
 [ 0.88978723  1.96825223]
 [ 0.74062324 -2.87119285]]
[[ 0.77049764 -1.4467017 ]
 [ 1.27202294  2.87282342]
 [ 0.96319711  0.81895451]
 [ 0.77016145 -1.94993602]
 [ 0.88967546  1.96839654]
 [ 0.74077086 -2.87116535]]
[[ 0.7704991  -1.44689326]
 [ 1.27215553  2.87258178]
 [ 0.96309654  0.81909889]
 [ 0.77009744 -1.95010763]
 [ 0.88956369  1.96854081]
 [ 0.7409185  -2.87113785]]
[[ 0.77050053 -1.44708482]
 [ 1.27228811  2.87233988]
 [ 0.96299597  0.81924324]
 [ 0.77003342 -1.95027921]
 [ 0.88945192  1.96868504]
 [ 0.74106615 -2.87111034]]
[[ 0.77050328 -1.44746796]
 [ 1.27255318  2.87185542]
 [ 0.96279484  0.81953189]
 [ 0.76990529 -1.95062229]
 [ 0.88922835  1.96897343]
 [ 0.74136145 -2.87105529]]
[[ 0.77050462 -1.44765954]
 [ 1.27268568  2.87161276]
 [ 0.96269426  0.81967619]
 [ 0.76984121 -1.9507938 ]
 [ 0.88911655  1.96911756]
 [ 0.74150911 -2.87102778]]
[[ 0.77050591 -1.44785113]
 [ 1.27281816  2.87136997]
 [ 0.96259371  0.81982046]
 [ 0.76977707 -1.95096527]
 [ 0.88900476  1.96926169]
 [ 0.74165677 -2.87100022]]
[[ 0.77050717 -1.44804271]
 [ 1.27295063  2.87112686]
 [ 0.96249314  0.81996471]
 [ 0.76971294 -1.95113671]
 [ 0.88889296  1.96940576]
 [ 0.74180444 -2.87097268]]
[[ 0.77050959 -1.44842589]
 [ 1.27321548  2.87063994]
 [ 0.96229202  0.82025315]
 [ 0.76958458 -1.95147953]
 [ 0.88866933  1.96969382]
 [ 0.74209979 -2.87091758]]
[[ 0.7705119  -1.44880908]
 [ 1.27348025  2.87015194]
 [ 0.96209087  0.8205415 ]
 [ 0.76945616 -1.95182223]
 [ 0.88844568  1.9699817 ]
 [ 0.74239518 -2.87086247]]
[[ 0.77051301 -1.44900068]
 [ 1.27361261  2.86990756]
 [ 0.9619903   0.82068564]
 [ 0.76939192 -1.95199354]
 [ 0.88833384  1.97012559]
 [ 0.74254289 -2.87083491]]
[[ 0.77051407 -1.44919229]
 [ 1.27374492  2.86966302]
 [ 0.96188975  0.82082978]
 [ 0.76932763 -1.95216483]
 [ 0.888222    1.97026949]
 [ 0.74269058 -2.87080732]]
[[ 0.7705151  -1.44938392]
 [ 1.27387722  2.86941821]
 [ 0.9617892   0.8209739 ]
 [ 0.76926333 -1.9523361 ]
 [ 0.88811014  1.97041335]
 [ 0.74283827 -2.87077974]]
[[ 0.77051609 -1.44957554]
 [ 1.27400949  2.86917318]
 [ 0.96168866  0.82111799]
 [ 0.769199   -1.95250733]
 [ 0.8879983   1.97055718]
 [ 0.74298597 -2.87075214]]
[[ 0.77051704 -1.44976716]
 [ 1.27414174  2.86892795]
 [ 0.96158813  0.82126206]
 [ 0.76913463 -1.95267853]
 [ 0.88788645  1.970701  ]
 [ 0.74313367 -2.87072451]]
[[ 0.77051796 -1.44995881]
 [ 1.27427396  2.8686825 ]
 [ 0.96148761  0.82140613]
 [ 0.76907023 -1.95284971]
 [ 0.8877746   1.97084481]
 [ 0.74328136 -2.87069688]]
[[ 0.77051886 -1.45015046]
 [ 1.27440615  2.86843671]
 [ 0.96138707  0.82155018]
 [ 0.76900584 -1.95302087]
 [ 0.88766272  1.97098855]
 [ 0.74342907 -2.87066927]]
[[ 0.77052055 -1.45053374]
 [ 1.27467049  2.86794446]
 [ 0.961186    0.82183819]
 [ 0.76887696 -1.95336309]
 [ 0.88743897  1.97127595]
 [ 0.74372451 -2.870614  ]]
[[ 0.77052134 -1.45072539]
 [ 1.27480263  2.86769794]
 [ 0.96108547  0.82198216]
 [ 0.76881249 -1.95353416]
 [ 0.88732709  1.97141959]
 [ 0.74387224 -2.87058636]]
[[ 0.7705221  -1.45091705]
 [ 1.27493474  2.86745119]
 [ 0.96098494  0.82212613]
 [ 0.76874799 -1.95370521]
 [ 0.88721519  1.97156321]
 [ 0.74401996 -2.87055872]]
[[ 0.77052284 -1.45110871]
 [ 1.27506682  2.86720418]
 [ 0.96088441  0.82227007]
 [ 0.76868348 -1.95387624]
 [ 0.88710329  1.9717068 ]
 [ 0.74416769 -2.87053107]]
[[ 0.77052353 -1.45130038]
 [ 1.27519888  2.86695694]
 [ 0.96078389  0.82241399]
 [ 0.76861894 -1.95404724]
 [ 0.88699139  1.97185036]
 [ 0.74431543 -2.87050341]]
[[ 0.77052419 -1.45149205]
 [ 1.27533092  2.86670946]
 [ 0.96068337  0.82255789]
 [ 0.76855437 -1.9542182 ]
 [ 0.88687948  1.97199389]
 [ 0.74446316 -2.87047574]]
[[ 0.77052482 -1.45168372]
 [ 1.27546293  2.86646171]
 [ 0.96058285  0.82270177]
 [ 0.76848978 -1.95438914]
 [ 0.88676757  1.97213738]
 [ 0.74461091 -2.87044807]]
[[ 0.77052541 -1.4518754 ]
 [ 1.27559492  2.86621373]
 [ 0.96048233  0.82284563]
 [ 0.76842517 -1.95456005]
 [ 0.88665565  1.97228085]
 [ 0.74475866 -2.87042039]]
[[ 0.77052598 -1.45206708]
 [ 1.27572689  2.8659655 ]
 [ 0.96038182  0.82298948]
 [ 0.76836053 -1.95473094]
 [ 0.88654372  1.97242428]
 [ 0.74490641 -2.8703927 ]]
[[ 0.77052651 -1.45225876]
 [ 1.27585884  2.865717  ]
 [ 0.9602813   0.82313329]
 [ 0.76829588 -1.9549018 ]
 [ 0.88643179  1.97256768]
 [ 0.74505418 -2.87036501]]
[[ 0.770527   -1.45245046]
 [ 1.27599076  2.86546831]
 [ 0.9601808   0.8232771 ]
 [ 0.76823119 -1.95507263]
 [ 0.88631985  1.97271107]
 [ 0.74520193 -2.8703373 ]]
[[ 0.77052746 -1.45264215]
 [ 1.27612266  2.86521932]
 [ 0.96008028  0.82342088]
 [ 0.76816648 -1.95524343]
 [ 0.88620791  1.9728544 ]
 [ 0.7453497  -2.87030958]]
[[ 0.77052788 -1.45283386]
 [ 1.27625453  2.86497011]
 [ 0.95997978  0.82356465]
 [ 0.76810175 -1.95541421]
 [ 0.88609596  1.97299773]
 [ 0.74549746 -2.87028187]]
[[ 0.77052864 -1.45321726]
 [ 1.27651821  2.86447089]
 [ 0.95977877  0.82385211]
 [ 0.76797223 -1.95575569]
 [ 0.88587204  1.97328425]
 [ 0.74579302 -2.87022642]]
[[ 0.77052897 -1.45340898]
 [ 1.27665     2.86422094]
 [ 0.95967828  0.82399582]
 [ 0.76790742 -1.95592639]
 [ 0.88576008  1.97342748]
 [ 0.7459408  -2.87019868]]
[[ 0.77052926 -1.4536007 ]
 [ 1.27678178  2.8639707 ]
 [ 0.95957777  0.8241395 ]
 [ 0.76784261 -1.95609706]
 [ 0.88564811  1.97357066]
 [ 0.74608859 -2.87017094]]
[[ 0.77052952 -1.45379242]
 [ 1.27691353  2.86372023]
 [ 0.95947728  0.82428318]
 [ 0.76777776 -1.95626771]
 [ 0.88553613  1.97371383]
 [ 0.74623637 -2.87014319]]
[[ 0.77052975 -1.45398415]
 [ 1.27704526  2.86346949]
 [ 0.95937679  0.82442682]
 [ 0.76771289 -1.95643833]
 [ 0.88542414  1.97385696]
 [ 0.74638417 -2.87011544]]
[[ 0.77053011 -1.4543676 ]
 [ 1.27730866  2.86296725]
 [ 0.95917579  0.82471404]
 [ 0.76758309 -1.95677948]
 [ 0.88520015  1.9741431 ]
 [ 0.74667978 -2.87005991]]
[[ 0.77053042 -1.45494281]
 [ 1.27770358  2.86221191]
 [ 0.9588743   0.82514473]
 [ 0.76738824 -1.95729102]
 [ 0.88486412  1.97457205]
 [ 0.74712324 -2.8699766 ]]
[[ 0.77053045 -1.45513454]
 [ 1.27783518  2.86195964]
 [ 0.9587738   0.82528824]
 [ 0.76732325 -1.95746146]
 [ 0.8847521   1.97471497]
 [ 0.74727108 -2.8699488 ]]
[[ 0.77053045 -1.45532629]
 [ 1.27796675  2.86170713]
 [ 0.95867332  0.82543175]
 [ 0.76725822 -1.95763189]
 [ 0.88464007  1.97485787]
 [ 0.74741891 -2.869921  ]]
[[ 0.77053041 -1.45551805]
 [ 1.27809829  2.86145439]
 [ 0.95857285  0.82557524]
 [ 0.76719317 -1.95780229]
 [ 0.88452805  1.97500075]
 [ 0.74756674 -2.86989319]]
[[ 0.77053034 -1.45570981]
 [ 1.2782298   2.86120139]
 [ 0.95847237  0.82571871]
 [ 0.76712809 -1.95797266]
 [ 0.88441601  1.97514361]
 [ 0.74771457 -2.86986537]]
[[ 0.77053023 -1.45590158]
 [ 1.27836129  2.86094816]
 [ 0.9583719   0.82586216]
 [ 0.76706299 -1.95814301]
 [ 0.88430397  1.97528644]
 [ 0.7478624  -2.86983754]]
[[ 0.77052992 -1.45628512]
 [ 1.27862419  2.86044091]
 [ 0.95817097  0.82614901]
 [ 0.76693271 -1.95848363]
 [ 0.88407987  1.975572  ]
 [ 0.74815809 -2.86978186]]
[[ 0.77052972 -1.4564769 ]
 [ 1.27875561  2.86018688]
 [ 0.9580705   0.82629241]
 [ 0.76686754 -1.9586539 ]
 [ 0.88396781  1.97571473]
 [ 0.74830594 -2.86975402]]
[[ 0.77052947 -1.45666868]
 [ 1.278887    2.85993263]
 [ 0.95797004  0.82643578]
 [ 0.76680235 -1.95882414]
 [ 0.88385575  1.97585743]
 [ 0.74845379 -2.86972616]]
[[ 0.7705292  -1.45686046]
 [ 1.27901837  2.85967809]
 [ 0.95786958  0.82657914]
 [ 0.76673713 -1.95899435]
 [ 0.88374368  1.9760001 ]
 [ 0.74860165 -2.86969831]]
[[ 0.7705289  -1.45705225]
 [ 1.2791497   2.85942331]
 [ 0.95776912  0.82672248]
 [ 0.76667189 -1.95916455]
 [ 0.8836316   1.97614274]
 [ 0.7487495  -2.86967045]]
[[ 0.77052856 -1.45724404]
 [ 1.27928102  2.85916828]
 [ 0.95766866  0.82686579]
 [ 0.76660663 -1.9593347 ]
 [ 0.88351952  1.97628535]
 [ 0.74889737 -2.86964257]]
[[ 0.77052819 -1.45743583]
 [ 1.27941232  2.85891298]
 [ 0.95756821  0.82700909]
 [ 0.76654135 -1.95950483]
 [ 0.88340743  1.97642792]
 [ 0.74904524 -2.86961469]]
[[ 0.77052778 -1.45762764]
 [ 1.27954359  2.85865744]
 [ 0.95746776  0.82715237]
 [ 0.76647604 -1.95967494]
 [ 0.88329534  1.97657047]
 [ 0.74919311 -2.8695868 ]]
[[ 0.77052735 -1.45781944]
 [ 1.27967484  2.8584016 ]
 [ 0.9573673   0.82729562]
 [ 0.76641071 -1.95984502]
 [ 0.88318324  1.97671298]
 [ 0.749341   -2.86955891]]
[[ 0.77052688 -1.45801125]
 [ 1.27980606  2.85814552]
 [ 0.95726685  0.82743887]
 [ 0.76634536 -1.96001508]
 [ 0.88307113  1.97685546]
 [ 0.74948888 -2.86953102]]
[[ 0.77052638 -1.45820306]
 [ 1.27993725  2.85788921]
 [ 0.9571664   0.82758209]
 [ 0.76627998 -1.9601851 ]
 [ 0.88295902  1.97699792]
 [ 0.74963677 -2.86950311]]
[[ 0.77052583 -1.45839488]
 [ 1.28006842  2.85763266]
 [ 0.95706597  0.82772529]
 [ 0.76621457 -1.96035511]
 [ 0.8828469   1.97714036]
 [ 0.74978465 -2.86947519]]
[[ 0.77052466 -1.45877852]
 [ 1.28033068  2.85711872]
 [ 0.95686508  0.82801164]
 [ 0.76608371 -1.96069503]
 [ 0.88262265  1.97742512]
 [ 0.75008044 -2.86941935]]
[[ 0.77052402 -1.45897034]
 [ 1.28046178  2.85686136]
 [ 0.95676465  0.82815478]
 [ 0.76601824 -1.96086495]
 [ 0.88251052  1.97756745]
 [ 0.75022834 -2.86939141]]
[[ 0.77052335 -1.45916218]
 [ 1.28059285  2.85660374]
 [ 0.95666421  0.82829791]
 [ 0.76595275 -1.96103484]
 [ 0.88239838  1.97770976]
 [ 0.75037625 -2.86936348]]
[[ 0.77052265 -1.45935401]
 [ 1.28072389  2.85634587]
 [ 0.95656378  0.82844102]
 [ 0.76588723 -1.96120471]
 [ 0.88228623  1.97785203]
 [ 0.75052416 -2.86933553]]
[[ 0.77052115 -1.45973768]
 [ 1.28098592  2.85582931]
 [ 0.95636291  0.82872716]
 [ 0.76575614 -1.96154435]
 [ 0.88206192  1.97813646]
 [ 0.75082001 -2.86927962]]
[[ 0.77052034 -1.4599295 ]
 [ 1.28111691  2.85557061]
 [ 0.95626246  0.82887019]
 [ 0.76569057 -1.96171412]
 [ 0.88194976  1.97827861]
 [ 0.75096795 -2.86925166]]
[[ 0.77051951 -1.46012135]
 [ 1.28124786  2.85531168]
 [ 0.95616203  0.82901322]
 [ 0.76562497 -1.96188388]
 [ 0.88183759  1.97842076]
 [ 0.75111588 -2.86922369]]
[[ 0.77051864 -1.4603132 ]
 [ 1.28137878  2.85505251]
 [ 0.95606161  0.82915623]
 [ 0.76555933 -1.96205361]
 [ 0.88172542  1.97856289]
 [ 0.75126381 -2.86919571]]
[[ 0.77051679 -1.4606969 ]
 [ 1.28164055  2.85453339]
 [ 0.95586077  0.82944219]
 [ 0.765428   -1.96239298]
 [ 0.88150106  1.97884703]
 [ 0.75155969 -2.86913972]]
[[ 0.77051583 -1.46088876]
 [ 1.2817714   2.8542734 ]
 [ 0.95576035  0.82958514]
 [ 0.76536231 -1.96256263]
 [ 0.88138887  1.97898905]
 [ 0.75170764 -2.86911172]]
[[ 0.77051482 -1.46108062]
 [ 1.28190223  2.85401319]
 [ 0.95565994  0.82972807]
 [ 0.76529659 -1.96273225]
 [ 0.88127667  1.97913105]
 [ 0.75185559 -2.86908371]]
[[ 0.77051378 -1.46127249]
 [ 1.28203302  2.85375271]
 [ 0.95555953  0.82987098]
 [ 0.76523084 -1.96290184]
 [ 0.88116447  1.97927303]
 [ 0.75200354 -2.86905569]]
[[ 0.77051271 -1.46146436]
 [ 1.28216379  2.85349196]
 [ 0.95545912  0.83001387]
 [ 0.76516508 -1.96307141]
 [ 0.88105226  1.97941496]
 [ 0.7521515  -2.86902767]]
[[ 0.77051162 -1.46165624]
 [ 1.28229453  2.85323092]
 [ 0.9553587   0.83015676]
 [ 0.76509929 -1.96324096]
 [ 0.88094004  1.97955687]
 [ 0.75229946 -2.86899966]]
[[ 0.77051048 -1.46184812]
 [ 1.28242526  2.85296966]
 [ 0.9552583   0.83029961]
 [ 0.76503348 -1.96341047]
 [ 0.88082782  1.97969875]
 [ 0.75244743 -2.86897162]]
[[ 0.77050931 -1.46204   ]
 [ 1.28255595  2.85270813]
 [ 0.9551579   0.83044245]
 [ 0.76496764 -1.96357996]
 [ 0.8807156   1.9798406 ]
 [ 0.7525954  -2.86894357]]
[[ 0.7705081  -1.46223188]
 [ 1.28268662  2.85244633]
 [ 0.9550575   0.83058527]
 [ 0.76490178 -1.96374942]
 [ 0.88060337  1.97998241]
 [ 0.75274337 -2.86891552]]
[[ 0.77050687 -1.46242378]
 [ 1.28281726  2.85218425]
 [ 0.9549571   0.83072808]
 [ 0.7648359  -1.96391886]
 [ 0.88049113  1.9801242 ]
 [ 0.75289135 -2.86888747]]
[[ 0.7705056  -1.46261567]
 [ 1.28294788  2.8519219 ]
 [ 0.9548567   0.83087086]
 [ 0.76477    -1.96408827]
 [ 0.88037889  1.98026595]
 [ 0.75303933 -2.86885941]]
[[ 0.77050297 -1.46299946]
 [ 1.28320904  2.85139644]
 [ 0.95465591  0.83115636]
 [ 0.76463812 -1.964427  ]
 [ 0.88015438  1.98054937]
 [ 0.75333531 -2.86880327]]
[[ 0.77049877 -1.4635751 ]
 [ 1.28360066  2.85060613]
 [ 0.95435468  0.8315844 ]
 [ 0.76444018 -1.96493484]
 [ 0.8798176   1.98097418]
 [ 0.75377938 -2.86871901]]
[[ 0.7704973  -1.46376701]
 [ 1.28373112  2.8503422 ]
 [ 0.9542543   0.83172707]
 [ 0.76437414 -1.96510409]
 [ 0.87970533  1.98111575]
 [ 0.75392739 -2.86869091]]
[[ 0.7704958  -1.46395892]
 [ 1.28386156  2.85007799]
 [ 0.95415391  0.83186972]
 [ 0.76430808 -1.9652733 ]
 [ 0.87959304  1.98125729]
 [ 0.7540754  -2.8686628 ]]
[[ 0.77049427 -1.46415085]
 [ 1.28399197  2.84981353]
 [ 0.95405354  0.83201236]
 [ 0.76424199 -1.9654425 ]
 [ 0.87948075  1.98139881]
 [ 0.75422341 -2.86863469]]
[[ 0.7704927  -1.46434277]
 [ 1.28412235  2.8495488 ]
 [ 0.95395316  0.83215497]
 [ 0.76417588 -1.96561167]
 [ 0.87936846  1.98154029]
 [ 0.75437143 -2.86860657]]
[[ 0.77048946 -1.4647266 ]
 [ 1.28438307  2.84901853]
 [ 0.9537524   0.83244012]
 [ 0.7640436  -1.9659499 ]
 [ 0.87914386  1.98182316]
 [ 0.75466749 -2.8685503 ]]
[[ 0.77048435 -1.46530232]
 [ 1.28477399  2.84822101]
 [ 0.95345124  0.83286764]
 [ 0.76384503 -1.966457  ]
 [ 0.87880693  1.98224715]
 [ 0.75511167 -2.86846584]]
[[ 0.77048258 -1.46549424]
 [ 1.28490423  2.84795467]
 [ 0.95335086  0.83301013]
 [ 0.76377879 -1.96662599]
 [ 0.87869461  1.98238844]
 [ 0.75525973 -2.86843767]]
[[ 0.77048078 -1.46568618]
 [ 1.28503444  2.84768808]
 [ 0.9532505   0.8331526 ]
 [ 0.76371252 -1.96679496]
 [ 0.87858228  1.98252972]
 [ 0.75540778 -2.86840949]]
[[ 0.77047894 -1.46587813]
 [ 1.28516462  2.84742121]
 [ 0.95315015  0.83329507]
 [ 0.76364623 -1.96696391]
 [ 0.87846994  1.98267097]
 [ 0.75555582 -2.86838131]]
[[ 0.77047707 -1.46607008]
 [ 1.28529476  2.84715407]
 [ 0.9530498   0.83343752]
 [ 0.76357991 -1.96713284]
 [ 0.8783576   1.98281219]
 [ 0.75570387 -2.86835313]]
[[ 0.77047516 -1.46626202]
 [ 1.2854249   2.84688666]
 [ 0.95294944  0.83357993]
 [ 0.76351357 -1.96730172]
 [ 0.87824525  1.98295337]
 [ 0.75585194 -2.86832492]]
[[ 0.77047322 -1.46645397]
 [ 1.285555    2.84661901]
 [ 0.95284909  0.83372233]
 [ 0.7634472  -1.96747058]
 [ 0.8781329   1.98309454]
 [ 0.756      -2.86829671]]
[[ 0.77047126 -1.46664592]
 [ 1.28568508  2.84635103]
 [ 0.95274874  0.83386472]
 [ 0.76338083 -1.96763942]
 [ 0.87802054  1.98323566]
 [ 0.75614808 -2.86826851]]
[[ 0.77046926 -1.46683788]
 [ 1.28581513  2.84608278]
 [ 0.95264838  0.83400708]
 [ 0.76331442 -1.96780823]
 [ 0.87790817  1.98337674]
 [ 0.75629615 -2.8682403 ]]
[[ 0.77046722 -1.46702984]
 [ 1.28594515  2.84581431]
 [ 0.95254804  0.83414943]
 [ 0.76324799 -1.96797701]
 [ 0.8777958   1.98351782]
 [ 0.75644422 -2.86821208]]
[[ 0.77046515 -1.4672218 ]
 [ 1.28607515  2.84554554]
 [ 0.9524477   0.83429176]
 [ 0.76318154 -1.96814577]
 [ 0.87768343  1.98365886]
 [ 0.75659231 -2.86818385]]
[[ 0.77046305 -1.46741378]
 [ 1.28620512  2.84527646]
 [ 0.95234735  0.83443407]
 [ 0.76311507 -1.96831451]
 [ 0.87757104  1.98379985]
 [ 0.75674039 -2.86815563]]
[[ 0.77046092 -1.46760575]
 [ 1.28633506  2.84500714]
 [ 0.95224701  0.83457636]
 [ 0.76304858 -1.96848321]
 [ 0.87745865  1.98394083]
 [ 0.75688848 -2.86812739]]
[[ 0.77045875 -1.46779771]
 [ 1.28646498  2.84473753]
 [ 0.95214667  0.83471863]
 [ 0.76298206 -1.96865188]
 [ 0.87734626  1.98408176]
 [ 0.75703658 -2.86809914]]
[[ 0.77045655 -1.46798969]
 [ 1.28659487  2.84446768]
 [ 0.95204633  0.83486089]
 [ 0.76291552 -1.96882053]
 [ 0.87723386  1.98422268]
 [ 0.75718468 -2.86807089]]
[[ 0.77045432 -1.46818167]
 [ 1.28672473  2.84419753]
 [ 0.951946    0.83500313]
 [ 0.76284896 -1.96898917]
 [ 0.87712144  1.98436357]
 [ 0.75733277 -2.86804264]]
[[ 0.77045205 -1.46837366]
 [ 1.28685456  2.84392712]
 [ 0.95184567  0.83514535]
 [ 0.76278237 -1.96915776]
 [ 0.87700903  1.98450443]
 [ 0.75748088 -2.86801437]]
[[ 0.77044975 -1.46856565]
 [ 1.28698437  2.84365644]
 [ 0.95174535  0.83528756]
 [ 0.76271576 -1.96932634]
 [ 0.87689662  1.98464526]
 [ 0.75762898 -2.8679861 ]]
[[ 0.77044505 -1.46894962]
 [ 1.28724391  2.84311423]
 [ 0.95154469  0.83557189]
 [ 0.76258248 -1.96966339]
 [ 0.87667176  1.98492681]
 [ 0.75792522 -2.86792953]]
[[ 0.77044265 -1.4691416 ]
 [ 1.28737365  2.84284271]
 [ 0.95144437  0.83571403]
 [ 0.7625158  -1.96983187]
 [ 0.87655933  1.98506754]
 [ 0.75807335 -2.86790123]]
[[ 0.77044021 -1.46933359]
 [ 1.28750335  2.84257093]
 [ 0.95134405  0.83585615]
 [ 0.7624491  -1.97000033]
 [ 0.8764469   1.98520825]
 [ 0.75822147 -2.86787293]]
[[ 0.77043775 -1.46952559]
 [ 1.28763303  2.84229885]
 [ 0.95124373  0.83599826]
 [ 0.76238238 -1.97016876]
 [ 0.87633445  1.98534892]
 [ 0.75836961 -2.86784463]]
[[ 0.77043525 -1.46971759]
 [ 1.28776268  2.84202651]
 [ 0.95114341  0.83614035]
 [ 0.76231564 -1.97033717]
 [ 0.876222    1.98548957]
 [ 0.75851774 -2.86781631]]
[[ 0.77043272 -1.46990959]
 [ 1.2878923   2.84175389]
 [ 0.9510431   0.83628241]
 [ 0.76224887 -1.97050555]
 [ 0.87610954  1.98563018]
 [ 0.75866588 -2.86778799]]
[[ 0.77042755 -1.47029359]
 [ 1.28815147  2.84120779]
 [ 0.95084247  0.83656649]
 [ 0.76211528 -1.97084222]
 [ 0.87588461  1.98591131]
 [ 0.75896218 -2.86773133]]
[[ 0.77042492 -1.47048559]
 [ 1.28828103  2.84093432]
 [ 0.95074215  0.83670848]
 [ 0.76204845 -1.97101051]
 [ 0.87577214  1.98605181]
 [ 0.75911034 -2.86770299]]
[[ 0.77042225 -1.47067758]
 [ 1.28841056  2.8406606 ]
 [ 0.95064184  0.83685046]
 [ 0.7619816  -1.97117876]
 [ 0.87565968  1.9861923 ]
 [ 0.75925851 -2.86767463]]
[[ 0.77041955 -1.47086959]
 [ 1.28854005  2.84038657]
 [ 0.95054153  0.83699243]
 [ 0.76191472 -1.971347  ]
 [ 0.87554719  1.98633276]
 [ 0.75940667 -2.86764628]]
[[ 0.77041682 -1.47106161]
 [ 1.28866952  2.84011225]
 [ 0.95044122  0.83713438]
 [ 0.76184783 -1.97151522]
 [ 0.8754347   1.98647318]
 [ 0.75955485 -2.86761793]]
[[ 0.77041406 -1.47125362]
 [ 1.28879896  2.83983766]
 [ 0.95034091  0.83727632]
 [ 0.76178091 -1.9716834 ]
 [ 0.8753222   1.98661357]
 [ 0.75970302 -2.86758956]]
[[ 0.77041126 -1.47144564]
 [ 1.28892837  2.83956283]
 [ 0.95024062  0.83741823]
 [ 0.76171396 -1.97185156]
 [ 0.8752097   1.98675395]
 [ 0.75985119 -2.86756118]]
[[ 0.77040557 -1.47182968]
 [ 1.2891871   2.83901225]
 [ 0.95004002  0.83770201]
 [ 0.76158002 -1.97218781]
 [ 0.87498468  1.98703459]
 [ 0.76014756 -2.86750442]]
[[ 0.77040267 -1.47202172]
 [ 1.28931642  2.83873655]
 [ 0.94993973  0.83784388]
 [ 0.76151301 -1.9723559 ]
 [ 0.87487216  1.98717488]
 [ 0.76029574 -2.86747604]]
[[ 0.77039974 -1.47221374]
 [ 1.28944572  2.83846062]
 [ 0.94983945  0.83798573]
 [ 0.76144596 -1.97252394]
 [ 0.87475964  1.98731515]
 [ 0.76044393 -2.86744762]]
[[ 0.77039677 -1.47240578]
 [ 1.28957499  2.83818439]
 [ 0.94973917  0.83812755]
 [ 0.7613789  -1.97269197]
 [ 0.87464712  1.98745538]
 [ 0.76059212 -2.86741921]]
[[ 0.77039377 -1.47259781]
 [ 1.28970423  2.83790784]
 [ 0.94963888  0.83826936]
 [ 0.76131182 -1.97285997]
 [ 0.87453458  1.98759557]
 [ 0.76074032 -2.8673908 ]]
[[ 0.77039074 -1.47278985]
 [ 1.28983345  2.83763101]
 [ 0.94953859  0.83841115]
 [ 0.76124473 -1.97302794]
 [ 0.87442204  1.98773573]
 [ 0.76088852 -2.86736238]]
[[ 0.77038767 -1.47298189]
 [ 1.28996264  2.83735395]
 [ 0.94943832  0.83855293]
 [ 0.76117759 -1.97319589]
 [ 0.8743095   1.98787588]
 [ 0.76103672 -2.86733394]]
[[ 0.77038144 -1.47336596]
 [ 1.29022094  2.83679892]
 [ 0.94923777  0.8388364 ]
 [ 0.76104328 -1.97353168]
 [ 0.8740844   1.98815606]
 [ 0.76133315 -2.86727705]]
[[ 0.77037509 -1.47375004]
 [ 1.29047914  2.83624269]
 [ 0.9490372   0.8391198 ]
 [ 0.76090889 -1.97386737]
 [ 0.87385927  1.98843609]
 [ 0.76162961 -2.86722016]]
[[ 0.77037185 -1.47394208]
 [ 1.2906082   2.83596418]
 [ 0.94893693  0.83926147]
 [ 0.76084165 -1.97403517]
 [ 0.8737467   1.98857607]
 [ 0.76177785 -2.86719169]]
[[ 0.77036859 -1.47413414]
 [ 1.29073722  2.83568537]
 [ 0.94883666  0.83940314]
 [ 0.7607744  -1.97420296]
 [ 0.87363411  1.98871603]
 [ 0.76192608 -2.86716323]]
[[ 0.77036529 -1.47432619]
 [ 1.29086622  2.83540629]
 [ 0.9487364   0.83954477]
 [ 0.76070711 -1.97437071]
 [ 0.87352153  1.98885596]
 [ 0.76207431 -2.86713475]]
[[ 0.77036197 -1.47451825]
 [ 1.29099519  2.83512693]
 [ 0.94863614  0.8396864 ]
 [ 0.76063981 -1.97453844]
 [ 0.87340894  1.98899586]
 [ 0.76222255 -2.86710627]]
[[ 0.77035861 -1.4747103 ]
 [ 1.29112413  2.83484725]
 [ 0.94853587  0.839828  ]
 [ 0.76057249 -1.97470614]
 [ 0.87329634  1.98913571]
 [ 0.7623708  -2.86707779]]
[[ 0.77035521 -1.47490235]
 [ 1.29125305  2.8345673 ]
 [ 0.9484356   0.83996958]
 [ 0.76050515 -1.97487381]
 [ 0.87318375  1.98927554]
 [ 0.76251906 -2.86704929]]
[[ 0.77035178 -1.47509441]
 [ 1.29138193  2.8342871 ]
 [ 0.94833535  0.84011115]
 [ 0.76043778 -1.97504145]
 [ 0.87307114  1.98941535]
 [ 0.76266731 -2.86702078]]
[[ 0.77034831 -1.47528648]
 [ 1.29151079  2.8340066 ]
 [ 0.9482351   0.8402527 ]
 [ 0.76037038 -1.97520907]
 [ 0.87295853  1.98955514]
 [ 0.76281556 -2.86699227]]
[[ 0.77034482 -1.47547855]
 [ 1.29163962  2.8337258 ]
 [ 0.94813484  0.84039423]
 [ 0.76030297 -1.97537666]
 [ 0.87284591  1.98969489]
 [ 0.76296382 -2.86696375]]
[[ 0.77034129 -1.47567061]
 [ 1.29176842  2.8334447 ]
 [ 0.94803459  0.84053575]
 [ 0.76023554 -1.97554423]
 [ 0.87273329  1.9898346 ]
 [ 0.76311209 -2.86693523]]
[[ 0.77033773 -1.47586269]
 [ 1.29189719  2.83316334]
 [ 0.94793435  0.84067725]
 [ 0.76016808 -1.97571177]
 [ 0.87262066  1.98997429]
 [ 0.76326035 -2.8669067 ]]
[[ 0.77033414 -1.47605476]
 [ 1.29202593  2.83288167]
 [ 0.9478341   0.84081873]
 [ 0.7601006  -1.97587929]
 [ 0.87250802  1.99011395]
 [ 0.76340862 -2.86687817]]
[[ 0.77033051 -1.47624683]
 [ 1.29215465  2.83259972]
 [ 0.94773385  0.84096019]
 [ 0.7600331  -1.97604677]
 [ 0.87239538  1.99025358]
 [ 0.7635569  -2.86684963]]
[[ 0.77032685 -1.47643891]
 [ 1.29228333  2.83231749]
 [ 0.94763361  0.84110163]
 [ 0.75996557 -1.97621422]
 [ 0.87228274  1.99039318]
 [ 0.76370518 -2.86682108]]
[[ 0.77031186 -1.47720716]
 [ 1.29279786  2.83118562]
 [ 0.94723263  0.84166714]
 [ 0.75969527 -1.97688371]
 [ 0.87183213  1.99095122]
 [ 0.7642984  -2.86670679]]
[[ 0.77030802 -1.47739922]
 [ 1.29292644  2.83090195]
 [ 0.94713239  0.84180846]
 [ 0.75962763 -1.977051  ]
 [ 0.87171948  1.99109066]
 [ 0.76444672 -2.86667818]]
[[ 0.77029628 -1.47797536]
 [ 1.293312    2.83004929]
 [ 0.94683169  0.84223229]
 [ 0.75942458 -1.97755266]
 [ 0.8713815   1.9915088 ]
 [ 0.76489172 -2.86659227]]
[[ 0.77029231 -1.47816743]
 [ 1.29344046  2.82976446]
 [ 0.94673147  0.84237354]
 [ 0.75935685 -1.97771984]
 [ 0.87126882  1.99164812]
 [ 0.76504005 -2.86656364]]
[[ 0.77028831 -1.4783595 ]
 [ 1.29356888  2.82947934]
 [ 0.94663124  0.84251478]
 [ 0.75928911 -1.977887  ]
 [ 0.87115614  1.99178742]
 [ 0.76518838 -2.86653501]]
[[ 0.77028022 -1.4787437 ]
 [ 1.29382559  2.82890822]
 [ 0.94643082  0.84279725]
 [ 0.75915354 -1.97822129]
 [ 0.87093072  1.99206595]
 [ 0.76548503 -2.86647775]]
[[ 0.770272   -1.47912787]
 [ 1.29408223  2.8283359 ]
 [ 0.94623038  0.84307961]
 [ 0.7590179  -1.97855544]
 [ 0.8707053   1.99234433]
 [ 0.76578172 -2.86642045]]
[[ 0.77026783 -1.47931995]
 [ 1.2942105   2.82804931]
 [ 0.94613017  0.84322076]
 [ 0.75895004 -1.97872247]
 [ 0.87059258  1.99248348]
 [ 0.76593008 -2.86639178]]
[[ 0.77026364 -1.47951205]
 [ 1.29433874  2.82776243]
 [ 0.94602996  0.84336191]
 [ 0.75888216 -1.97888948]
 [ 0.87047985  1.99262261]
 [ 0.76607843 -2.86636312]]
[[ 0.77025941 -1.47970415]
 [ 1.29446694  2.82747526]
 [ 0.94592976  0.84350304]
 [ 0.75881426 -1.97905647]
 [ 0.87036712  1.99276171]
 [ 0.76622678 -2.86633445]]
[[ 0.77025514 -1.47989624]
 [ 1.29459513  2.82718779]
 [ 0.94582955  0.84364414]
 [ 0.75874633 -1.97922342]
 [ 0.87025438  1.99290077]
 [ 0.76637514 -2.86630576]]
[[ 0.77025085 -1.48008835]
 [ 1.29472327  2.82690003]
 [ 0.94572936  0.84378523]
 [ 0.75867838 -1.97939036]
 [ 0.87014163  1.99303982]
 [ 0.7665235  -2.86627708]]
[[ 0.77024652 -1.48028046]
 [ 1.29485139  2.82661198]
 [ 0.94562916  0.84392632]
 [ 0.75861041 -1.97955727]
 [ 0.87002888  1.99317884]
 [ 0.76667186 -2.86624839]]
[[ 0.77024217 -1.48047257]
 [ 1.29497947  2.8263236 ]
 [ 0.94552896  0.84406738]
 [ 0.75854243 -1.97972416]
 [ 0.86991612  1.99331781]
 [ 0.76682023 -2.86621971]]
[[ 0.77023778 -1.48066468]
 [ 1.29510753  2.82603494]
 [ 0.94542877  0.84420842]
 [ 0.75847442 -1.97989102]
 [ 0.86980335  1.99345676]
 [ 0.7669686  -2.86619101]]
