[[ 0.75884434 -1.29748725]
 [ 1.1614662   3.00771448]
 [ 1.04374003  0.69673012]
 [ 0.25056379  0.71376708]
 [ 0.29590733  1.2384806 ]
 [ 0.81291226 -1.80551997]
 [ 0.97645486  1.84293438]
 [ 0.52637307  2.08507763]
 [ 0.6248036  -2.89083833]]
[[ 0.7589821  -1.29839716]
 [ 1.16218392  3.00713224]
 [ 1.04323063  0.69755358]
 [ 0.25000176  0.71368242]
 [ 0.29604537  1.23783009]
 [ 0.81269811 -1.80647388]
 [ 0.97592367  1.84379741]
 [ 0.52582354  2.08555694]
 [ 0.62552367 -2.89072827]]
[[ 0.75909174 -1.29912542]
 [ 1.16275795  3.00666464]
 [ 1.04282311  0.69821177]
 [ 0.24955214  0.71361502]
 [ 0.29615545  1.23730962]
 [ 0.81252626 -1.80723664]
 [ 0.97549856  1.84448707]
 [ 0.52538388  2.08594015]
 [ 0.62609983 -2.8906401 ]]
[[ 0.75922808 -1.30003618]
 [ 1.16347532  3.00607789]
 [ 1.04231375  0.69903378]
 [ 0.24899012  0.7135312 ]
 [ 0.29629264  1.23665894]
 [ 0.81231079 -1.80818964]
 [ 0.97496699  1.84534824]
 [ 0.52483429  2.08641885]
 [ 0.62682013 -2.89052974]]
[[ 0.75933658 -1.30076512]
 [ 1.16404908  3.00560667]
 [ 1.04190627  0.69969081]
 [ 0.2485405   0.71346446]
 [ 0.29640205  1.23613832]
 [ 0.81213788 -1.80895167]
 [ 0.97454158  1.84603643]
 [ 0.52439458  2.08680158]
 [ 0.62739646 -2.89044134]]
[[ 0.75944457 -1.30149436]
 [ 1.16462272  3.00513384]
 [ 1.0414988   0.70034732]
 [ 0.24809088  0.71339803]
 [ 0.29651116  1.23561765]
 [ 0.8119645  -1.80971337]
 [ 0.97411604  1.84672395]
 [ 0.52395486  2.08718409]
 [ 0.62797287 -2.89035282]]
[[ 0.75949836 -1.3018591 ]
 [ 1.16490949  3.00489685]
 [ 1.04129508  0.70067537]
 [ 0.24786608  0.71336492]
 [ 0.29656562  1.2353573 ]
 [ 0.81187763 -1.81009409]
 [ 0.97390323  1.84706748]
 [ 0.523735    2.08737528]
 [ 0.6282611  -2.89030851]]
