[[ 0.5897286  -0.85352841]
 [ 0.73342193  2.61617491]
 [ 0.78677192  0.84257683]
 [ 1.16627236 -1.44436497]
 [ 1.3297736   0.49328415]]
[[ 0.58995178 -0.85364051]
 [ 0.73368133  2.61598866]
 [ 0.78652542  0.84264294]
 [ 1.16637848 -1.44502635]
 [ 1.32948625  0.49347532]]
[[ 0.59006335 -0.8536966 ]
 [ 0.73381103  2.61589551]
 [ 0.78640219  0.84267601]
 [ 1.16643145 -1.44535719]
 [ 1.32934259  0.49357081]]
[[ 0.59017491 -0.85375273]
 [ 0.73394072  2.61580235]
 [ 0.78627897  0.84270911]
 [ 1.16648435 -1.44568816]
 [ 1.32919894  0.49366625]]
[[ 0.59028648 -0.85380889]
 [ 0.73407041  2.61570916]
 [ 0.78615576  0.84274222]
 [ 1.16653721 -1.44601923]
 [ 1.3290553   0.49376166]]
[[ 0.59039803 -0.85386508]
 [ 0.73420011  2.61561594]
 [ 0.78603255  0.84277534]
 [ 1.16659001 -1.44635039]
 [ 1.32891165  0.49385699]]
[[ 0.59050958 -0.8539213 ]
 [ 0.73432979  2.61552268]
 [ 0.78590935  0.84280849]
 [ 1.16664277 -1.44668169]
 [ 1.32876802  0.49395234]]
[[ 0.59062113 -0.85397755]
 [ 0.73445948  2.6154294 ]
 [ 0.78578615  0.84284164]
 [ 1.16669547 -1.44701308]
 [ 1.32862439  0.49404762]]
