[[ 0.96617279  0.81569377]
 [ 0.54942838  2.72550862]
 [ 1.05079209 -1.09245376]
 [ 1.53539307  0.04993804]]
[[ 0.96591216  0.81569642]
 [ 0.54968724  2.72537784]
 [ 1.05099711 -1.09279756]
 [ 1.53511852  0.05351712]]
[[ 0.96565156  0.8156992 ]
 [ 0.54994611  2.725247  ]
 [ 1.05120205 -1.09314175]
 [ 1.53484355  0.05704298]]
[[ 0.96539097  0.81570211]
 [ 0.55020498  2.72511612]
 [ 1.05140691 -1.09348632]
 [ 1.53456819  0.06051676]]
[[ 0.96526068  0.81570361]
 [ 0.55033442  2.72505066]
 [ 1.05150931 -1.09365875]
 [ 1.53443036  0.06223447]]
