[[ 0.58168222 -0.84957395]
 [ 0.72407602  2.62280467]
 [ 0.79566061  0.84023969]
 [ 1.16231433 -1.42084699]
 [ 1.34013174  0.486291  ]]
[[ 0.58201796 -0.84973558]
 [ 0.72446571  2.62253129]
 [ 0.79528966  0.8403354 ]
 [ 1.16248456 -1.42181544]
 [ 1.33969962  0.48658694]]
[[ 0.58224174 -0.84984349]
 [ 0.7247255   2.62234895]
 [ 0.79504241  0.84039928]
 [ 1.16259776 -1.42246164]
 [ 1.33941159  0.48678391]]
[[ 0.58246551 -0.84995152]
 [ 0.72498528  2.6221665 ]
 [ 0.79479519  0.84046324]
 [ 1.16271076 -1.42310831]
 [ 1.33912358  0.48698073]]
[[ 0.58257739 -0.85000558]
 [ 0.72511517  2.62207523]
 [ 0.79467159  0.84049524]
 [ 1.16276718 -1.42343181]
 [ 1.33897958  0.48707905]]
[[ 0.58268926 -0.85005966]
 [ 0.72524505  2.62198394]
 [ 0.79454799  0.84052726]
 [ 1.16282355 -1.42375541]
 [ 1.33883558  0.48717734]]
[[ 0.582913   -0.85016794]
 [ 0.7255048   2.62180127]
 [ 0.79430082  0.84059135]
 [ 1.16293615 -1.42440297]
 [ 1.33854762  0.4873738 ]]
[[ 0.58302486 -0.85022212]
 [ 0.72563468  2.62170988]
 [ 0.79417723  0.84062341]
 [ 1.16299237 -1.4247269 ]
 [ 1.33840363  0.48747196]]
[[ 0.58324856 -0.85033056]
 [ 0.72589442  2.62152705]
 [ 0.79393009  0.84068759]
 [ 1.16310466 -1.42537512]
 [ 1.33811569  0.48766812]]
[[ 0.58336041 -0.85038484]
 [ 0.72602429  2.62143559]
 [ 0.79380653  0.84071971]
 [ 1.16316072 -1.4256994 ]
 [ 1.33797173  0.48776614]]
