[[ 0.59686044 -0.85717674]
 [ 0.74171673  2.61015801]
 [ 0.7788952   0.84472323]
 [ 1.16956288 -1.46574066]
 [ 1.32058856  0.49932525]]
[[ 0.59708298 -0.8572928 ]
 [ 0.74197572  2.60996806]
 [ 0.77864943  0.84479134]
 [ 1.16966218 -1.46641562]
 [ 1.32030187  0.49951162]]
[[ 0.59730545 -0.85740898]
 [ 0.7422347   2.60977809]
 [ 0.77840371  0.84485951]
 [ 1.16976119 -1.46709102]
 [ 1.32001524  0.49969772]]
[[ 0.59741672 -0.85746712]
 [ 0.74236419  2.609683  ]
 [ 0.77828083  0.84489362]
 [ 1.16981066 -1.46742887]
 [ 1.31987191  0.49979082]]
[[ 0.59763926 -0.85758348]
 [ 0.74262317  2.60949265]
 [ 0.77803508  0.84496186]
 [ 1.16990949 -1.46810482]
 [ 1.31958522  0.49997696]]
[[ 0.59786174 -0.85769998]
 [ 0.74288212  2.60930225]
 [ 0.77778937  0.84503018]
 [ 1.17000805 -1.46878124]
 [ 1.3192986   0.50016289]]
[[ 0.5980842  -0.85781659]
 [ 0.74314105  2.60911175]
 [ 0.77754368  0.84509855]
 [ 1.17010639 -1.46945806]
 [ 1.31901199  0.50034867]]
[[ 0.59841785 -0.85799175]
 [ 0.74352944  2.60882578]
 [ 0.7771752   0.84520124]
 [ 1.17025348 -1.47047408]
 [ 1.31858213  0.50062705]]
[[ 0.59864025 -0.85810869]
 [ 0.74378835  2.60863502]
 [ 0.77692959  0.84526977]
 [ 1.17035125 -1.47115195]
 [ 1.31829559  0.50081244]]
[[ 0.59875144 -0.8581672 ]
 [ 0.7439178   2.60853959]
 [ 0.77680679  0.84530406]
 [ 1.17040005 -1.47149103]
 [ 1.31815233  0.50090507]]
[[ 0.59919614 -0.85840155]
 [ 0.74443557  2.60815759]
 [ 0.77631566  0.84544136]
 [ 1.17059472 -1.47284838]
 [ 1.31757933  0.50127525]]
[[ 0.59941848 -0.85851892]
 [ 0.74469444  2.60796637]
 [ 0.7760701   0.8455101 ]
 [ 1.17069175 -1.47352767]
 [ 1.31729285  0.5014602 ]]
