[[ 0.58168222 -0.84957395]
 [ 0.72407602  2.62280467]
 [ 0.31655127  1.61228406]
 [ 0.2481344  -3.09339171]
 [ 0.10803462 -2.68123636]
 [ 0.79566061  0.84023969]
 [ 0.26196165 -2.40287467]
 [ 1.16231433 -1.42084699]
 [ 1.34013174  0.486291  ]]
[[ 0.58201796 -0.84973558]
 [ 0.72446571  2.62253129]
 [ 0.31628864  1.61257556]
 [ 0.24850781 -3.09345299]
 [ 0.10775838 -2.68146419]
 [ 0.79528966  0.8403354 ]
 [ 0.26166316 -2.40312692]
 [ 1.16248456 -1.42181544]
 [ 1.33969962  0.48658694]]
[[ 0.58224174 -0.84984349]
 [ 0.7247255   2.62234895]
 [ 0.31611359  1.61276991]
 [ 0.24875678 -3.09349378]
 [ 0.10757425 -2.68161604]
 [ 0.79504241  0.84039928]
 [ 0.26146415 -2.40329502]
 [ 1.16259776 -1.42246164]
 [ 1.33941159  0.48678391]]
[[ 0.58246551 -0.84995152]
 [ 0.72498528  2.6221665 ]
 [ 0.31593853  1.61296424]
 [ 0.24900577 -3.09353456]
 [ 0.10739013 -2.6817679 ]
 [ 0.79479519  0.84046324]
 [ 0.26126516 -2.40346311]
 [ 1.16271076 -1.42310831]
 [ 1.33912358  0.48698073]]
[[ 0.58257739 -0.85000558]
 [ 0.72511517  2.62207523]
 [ 0.31585101  1.6130614 ]
 [ 0.24913028 -3.09355494]
 [ 0.10729809 -2.68184383]
 [ 0.79467159  0.84049524]
 [ 0.26116566 -2.40354714]
 [ 1.16276718 -1.42343181]
 [ 1.33897958  0.48707905]]
[[ 0.58268926 -0.85005966]
 [ 0.72524505  2.62198394]
 [ 0.31576348  1.61315855]
 [ 0.2492548  -3.09357532]
 [ 0.10720605 -2.68191976]
 [ 0.79454799  0.84052726]
 [ 0.26106617 -2.40363117]
 [ 1.16282355 -1.42375541]
 [ 1.33883558  0.48717734]]
[[ 0.582913   -0.85016794]
 [ 0.7255048   2.62180127]
 [ 0.31558843  1.61335285]
 [ 0.24950384 -3.09361605]
 [ 0.10702198 -2.68207163]
 [ 0.79430082  0.84059135]
 [ 0.2608672  -2.40379921]
 [ 1.16293615 -1.42440297]
 [ 1.33854762  0.4873738 ]]
[[ 0.58302486 -0.85022212]
 [ 0.72563468  2.62170988]
 [ 0.3155009   1.61344999]
 [ 0.24962838 -3.09363642]
 [ 0.10692997 -2.68214756]
 [ 0.79417723  0.84062341]
 [ 0.26076772 -2.40388322]
 [ 1.16299237 -1.4247269 ]
 [ 1.33840363  0.48747196]]
[[ 0.58324856 -0.85033056]
 [ 0.72589442  2.62152705]
 [ 0.31532585  1.61364427]
 [ 0.24987747 -3.09367713]
 [ 0.10674595 -2.68229943]
 [ 0.79393009  0.84068759]
 [ 0.26056876 -2.40405122]
 [ 1.16310466 -1.42537512]
 [ 1.33811569  0.48766812]]
[[ 0.58336041 -0.85038484]
 [ 0.72602429  2.62143559]
 [ 0.31523832  1.6137414 ]
 [ 0.25000202 -3.09369747]
 [ 0.10665395 -2.68237536]
 [ 0.79380653  0.84071971]
 [ 0.26046928 -2.40413521]
 [ 1.16316072 -1.4256994 ]
 [ 1.33797173  0.48776614]]
