[[ 0.60596774 -0.86203794]
 [ 0.75232445  2.60227177]
 [ 0.29747582  1.63337472]
 [ 0.27542854 -3.09773071]
 [ 0.08812083 -2.69780564]
 [ 0.76883674  0.84756536]
 [ 0.24033499 -2.42106988]
 [ 1.17345484 -1.49374934]
 [ 1.30885134  0.50685727]]
[[ 0.60630024 -0.86221982]
 [ 0.75271207  2.60197941]
 [ 0.29721343  1.63366365]
 [ 0.27580639 -3.09778884]
 [ 0.08784907 -2.69803391]
 [ 0.76846948  0.84767126]
 [ 0.24003834 -2.42131845]
 [ 1.17359016 -1.49478686]
 [ 1.30842262  0.50712878]]
[[ 0.60641107 -0.86228052]
 [ 0.75284127  2.60188191]
 [ 0.29712597  1.63375996]
 [ 0.27593234 -3.0978082 ]
 [ 0.08775849 -2.69810999]
 [ 0.76834708  0.8477066 ]
 [ 0.23993945 -2.42140129]
 [ 1.17363515 -1.49513291]
 [ 1.30827973  0.50721923]]
[[ 0.60652189 -0.86234124]
 [ 0.75297047  2.60178438]
 [ 0.29703852  1.63385627]
 [ 0.27605831 -3.09782755]
 [ 0.08766792 -2.69818608]
 [ 0.76822469  0.84774195]
 [ 0.23984056 -2.42148412]
 [ 1.17368008 -1.49547905]
 [ 1.30813685  0.50730963]]
[[ 0.6066327  -0.862402  ]
 [ 0.75309966  2.60168683]
 [ 0.29695107  1.63395258]
 [ 0.27618427 -3.09784689]
 [ 0.08757735 -2.69826216]
 [ 0.76810232  0.84777733]
 [ 0.23974167 -2.42156695]
 [ 1.17372495 -1.49582531]
 [ 1.30799398  0.5074    ]]
[[ 0.60674351 -0.86246279]
 [ 0.75322885  2.60158924]
 [ 0.29686362  1.63404888]
 [ 0.27631025 -3.09786624]
 [ 0.08748679 -2.69833825]
 [ 0.76797994  0.84781271]
 [ 0.23964279 -2.42164977]
 [ 1.17376977 -1.49617165]
 [ 1.30785111  0.50749035]]
[[ 0.60685432 -0.86252362]
 [ 0.75335803  2.60149162]
 [ 0.29677616  1.63414518]
 [ 0.27643623 -3.09788558]
 [ 0.08739623 -2.69841434]
 [ 0.76785757  0.84784811]
 [ 0.23954392 -2.42173259]
 [ 1.17381453 -1.4965181 ]
 [ 1.30770825  0.50758068]]
[[ 0.6071867  -0.86270628]
 [ 0.75374555  2.60119855]
 [ 0.29651379  1.63443403]
 [ 0.27681422 -3.09794358]
 [ 0.08712462 -2.69864262]
 [ 0.76749047  0.84795439]
 [ 0.23924731 -2.42198103]
 [ 1.17394849 -1.49755802]
 [ 1.30727968  0.50785149]]
[[ 0.60729749 -0.86276723]
 [ 0.75387472  2.60110077]
 [ 0.29642633  1.63453029]
 [ 0.27694024 -3.09796293]
 [ 0.08703411 -2.69871873]
 [ 0.7673681   0.84798984]
 [ 0.23914847 -2.42206384]
 [ 1.17399305 -1.49790484]
 [ 1.30713682  0.50794172]]
[[ 0.60740828 -0.8628282 ]
 [ 0.75400389  2.60100294]
 [ 0.29633885  1.63462654]
 [ 0.27706627 -3.09798227]
 [ 0.08694362 -2.69879484]
 [ 0.76724572  0.8480253 ]
 [ 0.23904963 -2.42214666]
 [ 1.17403756 -1.49825174]
 [ 1.30699396  0.50803194]]
[[ 0.60751905 -0.86288921]
 [ 0.75413305  2.60090508]
 [ 0.29625138  1.63472279]
 [ 0.27719231 -3.09800162]
 [ 0.08685313 -2.69887096]
 [ 0.76712335  0.84806078]
 [ 0.2389508  -2.42222947]
 [ 1.17408201 -1.49859874]
 [ 1.30685109  0.50812212]]
[[ 0.60762983 -0.86295024]
 [ 0.75426221  2.60080717]
 [ 0.29616391  1.63481902]
 [ 0.27731837 -3.09802096]
 [ 0.08676266 -2.69894708]
 [ 0.76700099  0.84809626]
 [ 0.23885198 -2.42231228]
 [ 1.17412641 -1.49894582]
 [ 1.30670823  0.50821228]]
[[ 0.6077406  -0.86301131]
 [ 0.75439137  2.60070925]
 [ 0.29607643  1.63491526]
 [ 0.27744442 -3.09804029]
 [ 0.08667219 -2.6990232 ]
 [ 0.76687863  0.84813176]
 [ 0.23875316 -2.42239507]
 [ 1.17417075 -1.499293  ]
 [ 1.30656538  0.5083024 ]]
[[ 0.60785136 -0.86307241]
 [ 0.75452052  2.60061129]
 [ 0.29598896  1.63501149]
 [ 0.27757049 -3.09805962]
 [ 0.08658173 -2.69909932]
 [ 0.76675627  0.84816728]
 [ 0.23865434 -2.42247787]
 [ 1.17421503 -1.49964028]
 [ 1.30642253  0.50839249]]
[[ 0.60796212 -0.86313354]
 [ 0.75464967  2.60051331]
 [ 0.29590149  1.63510772]
 [ 0.27769655 -3.09807895]
 [ 0.08649127 -2.69917544]
 [ 0.76663393  0.84820281]
 [ 0.23855552 -2.42256066]
 [ 1.17425926 -1.49998767]
 [ 1.30627969  0.50848256]]
[[ 0.60818362 -0.86325591]
 [ 0.75490795  2.60031724]
 [ 0.29572654  1.63530016]
 [ 0.27794871 -3.09811758]
 [ 0.08631037 -2.69932768]
 [ 0.76638924  0.84827392]
 [ 0.2383579  -2.42272622]
 [ 1.17434754 -1.50068273]
 [ 1.30599402  0.50866261]]
[[ 0.60829435 -0.86331713]
 [ 0.75503709  2.60021917]
 [ 0.29563908  1.63539638]
 [ 0.2780748  -3.09813689]
 [ 0.08621994 -2.6994038 ]
 [ 0.76626692  0.8483095 ]
 [ 0.23825909 -2.42280899]
 [ 1.1743916  -1.5010304 ]
 [ 1.3058512   0.50875258]]
[[ 0.60840508 -0.8633784 ]
 [ 0.75516622  2.6001211 ]
 [ 0.29555162  1.63549261]
 [ 0.27820088 -3.09815617]
 [ 0.08612949 -2.69947991]
 [ 0.76614461  0.8483451 ]
 [ 0.23816026 -2.42289174]
 [ 1.17443558 -1.50137819]
 [ 1.3057084   0.5088425 ]]
[[ 0.60862653 -0.86350122]
 [ 0.75542429  2.59992544]
 [ 0.29537687  1.63568539]
 [ 0.27845274 -3.09819446]
 [ 0.08594826 -2.69963195]
 [ 0.76590039  0.84841661]
 [ 0.23796224 -2.42305709]
 [ 1.17452314 -1.50207481]
 [ 1.30542324  0.50902224]]
[[ 0.60873732 -0.86356275]
 [ 0.75555324  2.59982765]
 [ 0.29528952  1.63578183]
 [ 0.27857859 -3.09821359]
 [ 0.08585757 -2.69970797]
 [ 0.76577839  0.84845249]
 [ 0.23786317 -2.42313977]
 [ 1.17456683 -1.50242357]
 [ 1.30528079  0.50911225]]
[[ 0.60884814 -0.86362432]
 [ 0.75568216  2.59972977]
 [ 0.29520214  1.63587825]
 [ 0.27870444 -3.09823275]
 [ 0.08576691 -2.69978403]
 [ 0.76565637  0.84848839]
 [ 0.23776412 -2.42322249]
 [ 1.17461051 -1.50277245]
 [ 1.30513834  0.50920235]]
[[ 0.60895894 -0.8636859 ]
 [ 0.7558111   2.59963184]
 [ 0.29511475  1.63597465]
 [ 0.27883034 -3.09825191]
 [ 0.08567627 -2.69986009]
 [ 0.76553433  0.84852427]
 [ 0.23766509 -2.4233052 ]
 [ 1.17465413 -1.50312135]
 [ 1.30499585  0.50929237]]
[[ 0.60940166 -0.86393206]
 [ 0.75632747  2.59923924]
 [ 0.29476522  1.63635979]
 [ 0.27933466 -3.09832858]
 [ 0.08531443 -2.70016431]
 [ 0.76504571  0.84866732]
 [ 0.23726958 -2.42363584]
 [ 1.17482808 -1.50451595]
 [ 1.30442523  0.50965089]]
[[ 0.60962302 -0.86405528]
 [ 0.75658563  2.59904243]
 [ 0.2945903   1.63655216]
 [ 0.27958696 -3.09836707]
 [ 0.08513369 -2.70031656]
 [ 0.76480122  0.84873884]
 [ 0.237072   -2.42380125]
 [ 1.17491487 -1.50521359]
 [ 1.30413975  0.50983019]]
[[ 0.60973368 -0.86411693]
 [ 0.75671471  2.59894398]
 [ 0.29450284  1.63664834]
 [ 0.27971313 -3.09838631]
 [ 0.08504333 -2.70039269]
 [ 0.76467898  0.84877462]
 [ 0.23697322 -2.42388395]
 [ 1.17495818 -1.50556254]
 [ 1.30399701  0.50991979]]
[[ 0.60984435 -0.86417863]
 [ 0.75684378  2.59884549]
 [ 0.29441539  1.63674452]
 [ 0.27983929 -3.09840554]
 [ 0.08495297 -2.70046882]
 [ 0.76455675  0.84881042]
 [ 0.23687443 -2.42396664]
 [ 1.17500144 -1.50591162]
 [ 1.30385429  0.51000938]]
[[ 0.61006568 -0.8643021 ]
 [ 0.7571019   2.59864841]
 [ 0.29424046  1.63693686]
 [ 0.28009164 -3.09844401]
 [ 0.08477228 -2.70062109]
 [ 0.7643123   0.84888207]
 [ 0.23667688 -2.42413203]
 [ 1.17508779 -1.50661005]
 [ 1.30356885  0.51018851]]
[[ 0.61017632 -0.86436388]
 [ 0.75723097  2.59854983]
 [ 0.294153    1.63703302]
 [ 0.28021783 -3.09846323]
 [ 0.08468195 -2.70069722]
 [ 0.76419008  0.8489179 ]
 [ 0.23657811 -2.42421471]
 [ 1.17513087 -1.50695937]
 [ 1.30342613  0.510278  ]]
[[ 0.61028694 -0.86442568]
 [ 0.75736005  2.59845121]
 [ 0.29406555  1.63712917]
 [ 0.28034405 -3.09848243]
 [ 0.08459164 -2.70077334]
 [ 0.76406786  0.84895374]
 [ 0.23647936 -2.42429737]
 [ 1.17517388 -1.50730874]
 [ 1.30328341  0.51036739]]
[[ 0.61039756 -0.86448751]
 [ 0.75748913  2.59835257]
 [ 0.2939781   1.63722532]
 [ 0.28047027 -3.09850164]
 [ 0.08450134 -2.70084947]
 [ 0.76394565  0.84898959]
 [ 0.2363806  -2.42438002]
 [ 1.17521684 -1.50765821]
 [ 1.30314069  0.51045677]]
[[ 0.61061877 -0.86461127]
 [ 0.75774727  2.59815518]
 [ 0.29380321  1.63741761]
 [ 0.28072273 -3.09854002]
 [ 0.08432075 -2.70100172]
 [ 0.76370124  0.84906133]
 [ 0.23618311 -2.42454532]
 [ 1.17530259 -1.50835743]
 [ 1.30285526  0.51063544]]
[[ 0.61072937 -0.8646732 ]
 [ 0.75787633  2.59805644]
 [ 0.29371576  1.63751375]
 [ 0.28084897 -3.09855922]
 [ 0.08423047 -2.70107785]
 [ 0.76357904  0.84909723]
 [ 0.23608436 -2.42462796]
 [ 1.17534539 -1.50870718]
 [ 1.30271255  0.51072474]]
[[ 0.61083996 -0.86473516]
 [ 0.75800539  2.59795766]
 [ 0.29362831  1.63760988]
 [ 0.28097522 -3.0985784 ]
 [ 0.0841402  -2.70115398]
 [ 0.76345685  0.84913313]
 [ 0.23598562 -2.4247106 ]
 [ 1.17538812 -1.50905703]
 [ 1.30256985  0.510814  ]]
[[ 0.61095055 -0.86479715]
 [ 0.75813445  2.59785886]
 [ 0.29354086  1.63770601]
 [ 0.28110148 -3.09859758]
 [ 0.08404993 -2.7012301 ]
 [ 0.76333466  0.84916905]
 [ 0.23588689 -2.42479323]
 [ 1.17543079 -1.50940696]
 [ 1.30242716  0.51090323]]
[[ 0.61106113 -0.86485918]
 [ 0.7582635   2.59776003]
 [ 0.29345341  1.63780213]
 [ 0.28122774 -3.09861675]
 [ 0.08395967 -2.70130624]
 [ 0.76321248  0.84920499]
 [ 0.23578815 -2.42487585]
 [ 1.17547341 -1.50975701]
 [ 1.30228447  0.51099245]]
[[ 0.61117173 -0.86492123]
 [ 0.75839257  2.59766112]
 [ 0.29336597  1.63789823]
 [ 0.28135404 -3.09863595]
 [ 0.76309029  0.84924093]
 [ 0.23568946 -2.42495849]
 [ 1.175516   -1.51010711]
 [ 1.30214177  0.51108166]]
[[ 0.61128229 -0.86498331]
 [ 0.75852162  2.59756222]
 [ 0.29327852  1.63799435]
 [ 0.28148032 -3.09865511]
 [ 0.76296813  0.8492769 ]
 [ 0.23559073 -2.4250411 ]
 [ 1.17555851 -1.51045733]
 [ 1.30199909  0.5111708 ]]
[[ 0.61139286 -0.86504544]
 [ 0.75865065  2.59746329]
 [ 0.29319107  1.63809046]
 [ 0.2816066  -3.09867428]
 [ 0.76284596  0.84931288]
 [ 0.23549201 -2.42512372]
 [ 1.17560096 -1.51080766]
 [ 1.30185642  0.51125994]]
[[ 0.61172453 -0.865232  ]
 [ 0.75903774  2.59716632]
 [ 0.29292874  1.63837879]
 [ 0.28198547 -3.09873173]
 [ 0.76247952  0.84942093]
 [ 0.23519584 -2.42537152]
 [ 1.17572796 -1.51185923]
 [ 1.30142845  0.51152719]]
[[ 0.61183509 -0.86529427]
 [ 0.75916674  2.59706726]
 [ 0.29284128  1.63847489]
 [ 0.28211176 -3.09875088]
 [ 0.76235739  0.84945699]
 [ 0.23509712 -2.42545413]
 [ 1.17577019 -1.51221001]
 [ 1.30128582  0.51161628]]
[[ 0.61216675 -0.86548126]
 [ 0.75955371  2.5967699 ]
 [ 0.29257892  1.63876317]
 [ 0.28249067 -3.09880832]
 [ 0.76199103  0.84956526]
 [ 0.23480097 -2.42570191]
 [ 1.17589654 -1.51326286]
 [ 1.30085795  0.51188339]]
[[ 0.61238779 -0.86560607]
 [ 0.75981171  2.59657151]
 [ 0.29240403  1.63895534]
 [ 0.28274333 -3.09884657]
 [ 0.76174681  0.84963749]
 [ 0.23460356 -2.42586706]
 [ 1.17598046 -1.51396515]
 [ 1.30057271  0.51206122]]
[[ 0.61260883 -0.86573102]
 [ 0.76006966  2.596373  ]
 [ 0.29222913  1.6391475 ]
 [ 0.282996   -3.09888481]
 [ 0.76150263  0.8497098 ]
 [ 0.23440616 -2.42603219]
 [ 1.17606417 -1.51466789]
 [ 1.30028752  0.51223902]]
[[ 0.61282986 -0.8658561 ]
 [ 0.76032759  2.59617434]
 [ 0.29205423  1.63933963]
 [ 0.28324869 -3.09892304]
 [ 0.76125846  0.84978216]
 [ 0.23420877 -2.42619732]
 [ 1.17614766 -1.51537101]
 [ 1.30000234  0.51241674]]
[[ 0.61294037 -0.86591869]
 [ 0.76045655  2.59607497]
 [ 0.29196678  1.6394357 ]
 [ 0.28337505 -3.09894214]
 [ 0.76113639  0.84981837]
 [ 0.23411008 -2.42627987]
 [ 1.17618931 -1.51572271]
 [ 1.29985977  0.51250555]]
[[ 0.61305088 -0.86598132]
 [ 0.76058549  2.59597556]
 [ 0.29187932  1.63953176]
 [ 0.2835014  -3.09896125]
 [ 0.76101432  0.8498546 ]
 [ 0.23401139 -2.42636243]
 [ 1.17623092 -1.51607454]
 [ 1.2997172   0.51259438]]
[[ 0.61316138 -0.86604398]
 [ 0.76071444  2.59587612]
 [ 0.29179187  1.63962781]
 [ 0.28362776 -3.09898036]
 [ 0.76089226  0.84989084]
 [ 0.2339127  -2.42644498]
 [ 1.17627247 -1.51642645]
 [ 1.29957464  0.51268317]]
[[ 0.61338235 -0.86616939]
 [ 0.76097232  2.59567715]
 [ 0.29161696  1.63981991]
 [ 0.28388051 -3.09901855]
 [ 0.76064815  0.84996336]
 [ 0.23371534 -2.42661006]
 [ 1.17635538 -1.51713052]
 [ 1.29928952  0.51286065]]
[[ 0.61349284 -0.86623214]
 [ 0.76110125  2.59557762]
 [ 0.29152951  1.63991595]
 [ 0.2840069  -3.09903763]
 [ 0.76052611  0.84999965]
 [ 0.23361666 -2.42669259]
 [ 1.17639675 -1.5174827 ]
 [ 1.29914697  0.51294935]]
[[ 0.61360331 -0.86629493]
 [ 0.76123018  2.59547806]
 [ 0.29144206  1.640012  ]
 [ 0.28413329 -3.09905671]
 [ 0.76040408  0.85003594]
 [ 0.23351799 -2.42677512]
 [ 1.17643806 -1.51783498]
 [ 1.29900443  0.51303802]]
[[ 0.61371378 -0.86635775]
 [ 0.7613591   2.59537846]
 [ 0.29135461  1.64010803]
 [ 0.28425969 -3.09907579]
 [ 0.76028204  0.85007226]
 [ 0.23341932 -2.42685765]
 [ 1.17647932 -1.51818735]
 [ 1.29886189  0.51312668]]
[[ 0.61382424 -0.8664206 ]
 [ 0.76148802  2.59527883]
 [ 0.29126716  1.64020406]
 [ 0.2843861  -3.09909487]
 [ 0.76016001  0.85010858]
 [ 0.23332066 -2.42694016]
 [ 1.17652052 -1.51853979]
 [ 1.29871936  0.51321528]]
[[ 0.61426602 -0.86667232]
 [ 0.76200368  2.59487999]
 [ 0.29091736  1.64058814]
 [ 0.2848918  -3.09917112]
 [ 0.75967196  0.85025402]
 [ 0.23292603 -2.42727018]
 [ 1.17668474 -1.51995052]
 [ 1.29814927  0.51356947]]
[[ 0.61426602 -0.86667232]
 [ 0.76200368  2.59487999]
 [ 0.29091736  1.64058814]
 [ 0.2848918  -3.09917112]
 [ 0.75967196  0.85025402]
 [ 0.23292603 -2.42727018]
 [ 1.17668474 -1.51995052]
 [ 1.29814927  0.51356947]]
[[ 0.61437645 -0.86673534]
 [ 0.76213257  2.59478022]
 [ 0.29082992  1.64068416]
 [ 0.28501823 -3.09919016]
 [ 0.75954997  0.85029042]
 [ 0.23282737 -2.42735267]
 [ 1.17672564 -1.52030345]
 [ 1.29800678  0.51365796]]
[[ 0.6145973  -0.86686147]
 [ 0.76239036  2.59458057]
 [ 0.29065504  1.64087619]
 [ 0.28527112 -3.09922823]
 [ 0.759306    0.85036327]
 [ 0.23263007 -2.42751763]
 [ 1.17680727 -1.52100958]
 [ 1.2977218   0.51383484]]
[[ 0.61470772 -0.86692459]
 [ 0.76251924  2.59448071]
 [ 0.29056759  1.6409722 ]
 [ 0.28539757 -3.09924726]
 [ 0.75918404  0.85039973]
 [ 0.23253142 -2.4276001 ]
 [ 1.17684801 -1.52136281]
 [ 1.29757932  0.51392326]]
[[ 0.61481813 -0.86698773]
 [ 0.76264812  2.59438081]
 [ 0.29048015  1.6410682 ]
 [ 0.28552403 -3.09926629]
 [ 0.75906207  0.85043619]
 [ 0.23243277 -2.42768257]
 [ 1.17688868 -1.52171611]
 [ 1.29743685  0.51401164]]
[[ 0.61503893 -0.86711412]
 [ 0.76290588  2.5941809 ]
 [ 0.29030527  1.64126019]
 [ 0.28577698 -3.09930433]
 [ 0.75881815  0.85050915]
 [ 0.2322355  -2.42784749]
 [ 1.17696985 -1.52242296]
 [ 1.29715191  0.5141883 ]]
[[ 0.61514931 -0.86717736]
 [ 0.76303476  2.5940809 ]
 [ 0.29021783  1.64135618]
 [ 0.28590347 -3.09932333]
 [ 0.7586962   0.85054564]
 [ 0.23213687 -2.42792994]
 [ 1.17701035 -1.52277651]
 [ 1.29700944  0.51427658]]
[[ 0.61525969 -0.86724063]
 [ 0.76316362  2.59398087]
 [ 0.29013039  1.64145216]
 [ 0.28602996 -3.09934235]
 [ 0.75857425  0.85058216]
 [ 0.23203824 -2.42801239]
 [ 1.17705079 -1.52313017]
 [ 1.29686699  0.51436486]]
[[ 0.61537007 -0.86730394]
 [ 0.76329249  2.59388079]
 [ 0.29004294  1.64154814]
 [ 0.28615646 -3.09936135]
 [ 0.7584523   0.85061869]
 [ 0.23193962 -2.42809483]
 [ 1.17709118 -1.52348391]
 [ 1.29672453  0.5144531 ]]
[[ 0.61548044 -0.86736727]
 [ 0.76342135  2.59378069]
 [ 0.2899555   1.64164411]
 [ 0.28628297 -3.09938036]
 [ 0.75833036  0.85065523]
 [ 0.231841   -2.42817727]
 [ 1.17713151 -1.52383773]
 [ 1.29658208  0.51454132]]
[[ 0.61559081 -0.86743065]
 [ 0.7635502   2.59368057]
 [ 0.28986806  1.64174009]
 [ 0.28640947 -3.09939935]
 [ 0.75820844  0.85069179]
 [ 0.23174238 -2.4282597 ]
 [ 1.17717177 -1.52419167]
 [ 1.29643964  0.51462951]]
[[ 0.61570117 -0.86749405]
 [ 0.76367905  2.5935804 ]
 [ 0.28978062  1.64183605]
 [ 0.28653599 -3.09941834]
 [ 0.75808651  0.85072836]
 [ 0.23164376 -2.42834213]
 [ 1.17721199 -1.5245457 ]
 [ 1.29629721  0.51471769]]
[[ 0.61581152 -0.86755749]
 [ 0.7638079   2.59348022]
 [ 0.28969319  1.64193203]
 [ 0.28666251 -3.09943732]
 [ 0.75796461  0.85076495]
 [ 0.23154514 -2.42842455]
 [ 1.17725213 -1.52489981]
 [ 1.29615479  0.51480581]]
[[ 0.61625286 -0.86781155]
 [ 0.76432326  2.59307913]
 [ 0.28934344  1.64231584]
 [ 0.28716869 -3.0995132 ]
 [ 0.75747698  0.85091143]
 [ 0.23115074 -2.42875418]
 [ 1.17741215 -1.52631711]
 [ 1.29558511  0.51515807]]
[[ 0.61647347 -0.86793876]
 [ 0.76458094  2.59287837]
 [ 0.28916857  1.64250772]
 [ 0.28742185 -3.09955112]
 [ 0.75723319  0.85098473]
 [ 0.23095357 -2.42891895]
 [ 1.1774918  -1.52702623]
 [ 1.29530028  0.51533398]]
[[ 0.61658378 -0.86800241]
 [ 0.76470976  2.59277793]
 [ 0.28908113  1.64260364]
 [ 0.28754843 -3.09957008]
 [ 0.7571113   0.85102141]
 [ 0.23085499 -2.42900135]
 [ 1.17753156 -1.52738094]
 [ 1.29515787  0.51542194]]
[[ 0.61669407 -0.86806609]
 [ 0.7648386   2.59267747]
 [ 0.2889937   1.64269956]
 [ 0.28767504 -3.09958902]
 [ 0.75698941  0.85105809]
 [ 0.23075643 -2.42908372]
 [ 1.17757124 -1.5277357 ]
 [ 1.29501546  0.51550981]]
[[ 0.61680434 -0.8681298 ]
 [ 0.76496744  2.59257697]
 [ 0.28890627  1.64279548]
 [ 0.28780165 -3.09960796]
 [ 0.75686753  0.85109478]
 [ 0.23065786 -2.42916608]
 [ 1.17761086 -1.52809054]
 [ 1.29487305  0.51559765]]
[[ 0.61691461 -0.86819354]
 [ 0.76509627  2.59247645]
 [ 0.28881884  1.64289139]
 [ 0.28792827 -3.0996269 ]
 [ 0.75674565  0.85113149]
 [ 0.2305593  -2.42924844]
 [ 1.17765042 -1.52844547]
 [ 1.29473065  0.51568547]]
[[ 0.61713515 -0.86832112]
 [ 0.76535391  2.59227528]
 [ 0.28864397  1.6430832 ]
 [ 0.28818152 -3.09966476]
 [ 0.75650191  0.85120494]
 [ 0.23036219 -2.42941316]
 [ 1.17772939 -1.52915561]
 [ 1.29444586  0.51586105]]
[[ 0.61724542 -0.86838498]
 [ 0.76548271  2.59217466]
 [ 0.28855653  1.64317911]
 [ 0.28830815 -3.09968369]
 [ 0.75638006  0.85124171]
 [ 0.23026363 -2.42949552]
 [ 1.17776879 -1.52951087]
 [ 1.29430349  0.51594885]]
[[ 0.61746592 -0.86851276]
 [ 0.76574033  2.59197329]
 [ 0.28838166  1.64337089]
 [ 0.28856144 -3.09972153]
 [ 0.75613635  0.85131525]
 [ 0.23006654 -2.42966021]
 [ 1.1778474  -1.53022156]
 [ 1.29401874  0.51612431]]
[[ 0.61757617 -0.86857671]
 [ 0.76586911  2.59187258]
 [ 0.28829423  1.64346679]
 [ 0.28868808 -3.09974044]
 [ 0.75601452  0.85135206]
 [ 0.22996799 -2.42974255]
 [ 1.17788662 -1.53057708]
 [ 1.29387638  0.51621202]]
[[ 0.6176864  -0.86864068]
 [ 0.76599791  2.59177182]
 [ 0.2882068   1.64356267]
 [ 0.28881475 -3.09975935]
 [ 0.75589268  0.85138887]
 [ 0.22986945 -2.42982488]
 [ 1.17792578 -1.53093265]
 [ 1.29373402  0.51629968]]
[[ 0.61779663 -0.86870468]
 [ 0.76612671  2.59167103]
 [ 0.28811937  1.64365855]
 [ 0.28894142 -3.09977825]
 [ 0.75577085  0.85142569]
 [ 0.22977092 -2.4299072 ]
 [ 1.17796488 -1.53128829]
 [ 1.29359166  0.5163873 ]]
[[ 0.61790685 -0.86876872]
 [ 0.7662555   2.5915702 ]
 [ 0.28803194  1.64375443]
 [ 0.2890681  -3.09979715]
 [ 0.75564902  0.85146252]
 [ 0.22967239 -2.42998952]
 [ 1.17800393 -1.53164403]
 [ 1.29344931  0.5164749 ]]
[[ 0.61812726 -0.86889688]
 [ 0.76651308  2.59136846]
 [ 0.28785709  1.64394617]
 [ 0.28932149 -3.09983493]
 [ 0.75540538  0.85153622]
 [ 0.22947535 -2.43015414]
 [ 1.17808183 -1.53235575]
 [ 1.29316461  0.51665001]]
[[ 0.61823746 -0.86896102]
 [ 0.76664185  2.59126754]
 [ 0.28776966  1.64404203]
 [ 0.28944818 -3.09985381]
 [ 0.75528357  0.8515731 ]
 [ 0.22937683 -2.43023645]
 [ 1.1781207  -1.53271176]
 [ 1.29302228  0.51673754]]
[[ 0.61834767 -0.8690252 ]
 [ 0.76677061  2.59116659]
 [ 0.28768223  1.6441379 ]
 [ 0.28957487 -3.09987269]
 [ 0.75516178  0.85161001]
 [ 0.2292783  -2.43031875]
 [ 1.17815951 -1.53306791]
 [ 1.29287996  0.51682509]]
[[ 0.61856805 -0.86915363]
 [ 0.76702814  2.59096459]
 [ 0.28750737  1.64432961]
 [ 0.2898283  -3.09991044]
 [ 0.75491819  0.85168384]
 [ 0.22908127 -2.43048334]
 [ 1.17823695 -1.53378038]
 [ 1.29259532  0.51700003]]
[[ 0.61867823 -0.8692179 ]
 [ 0.7671569   2.59086355]
 [ 0.28741995  1.64442546]
 [ 0.28995502 -3.0999293 ]
 [ 0.75479641  0.85172078]
 [ 0.22898276 -2.43056562]
 [ 1.17827558 -1.53413675]
 [ 1.29245301  0.51708745]]
[[ 0.6187884  -0.8692822 ]
 [ 0.76728565  2.59076247]
 [ 0.28733252  1.64452131]
 [ 0.29008176 -3.09994815]
 [ 0.75467463  0.85175773]
 [ 0.22888426 -2.4306479 ]
 [ 1.17831415 -1.5344932 ]
 [ 1.2923107   0.51717486]]
[[ 0.61889856 -0.86934653]
 [ 0.76741441  2.59066136]
 [ 0.2872451   1.64461715]
 [ 0.29020849 -3.09996701]
 [ 0.75455286  0.85179469]
 [ 0.22878575 -2.43073017]
 [ 1.17835267 -1.53484973]
 [ 1.2921684   0.51726223]]
[[ 0.61900872 -0.86941089]
 [ 0.76754315  2.59056021]
 [ 0.28715767  1.64471299]
 [ 0.29033524 -3.09998586]
 [ 0.75443109  0.85183167]
 [ 0.22868725 -2.43081244]
 [ 1.17839112 -1.53520636]
 [ 1.2920261   0.51734959]]
[[ 0.61911888 -0.8694753 ]
 [ 0.76767188  2.59045904]
 [ 0.28707025  1.64480883]
 [ 0.29046198 -3.10000471]
 [ 0.75430933  0.85186868]
 [ 0.22858875 -2.43089471]
 [ 1.17842952 -1.53556312]
 [ 1.29188383  0.51743695]]
[[ 0.61933922 -0.86960423]
 [ 0.76792929  2.59025657]
 [ 0.28689537  1.64500049]
 [ 0.29071545 -3.10004242]
 [ 0.75406584  0.85194275]
 [ 0.22839175 -2.43105927]
 [ 1.17850617 -1.53627699]
 [ 1.2915993   0.51761173]]
[[ 0.61944938 -0.86966875]
 [ 0.76805798  2.59015529]
 [ 0.28680793  1.64509632]
 [ 0.2908422  -3.10006127]
 [ 0.75394411  0.85197981]
 [ 0.22829325 -2.43114154]
 [ 1.17854441 -1.53663406]
 [ 1.29145705  0.51769908]]
[[ 0.61955955 -0.8697333 ]
 [ 0.76818667  2.59005398]
 [ 0.28672049  1.64519214]
 [ 0.29096894 -3.10008011]
 [ 0.75382238  0.85201689]
 [ 0.22819476 -2.43122381]
 [ 1.17858259 -1.53699122]
 [ 1.2913148   0.51778643]]
[[ 0.61966969 -0.86979788]
 [ 0.76831536  2.58995263]
 [ 0.28663305  1.64528796]
 [ 0.2910957  -3.10009895]
 [ 0.75370066  0.85205398]
 [ 0.22809627 -2.43130607]
 [ 1.17862071 -1.53734846]
 [ 1.29117256  0.51787373]]
[[ 0.61977984 -0.8698625 ]
 [ 0.76844404  2.58985125]
 [ 0.28654561  1.64538377]
 [ 0.29122247 -3.10011779]
 [ 0.75357894  0.85209108]
 [ 0.22799778 -2.43138834]
 [ 1.17865877 -1.5377058 ]
 [ 1.29103032  0.51796102]]
[[ 0.61988998 -0.86992715]
 [ 0.76857272  2.58974984]
 [ 0.28645818  1.64547958]
 [ 0.29134924 -3.10013662]
 [ 0.75345723  0.8521282 ]
 [ 0.2278993  -2.43147059]
 [ 1.17869677 -1.53806323]
 [ 1.29088809  0.51804828]]
[[ 0.62000011 -0.86999183]
 [ 0.76870139  2.58964839]
 [ 0.28637074  1.64557539]
 [ 0.29147602 -3.10015545]
 [ 0.75333552  0.85216534]
 [ 0.22780082 -2.43155284]
 [ 1.17873472 -1.53842073]
 [ 1.29074586  0.51813551]]
[[ 0.62011025 -0.87005655]
 [ 0.76883004  2.58954691]
 [ 0.2862833   1.64567119]
 [ 0.29160279 -3.10017428]
 [ 0.75321382  0.85220249]
 [ 0.22770234 -2.43163509]
 [ 1.17877261 -1.53877837]
 [ 1.29060365  0.51822276]]
[[ 0.62055068 -0.87031572]
 [ 0.76934469  2.58914066]
 [ 0.28593356  1.64605435]
 [ 0.29211002 -3.10024952]
 [ 0.75272706  0.8523512 ]
 [ 0.22730848 -2.43196401]
 [ 1.17892355 -1.54020956]
 [ 1.2900348   0.51857132]]
[[ 0.6208809  -0.87051042]
 [ 0.76973068  2.58883564]
 [ 0.28567128  1.64634167]
 [ 0.29249054 -3.10030588]
 [ 0.75236205  0.85246285]
 [ 0.22701313 -2.43221061]
 [ 1.17903611 -1.54128375]
 [ 1.2896082   0.51883237]]
[[ 0.62099095 -0.87057538]
 [ 0.76985934  2.5887339 ]
 [ 0.28558386  1.64643744]
 [ 0.2926174  -3.10032465]
 [ 0.75224039  0.85250009]
 [ 0.22691469 -2.43229279]
 [ 1.17907351 -1.54164197]
 [ 1.28946601  0.5189193 ]]
[[ 0.62110099 -0.87064036]
 [ 0.769988    2.58863213]
 [ 0.28549644  1.6465332 ]
 [ 0.29274428 -3.10034342]
 [ 0.75211872  0.85253733]
 [ 0.22681626 -2.43237497]
 [ 1.17911085 -1.54200023]
 [ 1.28932381  0.5190062 ]]
[[ 0.62121102 -0.87070538]
 [ 0.77011666  2.58853032]
 [ 0.28540902  1.64662895]
 [ 0.29287117 -3.10036218]
 [ 0.75199707  0.85257459]
 [ 0.22671783 -2.43245714]
 [ 1.17914813 -1.54235859]
 [ 1.28918162  0.51909307]]
[[ 0.62132105 -0.87077044]
 [ 0.77024531  2.58842848]
 [ 0.2853216   1.64672471]
 [ 0.29299805 -3.10038094]
 [ 0.75187542  0.85261186]
 [ 0.22661941 -2.43253932]
 [ 1.17918535 -1.54271706]
 [ 1.28903944  0.51917995]]
[[ 0.62143108 -0.87083552]
 [ 0.77037396  2.58832662]
 [ 0.28523418  1.64682046]
 [ 0.29312494 -3.10039969]
 [ 0.75175378  0.85264916]
 [ 0.22652098 -2.43262148]
 [ 1.17922251 -1.54307561]
 [ 1.28889727  0.51926678]]
[[ 0.6215411  -0.87090065]
 [ 0.77050259  2.5882247 ]
 [ 0.28514676  1.6469162 ]
 [ 0.29325184 -3.10041844]
 [ 0.75163214  0.85268646]
 [ 0.22642256 -2.43270365]
 [ 1.17925962 -1.54343425]
 [ 1.28875509  0.51935362]]
[[ 0.62165111 -0.8709658 ]
 [ 0.77063123  2.58812277]
 [ 0.28505934  1.64701194]
 [ 0.29337874 -3.10043718]
 [ 0.75151051  0.85272378]
 [ 0.22632415 -2.4327858 ]
 [ 1.17929666 -1.54379296]
 [ 1.28861293  0.51944039]]
[[ 0.62176111 -0.87103098]
 [ 0.77075987  2.5880208 ]
 [ 0.28497192  1.64710768]
 [ 0.29350566 -3.10045593]
 [ 0.75138888  0.85276111]
 [ 0.22622574 -2.43286795]
 [ 1.17933365 -1.54415177]
 [ 1.28847077  0.51952717]]
[[ 0.62198111 -0.87116146]
 [ 0.77101711  2.58781676]
 [ 0.28479709  1.64729914]
 [ 0.29375949 -3.10049339]
 [ 0.75114566  0.85283582]
 [ 0.22602892 -2.43303224]
 [ 1.17940744 -1.54486965]
 [ 1.28818647  0.51970065]]
[[ 0.62209111 -0.87122676]
 [ 0.77114572  2.5877147 ]
 [ 0.28470967  1.64739487]
 [ 0.29388641 -3.10051212]
 [ 0.75102406  0.85287321]
 [ 0.22593051 -2.43311438]
 [ 1.17944425 -1.54522876]
 [ 1.28804434  0.51978739]]
[[ 0.62220109 -0.87129208]
 [ 0.77127433  2.58761259]
 [ 0.28462225  1.64749059]
 [ 0.29401335 -3.10053085]
 [ 0.75090246  0.8529106 ]
 [ 0.2258321  -2.43319651]
 [ 1.179481   -1.54558791]
 [ 1.28790221  0.51987407]]
[[ 0.62231106 -0.87135743]
 [ 0.77140294  2.58751047]
 [ 0.28453484  1.64758632]
 [ 0.29414029 -3.10054956]
 [ 0.75078087  0.85294801]
 [ 0.2257337  -2.43327864]
 [ 1.17951768 -1.54594715]
 [ 1.28776008  0.51996072]]
[[ 0.62242103 -0.87142281]
 [ 0.77153154  2.5874083 ]
 [ 0.28444742  1.64768203]
 [ 0.29426725 -3.10056827]
 [ 0.75065928  0.85298542]
 [ 0.22563531 -2.43336076]
 [ 1.17955431 -1.54630646]
 [ 1.28761795  0.52004734]]
[[ 0.62253099 -0.87148823]
 [ 0.77166014  2.58730611]
 [ 0.28436001  1.64777774]
 [ 0.2943942  -3.10058697]
 [ 0.7505377   0.85302286]
 [ 0.22553692 -2.43344287]
 [ 1.17959087 -1.54666587]
 [ 1.28747584  0.52013395]]
[[ 0.62264094 -0.87155368]
 [ 0.77178874  2.58720388]
 [ 0.2842726   1.64787345]
 [ 0.29452117 -3.10060567]
 [ 0.75041612  0.8530603 ]
 [ 0.22543853 -2.43352498]
 [ 1.17962738 -1.54702534]
 [ 1.28733372  0.52022052]]
[[ 0.62275088 -0.87161916]
 [ 0.77191734  2.58710162]
 [ 0.28418519  1.64796915]
 [ 0.29464814 -3.10062437]
 [ 0.75029455  0.85309776]
 [ 0.22534015 -2.43360708]
 [ 1.17966382 -1.54738491]
 [ 1.28719162  0.52030706]]
[[ 0.62286083 -0.87168468]
 [ 0.77204593  2.58699932]
 [ 0.28409777  1.64806485]
 [ 0.29477512 -3.10064306]
 [ 0.75017299  0.85313523]
 [ 0.22524177 -2.43368918]
 [ 1.17970021 -1.54774457]
 [ 1.28704951  0.52039359]]
[[ 0.62308069 -0.87181581]
 [ 0.77230308  2.58679463]
 [ 0.28392295  1.64825624]
 [ 0.2950291  -3.10068043]
 [ 0.74992988  0.85321022]
 [ 0.22504501 -2.43385337]
 [ 1.17977281 -1.54846414]
 [ 1.28676533  0.5205666 ]]
[[ 0.62319062 -0.87188143]
 [ 0.77243165  2.58669224]
 [ 0.28383554  1.64835193]
 [ 0.29515609 -3.10069911]
 [ 0.74980833  0.85324774]
 [ 0.22494664 -2.43393545]
 [ 1.17980902 -1.54882407]
 [ 1.28662325  0.52065307]]
[[ 0.62330053 -0.87194708]
 [ 0.77256022  2.58658981]
 [ 0.28374813  1.64844762]
 [ 0.29528309 -3.10071778]
 [ 0.7496868   0.85328527]
 [ 0.22484827 -2.43401753]
 [ 1.17984517 -1.54918406]
 [ 1.28648117  0.52073951]]
[[ 0.62341044 -0.87201276]
 [ 0.77268878  2.58648735]
 [ 0.28366072  1.6485433 ]
 [ 0.2954101  -3.10073645]
 [ 0.74956526  0.85332282]
 [ 0.2247499  -2.43409961]
 [ 1.17988126 -1.54954415]
 [ 1.2863391   0.52082594]]
[[ 0.62352034 -0.87207848]
 [ 0.77281734  2.58638486]
 [ 0.28357331  1.64863897]
 [ 0.29553712 -3.10075511]
 [ 0.74944373  0.85336038]
 [ 0.22465154 -2.43418168]
 [ 1.17991729 -1.54990431]
 [ 1.28619703  0.52091233]]
[[ 0.62363024 -0.87214423]
 [ 0.7729459   2.58628234]
 [ 0.2834859   1.64873465]
 [ 0.29566414 -3.10077377]
 [ 0.74932222  0.85339795]
 [ 0.22455318 -2.43426375]
 [ 1.17995326 -1.55026457]
 [ 1.28605497  0.52099871]]
[[ 0.62374014 -0.87221002]
 [ 0.77307444  2.58617977]
 [ 0.28339849  1.64883032]
 [ 0.29579117 -3.10079243]
 [ 0.7492007   0.85343554]
 [ 0.22445483 -2.43434581]
 [ 1.17998918 -1.55062492]
 [ 1.28591292  0.52108508]]
[[ 0.62406979 -0.87240758]
 [ 0.77346003  2.58587188]
 [ 0.28313625  1.6491173 ]
 [ 0.29617228 -3.10084839]
 [ 0.74883619  0.85354841]
 [ 0.22415978 -2.43459199]
 [ 1.18009657 -1.55170649]
 [ 1.2854868   0.52134409]]
[[ 0.62417969 -0.87247351]
 [ 0.77358854  2.58576916]
 [ 0.28304882  1.64921295]
 [ 0.29629932 -3.10086705]
 [ 0.74871469  0.85358607]
 [ 0.22406144 -2.43467406]
 [ 1.18013227 -1.55206723]
 [ 1.28534477  0.52143044]]
[[ 0.62428957 -0.87253947]
 [ 0.77371704  2.58566642]
 [ 0.2829614   1.64930859]
 [ 0.29642637 -3.1008857 ]
 [ 0.7485932   0.85362374]
 [ 0.2239631  -2.43475612]
 [ 1.1801679  -1.55242804]
 [ 1.28520275  0.52151676]]
[[ 0.62450928 -0.87267147]
 [ 0.77397407  2.58546083]
 [ 0.28278657  1.64949986]
 [ 0.29668052 -3.10092298]
 [ 0.74835023  0.85369909]
 [ 0.22376645 -2.4349202 ]
 [ 1.18023897 -1.55314981]
 [ 1.2849187   0.52168923]]
[[ 0.62461913 -0.87273752]
 [ 0.77410257  2.585358  ]
 [ 0.28269916  1.6495955 ]
 [ 0.2968076  -3.1009416 ]
 [ 0.74822876  0.8537368 ]
 [ 0.22366812 -2.43500223]
 [ 1.18027441 -1.55351082]
 [ 1.28477669  0.52177542]]
[[ 0.62472896 -0.8728036 ]
 [ 0.77423108  2.58525512]
 [ 0.28261174  1.64969112]
 [ 0.2969347  -3.10096023]
 [ 0.74810729  0.85377451]
 [ 0.2235698  -2.43508426]
 [ 1.18030979 -1.55387191]
 [ 1.28463468  0.52186159]]
[[ 0.6248388  -0.87286971]
 [ 0.77435957  2.58515221]
 [ 0.28252433  1.64978675]
 [ 0.29706179 -3.10097885]
 [ 0.74798582  0.85381224]
 [ 0.22347149 -2.43516628]
 [ 1.18034512 -1.55423309]
 [ 1.28449267  0.52194775]]
[[ 0.62494862 -0.87293586]
 [ 0.77448807  2.58504927]
 [ 0.28243692  1.64988237]
 [ 0.2971889  -3.10099747]
 [ 0.74786436  0.85384998]
 [ 0.22337318 -2.4352483 ]
 [ 1.18038038 -1.55459434]
 [ 1.28435067  0.52203387]]
[[ 0.62505844 -0.87300204]
 [ 0.77461656  2.58494631]
 [ 0.28234951  1.64997799]
 [ 0.29731601 -3.10101607]
 [ 0.74774292  0.85388773]
 [ 0.22327486 -2.4353303 ]
 [ 1.18041558 -1.55495568]
 [ 1.28420868  0.52211996]]
[[ 0.62516825 -0.87306826]
 [ 0.77474504  2.5848433 ]
 [ 0.2822621   1.6500736 ]
 [ 0.29744312 -3.10103468]
 [ 0.74762147  0.8539255 ]
 [ 0.22317655 -2.43541231]
 [ 1.18045072 -1.55531711]
 [ 1.2840667   0.52220606]]
[[ 0.62527806 -0.87313451]
 [ 0.77487351  2.58474026]
 [ 0.28217468  1.65016921]
 [ 0.29757024 -3.10105328]
 [ 0.74750003  0.85396329]
 [ 0.22307825 -2.43549432]
 [ 1.18048581 -1.55567863]
 [ 1.28392472  0.52229214]]
[[ 0.62549767 -0.87326711]
 [ 0.77513044  2.58453407]
 [ 0.28199986  1.65036041]
 [ 0.2978245  -3.10109048]
 [ 0.74725717  0.8540389 ]
 [ 0.22288166 -2.43565832]
 [ 1.1805558  -1.55640191]
 [ 1.28364078  0.52246423]]
[[ 0.62560748 -0.87333347]
 [ 0.77525888  2.58443092]
 [ 0.28191244  1.65045601]
 [ 0.29795163 -3.10110908]
 [ 0.74713575  0.85407675]
 [ 0.22278336 -2.43574033]
 [ 1.18059072 -1.55676373]
 [ 1.28349883  0.52255029]]
[[ 0.62571729 -0.87339988]
 [ 0.7753873   2.58432774]
 [ 0.28182501  1.65055161]
 [ 0.29807875 -3.10112769]
 [ 0.74701435  0.85411462]
 [ 0.22268505 -2.43582234]
 [ 1.18062558 -1.55712567]
 [ 1.28335689  0.52263638]]
[[ 0.62582709 -0.87346631]
 [ 0.77551573  2.58422452]
 [ 0.28173759  1.6506472 ]
 [ 0.29820588 -3.10114628]
 [ 0.74689294  0.85415249]
 [ 0.22258676 -2.43590433]
 [ 1.18066038 -1.55748766]
 [ 1.28321496  0.52272241]]
[[ 0.62593688 -0.87353277]
 [ 0.77564416  2.58412128]
 [ 0.28165017  1.65074278]
 [ 0.29833303 -3.10116487]
 [ 0.74677154  0.85419037]
 [ 0.22248847 -2.43598632]
 [ 1.18069511 -1.55784971]
 [ 1.28307302  0.52280839]]
[[ 0.62604667 -0.87359928]
 [ 0.77577257  2.58401799]
 [ 0.28156275  1.65083836]
 [ 0.29846017 -3.10118346]
 [ 0.74665015  0.85422828]
 [ 0.22239018 -2.43606832]
 [ 1.18072979 -1.55821189]
 [ 1.2829311   0.52289441]]
[[ 0.62615645 -0.87366581]
 [ 0.77590098  2.58391468]
 [ 0.28147532  1.65093394]
 [ 0.29858733 -3.10120204]
 [ 0.74652876  0.8542662 ]
 [ 0.2222919  -2.4361503 ]
 [ 1.18076441 -1.55857414]
 [ 1.28278918  0.52298038]]
[[ 0.62626623 -0.87373239]
 [ 0.77602938  2.58381133]
 [ 0.2813879   1.65102952]
 [ 0.29871448 -3.10122062]
 [ 0.74640739  0.85430413]
 [ 0.22219361 -2.43623229]
 [ 1.18079897 -1.55893649]
 [ 1.28264728  0.52306635]]
[[ 0.62637601 -0.87379899]
 [ 0.77615777  2.58370794]
 [ 0.28130048  1.65112509]
 [ 0.29884164 -3.1012392 ]
 [ 0.74628601  0.85434208]
 [ 0.22209533 -2.43631427]
 [ 1.18083348 -1.55929891]
 [ 1.28250537  0.5231523 ]]
[[ 0.62648577 -0.87386562]
 [ 0.77628617  2.58360453]
 [ 0.28121306  1.65122066]
 [ 0.29896882 -3.10125776]
 [ 0.74616465  0.85438004]
 [ 0.22199706 -2.43639624]
 [ 1.18086791 -1.55966139]
 [ 1.28236347  0.5232382 ]]
[[ 0.62659552 -0.8739323 ]
 [ 0.77641456  2.58350109]
 [ 0.28112564  1.65131623]
 [ 0.29909599 -3.10127632]
 [ 0.74604329  0.85441802]
 [ 0.22189878 -2.4364782 ]
 [ 1.18090228 -1.56002398]
 [ 1.28222158  0.52332409]]
[[ 0.62670527 -0.873999  ]
 [ 0.77654294  2.58339761]
 [ 0.28103822  1.65141179]
 [ 0.29922318 -3.10129488]
 [ 0.74592194  0.85445601]
 [ 0.22180051 -2.43656017]
 [ 1.1809366  -1.56038664]
 [ 1.28207969  0.52340996]]
[[ 0.62681502 -0.87406574]
 [ 0.77667132  2.5832941 ]
 [ 0.28095081  1.65150735]
 [ 0.29935037 -3.10131343]
 [ 0.74580059  0.85449401]
 [ 0.22170224 -2.43664212]
 [ 1.18097086 -1.56074939]
 [ 1.28193781  0.5234958 ]]
[[ 0.62703449 -0.87419931]
 [ 0.77692806  2.58308696]
 [ 0.28077596  1.65169845]
 [ 0.29960477 -3.10135053]
 [ 0.74555791  0.85457006]
 [ 0.22150572 -2.43680603]
 [ 1.18103919 -1.56147511]
 [ 1.28165406  0.52366744]]
[[ 0.62714421 -0.87426615]
 [ 0.77705642  2.58298335]
 [ 0.28068855  1.651794  ]
 [ 0.29973198 -3.10136907]
 [ 0.74543658  0.8546081 ]
 [ 0.22140746 -2.43688797]
 [ 1.18107327 -1.5618381 ]
 [ 1.2815122   0.52375322]]
[[ 0.62758301 -0.87453381]
 [ 0.77756986  2.58256856]
 [ 0.2803389   1.65217614]
 [ 0.30024091 -3.10144317]
 [ 0.74495131  0.8547604 ]
 [ 0.22101447 -2.43721567]
 [ 1.18120895 -1.56329075]
 [ 1.28094478  0.52409604]]
[[ 0.62769268 -0.8746008 ]
 [ 0.77769823  2.58246478]
 [ 0.28025149  1.65227167]
 [ 0.30036817 -3.10146167]
 [ 0.74483     0.85479849]
 [ 0.22091624 -2.43729758]
 [ 1.18124271 -1.56365408]
 [ 1.28080294  0.52418165]]
[[ 0.62780233 -0.87466781]
 [ 0.77782659  2.58236098]
 [ 0.2801641   1.65236719]
 [ 0.30049544 -3.10148016]
 [ 0.74470871  0.8548366 ]
 [ 0.22081801 -2.43737947]
 [ 1.1812764  -1.56401747]
 [ 1.28066109  0.52426721]]
[[ 0.62791198 -0.87473486]
 [ 0.77795496  2.58225714]
 [ 0.2800767   1.65246271]
 [ 0.30062272 -3.10149865]
 [ 0.74458741  0.85487472]
 [ 0.22071979 -2.43746135]
 [ 1.18131004 -1.56438092]
 [ 1.28051925  0.52435275]]
[[ 0.62802162 -0.87480195]
 [ 0.77808331  2.58215327]
 [ 0.2799893   1.65255823]
 [ 0.30075001 -3.10151714]
 [ 0.74446612  0.85491285]
 [ 0.22062156 -2.43754323]
 [ 1.18134361 -1.56474447]
 [ 1.28037742  0.52443826]]
[[ 0.62813126 -0.87486907]
 [ 0.77821166  2.58204936]
 [ 0.2799019   1.65265374]
 [ 0.3008773  -3.10153562]
 [ 0.74434484  0.854951  ]
 [ 0.22052335 -2.43762511]
 [ 1.18137713 -1.5651081 ]
 [ 1.28023559  0.52452378]]
[[ 0.62824089 -0.87493622]
 [ 0.77834     2.58194542]
 [ 0.27981451  1.65274925]
 [ 0.30100459 -3.10155409]
 [ 0.74422357  0.85498916]
 [ 0.22042513 -2.43770698]
 [ 1.18141058 -1.56547181]
 [ 1.28009377  0.52460925]]
[[ 0.62846013 -0.87507063]
 [ 0.77859668  2.58173743]
 [ 0.27963971  1.65294025]
 [ 0.30125921 -3.10159103]
 [ 0.74398103  0.85506553]
 [ 0.22022871 -2.43787072]
 [ 1.18147731 -1.56619947]
 [ 1.27981014  0.52478017]]
[[ 0.62856975 -0.87513788]
 [ 0.778725    2.58163339]
 [ 0.27955231  1.65303574]
 [ 0.30138653 -3.1016095 ]
 [ 0.74385977  0.85510373]
 [ 0.22013051 -2.43795258]
 [ 1.18151058 -1.56656343]
 [ 1.27966834  0.5248656 ]]
[[ 0.62867935 -0.87520517]
 [ 0.77885333  2.58152931]
 [ 0.27946492  1.65313123]
 [ 0.30151385 -3.10162796]
 [ 0.74373852  0.85514195]
 [ 0.22003231 -2.43803444]
 [ 1.1815438  -1.56692745]
 [ 1.27952654  0.524951  ]]
[[ 0.62900816 -0.87540724]
 [ 0.77923824  2.58121683]
 [ 0.2792027   1.65341767]
 [ 0.30189585 -3.10168335]
 [ 0.74337479  0.8552567 ]
 [ 0.21973773 -2.43828001]
 [ 1.18164311 -1.56802008]
 [ 1.27910117  0.52520719]]
[[ 0.62911776 -0.87547467]
 [ 0.77936653  2.58111259]
 [ 0.27911529  1.65351314]
 [ 0.30202319 -3.10170181]
 [ 0.74325355  0.85529498]
 [ 0.21963955 -2.43836187]
 [ 1.18167609 -1.56838446]
 [ 1.2789594   0.52529257]]
[[ 0.62933692 -0.87560962]
 [ 0.7796231   2.58090403]
 [ 0.27894048  1.65370406]
 [ 0.30227791 -3.1017387 ]
 [ 0.7430111   0.85537157]
 [ 0.21944319 -2.43852556]
 [ 1.18174188 -1.56911343]
 [ 1.27867586  0.52546322]]
[[ 0.62955608 -0.87574473]
 [ 0.77987962  2.58069531]
 [ 0.27876566  1.65389497]
 [ 0.30253262 -3.1017756 ]
 [ 0.74276868  0.85544825]
 [ 0.21924684 -2.43868925]
 [ 1.18180744 -1.5698428 ]
 [ 1.27839236  0.52563389]]
[[ 0.62966564 -0.87581233]
 [ 0.78000788  2.58059092]
 [ 0.27867825  1.65399043]
 [ 0.30266    -3.10179404]
 [ 0.74264748  0.8554866 ]
 [ 0.21914867 -2.43877108]
 [ 1.18184012 -1.57020758]
 [ 1.27825061  0.52571916]]
[[ 0.62977518 -0.87587996]
 [ 0.78013616  2.58048651]
 [ 0.27859087  1.65408589]
 [ 0.30278738 -3.10181244]
 [ 0.74252629  0.85552496]
 [ 0.2190505  -2.43885288]
 [ 1.18187272 -1.5705724 ]
 [ 1.27810888  0.52580435]]
[[ 0.6299943  -0.87601533]
 [ 0.78039263  2.58027749]
 [ 0.27841602  1.65427675]
 [ 0.30304216 -3.10184933]
 [ 0.7422839   0.85560174]
 [ 0.21885419 -2.43901656]
 [ 1.18193782 -1.57130241]
 [ 1.27782541  0.5259749 ]]
[[ 0.63010385 -0.87608307]
 [ 0.78052085  2.58017293]
 [ 0.27832861  1.65437218]
 [ 0.30316955 -3.10186777]
 [ 0.74216271  0.85564015]
 [ 0.21875604 -2.43909839]
 [ 1.18197027 -1.57166753]
 [ 1.27768369  0.52606014]]
[[ 0.63021339 -0.87615085]
 [ 0.78064908  2.58006834]
 [ 0.27824119  1.6544676 ]
 [ 0.30329695 -3.1018862 ]
 [ 0.74204154  0.85567858]
 [ 0.21865789 -2.43918021]
 [ 1.18200266 -1.57203273]
 [ 1.27754197  0.52614536]]
[[ 0.63054197 -0.87635436]
 [ 0.78103373  2.57975437]
 [ 0.27797895  1.65475385]
 [ 0.3036792  -3.10194145]
 [ 0.74167804  0.85579393]
 [ 0.21836346 -2.43942564]
 [ 1.18209947 -1.57312876]
 [ 1.27711685  0.52640085]]
[[ 0.63065147 -0.87642226]
 [ 0.78116195  2.57964966]
 [ 0.27789155  1.65484927]
 [ 0.30380664 -3.10195984]
 [ 0.74155689  0.8558324 ]
 [ 0.21826533 -2.43950742]
 [ 1.1821316  -1.57349422]
 [ 1.27697515  0.52648591]]
[[ 0.63076094 -0.87649018]
 [ 0.78129018  2.57954493]
 [ 0.27780416  1.65494469]
 [ 0.3039341  -3.10197821]
 [ 0.74143575  0.85587087]
 [ 0.2181672  -2.43958919]
 [ 1.18216366 -1.57385972]
 [ 1.27683346  0.52657092]]
[[ 0.63119885 -0.87676225]
 [ 0.78180299  2.57912561]
 [ 0.27745456  1.65532629]
 [ 0.30444393 -3.10205173]
 [ 0.74095123  0.85602496]
 [ 0.2177747  -2.43991628]
 [ 1.18229134 -1.5753227 ]
 [ 1.27626676  0.52691097]]
[[ 0.63130832 -0.87683036]
 [ 0.78193116  2.57902068]
 [ 0.27736715  1.65542168]
 [ 0.3045714  -3.10207011]
 [ 0.74083011  0.85606352]
 [ 0.21767658 -2.43999806]
 [ 1.18232312 -1.57568867]
 [ 1.2761251   0.52699598]]
[[ 0.63141779 -0.8768985 ]
 [ 0.78205933  2.5789157 ]
 [ 0.27727973  1.65551705]
 [ 0.30469888 -3.1020885 ]
 [ 0.74070899  0.85610209]
 [ 0.21757848 -2.44007984]
 [ 1.18235485 -1.5760547 ]
 [ 1.27598343  0.52708098]]
[[ 0.63152726 -0.87696668]
 [ 0.78218749  2.57881067]
 [ 0.27719231  1.65561242]
 [ 0.30482636 -3.10210689]
 [ 0.74058787  0.85614068]
 [ 0.21748039 -2.44016162]
 [ 1.18238653 -1.57642083]
 [ 1.27584177  0.52716599]]
[[ 0.63163672 -0.87703489]
 [ 0.78231564  2.57870563]
 [ 0.2771049   1.65570779]
 [ 0.30495385 -3.10212527]
 [ 0.74046676  0.85617928]
 [ 0.21738229 -2.44024338]
 [ 1.18241813 -1.57678702]
 [ 1.27570013  0.52725094]]
[[ 0.63174617 -0.87710313]
 [ 0.7824438   2.57860054]
 [ 0.27701748  1.65580315]
 [ 0.30508135 -3.10214364]
 [ 0.74034566  0.85621789]
 [ 0.21728419 -2.44032515]
 [ 1.18244967 -1.57715329]
 [ 1.27555848  0.52733588]]
[[ 0.63185562 -0.87717141]
 [ 0.78257194  2.57849542]
 [ 0.27693006  1.65589851]
 [ 0.30520885 -3.10216202]
 [ 0.74022456  0.85625652]
 [ 0.2171861  -2.44040691]
 [ 1.18248116 -1.57751965]
 [ 1.27541684  0.52742082]]
[[ 0.63196505 -0.87723972]
 [ 0.78270008  2.57839027]
 [ 0.27684265  1.65599387]
 [ 0.30533636 -3.10218037]
 [ 0.74010347  0.85629517]
 [ 0.21708801 -2.44048866]
 [ 1.18251258 -1.57788607]
 [ 1.27527521  0.52750571]]
[[ 0.63207449 -0.87730806]
 [ 0.78282821  2.57828507]
 [ 0.27675523  1.65608922]
 [ 0.30546388 -3.10219874]
 [ 0.73998239  0.85633382]
 [ 0.21698993 -2.44057042]
 [ 1.18254395 -1.57825258]
 [ 1.27513359  0.52759062]]
[[ 0.63218391 -0.87737644]
 [ 0.78295634  2.57817985]
 [ 0.27666781  1.65618457]
 [ 0.3055914  -3.1022171 ]
 [ 0.7398613   0.85637249]
 [ 0.21689185 -2.44065217]
 [ 1.18257525 -1.57861916]
 [ 1.27499196  0.52767549]]
[[ 0.63229333 -0.87744486]
 [ 0.78308446  2.57807458]
 [ 0.27658039  1.65627991]
 [ 0.30571893 -3.10223546]
 [ 0.73974023  0.85641118]
 [ 0.21679378 -2.44073392]
 [ 1.1826065  -1.57898582]
 [ 1.27485034  0.52776035]]
[[ 0.63251215 -0.87758178]
 [ 0.78334069  2.57786396]
 [ 0.27640556  1.65647058]
 [ 0.30597401 -3.10227216]
 [ 0.7394981   0.85648858]
 [ 0.21659764 -2.44089739]
 [ 1.1826688  -1.57971935]
 [ 1.27456713  0.52792999]]
[[ 0.63262154 -0.8776503 ]
 [ 0.7834688   2.5777586 ]
 [ 0.27631815  1.65656591]
 [ 0.30610156 -3.10229049]
 [ 0.73937704  0.85652731]
 [ 0.21649957 -2.44097911]
 [ 1.18269986 -1.58008623]
 [ 1.27442554  0.52801478]]
[[ 0.63273094 -0.87771885]
 [ 0.7835969   2.5776532 ]
 [ 0.27623073  1.65666124]
 [ 0.30622911 -3.10230883]
 [ 0.73925599  0.85656605]
 [ 0.21640151 -2.44106084]
 [ 1.18273085 -1.58045319]
 [ 1.27428394  0.52809955]]
[[ 0.63284032 -0.87778742]
 [ 0.78372501  2.57754776]
 [ 0.27614332  1.65675656]
 [ 0.30635668 -3.10232716]
 [ 0.73913494  0.85660479]
 [ 0.21630346 -2.44114256]
 [ 1.18276179 -1.58082021]
 [ 1.27414235  0.52818429]]
[[ 0.6329497  -0.87785604]
 [ 0.7838531   2.57744229]
 [ 0.2760559   1.65685188]
 [ 0.30648425 -3.1023455 ]
 [ 0.7390139   0.85664356]
 [ 0.21620541 -2.44122428]
 [ 1.18279267 -1.58118731]
 [ 1.27400077  0.52826903]]
[[ 0.63305907 -0.87792469]
 [ 0.78398118  2.57733678]
 [ 0.27596848  1.65694719]
 [ 0.30661183 -3.10236382]
 [ 0.73889287  0.85668234]
 [ 0.21610736 -2.44130599]
 [ 1.18282348 -1.5815545 ]
 [ 1.27385919  0.52835375]]
[[ 0.63316843 -0.87799337]
 [ 0.78410927  2.57723125]
 [ 0.27588107  1.6570425 ]
 [ 0.30673941 -3.10238214]
 [ 0.73877184  0.85672113]
 [ 0.21600931 -2.4413877 ]
 [ 1.18285423 -1.58192175]
 [ 1.27371762  0.52843844]]
[[ 0.63327779 -0.87806209]
 [ 0.78423734  2.57712567]
 [ 0.27579366  1.65713781]
 [ 0.306867   -3.10240046]
 [ 0.73865082  0.85675993]
 [ 0.21591127 -2.4414694 ]
 [ 1.18288493 -1.58228908]
 [ 1.27357605  0.52852312]]
[[ 0.63349648 -0.87819963]
 [ 0.78449347  2.57691442]
 [ 0.27561883  1.65732841]
 [ 0.30712219 -3.10243708]
 [ 0.73840879  0.85683759]
 [ 0.21571519 -2.4416328 ]
 [ 1.18294613 -1.58302398]
 [ 1.27329294  0.52869242]]
[[ 0.63360582 -0.87826845]
 [ 0.78462154  2.57680874]
 [ 0.27553141  1.65742371]
 [ 0.3072498  -3.10245538]
 [ 0.73828778  0.85687643]
 [ 0.21561716 -2.44171449]
 [ 1.18297663 -1.58339153]
 [ 1.27315139  0.52877704]]
[[ 0.63371515 -0.8783373 ]
 [ 0.78474959  2.57670302]
 [ 0.275444    1.657519  ]
 [ 0.30737742 -3.10247368]
 [ 0.73816678  0.85691529]
 [ 0.21551913 -2.44179618]
 [ 1.18300708 -1.58375917]
 [ 1.27300985  0.52886164]]
[[ 0.63382448 -0.87840619]
 [ 0.78487764  2.57659727]
 [ 0.27535658  1.65761428]
 [ 0.30750504 -3.10249198]
 [ 0.73804579  0.85695416]
 [ 0.21542111 -2.44187786]
 [ 1.18303747 -1.58412688]
 [ 1.27286831  0.52894623]]
[[ 0.6339338  -0.87847511]
 [ 0.78500568  2.57649149]
 [ 0.27526917  1.65770957]
 [ 0.30763267 -3.10251027]
 [ 0.7379248   0.85699305]
 [ 0.21532308 -2.44195954]
 [ 1.18306779 -1.58449466]
 [ 1.27272678  0.5290308 ]]
[[ 0.63404311 -0.87854407]
 [ 0.78513372  2.57638567]
 [ 0.27518176  1.65780485]
 [ 0.3077603  -3.10252855]
 [ 0.73780383  0.85703195]
 [ 0.21522507 -2.44204121]
 [ 1.18309805 -1.58486252]
 [ 1.27258526  0.52911534]]
[[ 0.63415241 -0.87861306]
 [ 0.78526175  2.57627982]
 [ 0.27509435  1.65790012]
 [ 0.30788794 -3.10254683]
 [ 0.73768285  0.85707087]
 [ 0.21512705 -2.44212288]
 [ 1.18312825 -1.58523044]
 [ 1.27244374  0.52919986]]
[[ 0.6342617  -0.87868208]
 [ 0.78538978  2.57617393]
 [ 0.27500694  1.65799539]
 [ 0.30801559 -3.10256511]
 [ 0.73756188  0.8571098 ]
 [ 0.21502904 -2.44220455]
 [ 1.1831584  -1.58559845]
 [ 1.27230222  0.52928437]]
[[ 0.63437099 -0.87875114]
 [ 0.7855178   2.57606801]
 [ 0.27491953  1.65809066]
 [ 0.30814324 -3.10258339]
 [ 0.73744092  0.85714874]
 [ 0.21493103 -2.44228621]
 [ 1.18318847 -1.58596653]
 [ 1.27216072  0.52936886]]
[[ 0.63448028 -0.87882023]
 [ 0.78564581  2.57596205]
 [ 0.27483212  1.65818592]
 [ 0.30827091 -3.10260166]
 [ 0.73731996  0.85718769]
 [ 0.21483303 -2.44236786]
 [ 1.18321849 -1.58633467]
 [ 1.27201921  0.52945333]]
[[ 0.63458956 -0.87888936]
 [ 0.78577382  2.57585605]
 [ 0.2747447   1.65828118]
 [ 0.30839857 -3.10261993]
 [ 0.737199    0.85722666]
 [ 0.21473503 -2.44244952]
 [ 1.18324845 -1.58670292]
 [ 1.27187772  0.52953781]]
[[ 0.63469883 -0.87895852]
 [ 0.78590182  2.57575002]
 [ 0.27465729  1.65837643]
 [ 0.30852624 -3.10263819]
 [ 0.73707806  0.85726565]
 [ 0.21463704 -2.44253117]
 [ 1.18327835 -1.58707121]
 [ 1.27173623  0.52962224]]
[[ 0.63491736 -0.87909694]
 [ 0.78615781  2.57553784]
 [ 0.27448246  1.65856693]
 [ 0.30878161 -3.10267471]
 [ 0.73683618  0.85734365]
 [ 0.21444106 -2.44269446]
 [ 1.18333796 -1.58780804]
 [ 1.27145326  0.52979107]]
