[[ 0.53053903 -2.13820928]
 [ 1.14717727  0.85575737]
 [ 0.89771183 -0.93127369]
 [ 0.55684496  1.33493559]
 [ 1.39351229 -2.65349885]]
[[ 0.52969295 -2.13926302]
 [ 1.14598123  0.85511172]
 [ 0.89877071 -0.9319391 ]
 [ 0.55603149  1.33590342]
 [ 1.39489591 -2.65242973]]
[[ 0.52884622 -2.14031525]
 [ 1.14478506  0.85447319]
 [ 0.89982924 -0.93260872]
 [ 0.55521814  1.33687092]
 [ 1.39627933 -2.65135018]]
[[ 0.5287521  -2.14043207]
 [ 1.14465214  0.85440267]
 [ 0.89994683 -0.93268338]
 [ 0.55512777  1.3369784 ]
 [ 1.39643303 -2.65122955]]
