[[ 0.60596774 -0.86203794]
 [ 0.75232445  2.60227177]
 [ 0.76883674  0.84756536]
 [ 1.17345484 -1.49374934]
 [ 1.30885134  0.50685727]]
[[ 0.60630024 -0.86221982]
 [ 0.75271207  2.60197941]
 [ 0.76846948  0.84767126]
 [ 1.17359016 -1.49478686]
 [ 1.30842262  0.50712878]]
[[ 0.60641107 -0.86228052]
 [ 0.75284127  2.60188191]
 [ 0.76834708  0.8477066 ]
 [ 1.17363515 -1.49513291]
 [ 1.30827973  0.50721923]]
[[ 0.60652189 -0.86234124]
 [ 0.75297047  2.60178438]
 [ 0.76822469  0.84774195]
 [ 1.17368008 -1.49547905]
 [ 1.30813685  0.50730963]]
[[ 0.6066327  -0.862402  ]
 [ 0.75309966  2.60168683]
 [ 0.76810232  0.84777733]
 [ 1.17372495 -1.49582531]
 [ 1.30799398  0.5074    ]]
[[ 0.60674351 -0.86246279]
 [ 0.75322885  2.60158924]
 [ 0.76797994  0.84781271]
 [ 1.17376977 -1.49617165]
 [ 1.30785111  0.50749035]]
[[ 0.60685432 -0.86252362]
 [ 0.75335803  2.60149162]
 [ 0.76785757  0.84784811]
 [ 1.17381453 -1.4965181 ]
 [ 1.30770825  0.50758068]]
[[ 0.6071867  -0.86270628]
 [ 0.75374555  2.60119855]
 [ 0.76749047  0.84795439]
 [ 1.17394849 -1.49755802]
 [ 1.30727968  0.50785149]]
[[ 0.60729749 -0.86276723]
 [ 0.75387472  2.60110077]
 [ 0.7673681   0.84798984]
 [ 1.17399305 -1.49790484]
 [ 1.30713682  0.50794172]]
[[ 0.60740828 -0.8628282 ]
 [ 0.75400389  2.60100294]
 [ 0.76724572  0.8480253 ]
 [ 1.17403756 -1.49825174]
 [ 1.30699396  0.50803194]]
[[ 0.60751905 -0.86288921]
 [ 0.75413305  2.60090508]
 [ 0.76712335  0.84806078]
 [ 1.17408201 -1.49859874]
 [ 1.30685109  0.50812212]]
[[ 0.60762983 -0.86295024]
 [ 0.75426221  2.60080717]
 [ 0.76700099  0.84809626]
 [ 1.17412641 -1.49894582]
 [ 1.30670823  0.50821228]]
[[ 0.6077406  -0.86301131]
 [ 0.75439137  2.60070925]
 [ 0.76687863  0.84813176]
 [ 1.17417075 -1.499293  ]
 [ 1.30656538  0.5083024 ]]
[[ 0.60785136 -0.86307241]
 [ 0.75452052  2.60061129]
 [ 0.76675627  0.84816728]
 [ 1.17421503 -1.49964028]
 [ 1.30642253  0.50839249]]
[[ 0.60796212 -0.86313354]
 [ 0.75464967  2.60051331]
 [ 0.76663393  0.84820281]
 [ 1.17425926 -1.49998767]
 [ 1.30627969  0.50848256]]
[[ 0.60818362 -0.86325591]
 [ 0.75490795  2.60031724]
 [ 0.76638924  0.84827392]
 [ 1.17434754 -1.50068273]
 [ 1.30599402  0.50866261]]
[[ 0.60829435 -0.86331713]
 [ 0.75503709  2.60021917]
 [ 0.76626692  0.8483095 ]
 [ 1.1743916  -1.5010304 ]
 [ 1.3058512   0.50875258]]
[[ 0.60840508 -0.8633784 ]
 [ 0.75516622  2.6001211 ]
 [ 0.76614461  0.8483451 ]
 [ 1.17443558 -1.50137819]
 [ 1.3057084   0.5088425 ]]
[[ 0.60862653 -0.86350122]
 [ 0.75542429  2.59992544]
 [ 0.76590039  0.84841661]
 [ 1.17452314 -1.50207481]
 [ 1.30542324  0.50902224]]
[[ 0.60873732 -0.86356275]
 [ 0.75555324  2.59982765]
 [ 0.76577839  0.84845249]
 [ 1.17456683 -1.50242357]
 [ 1.30528079  0.50911225]]
[[ 0.60884814 -0.86362432]
 [ 0.75568216  2.59972977]
 [ 0.76565637  0.84848839]
 [ 1.17461051 -1.50277245]
 [ 1.30513834  0.50920235]]
[[ 0.60895894 -0.8636859 ]
 [ 0.7558111   2.59963184]
 [ 0.76553433  0.84852427]
 [ 1.17465413 -1.50312135]
 [ 1.30499585  0.50929237]]
[[ 0.60940166 -0.86393206]
 [ 0.75632747  2.59923924]
 [ 0.76504571  0.84866732]
 [ 1.17482808 -1.50451595]
 [ 1.30442523  0.50965089]]
[[ 0.60962302 -0.86405528]
 [ 0.75658563  2.59904243]
 [ 0.76480122  0.84873884]
 [ 1.17491487 -1.50521359]
 [ 1.30413975  0.50983019]]
[[ 0.60973368 -0.86411693]
 [ 0.75671471  2.59894398]
 [ 0.76467898  0.84877462]
 [ 1.17495818 -1.50556254]
 [ 1.30399701  0.50991979]]
[[ 0.60984435 -0.86417863]
 [ 0.75684378  2.59884549]
 [ 0.76455675  0.84881042]
 [ 1.17500144 -1.50591162]
 [ 1.30385429  0.51000938]]
[[ 0.61006568 -0.8643021 ]
 [ 0.7571019   2.59864841]
 [ 0.7643123   0.84888207]
 [ 1.17508779 -1.50661005]
 [ 1.30356885  0.51018851]]
[[ 0.61017632 -0.86436388]
 [ 0.75723097  2.59854983]
 [ 0.76419008  0.8489179 ]
 [ 1.17513087 -1.50695937]
 [ 1.30342613  0.510278  ]]
[[ 0.61028694 -0.86442568]
 [ 0.75736005  2.59845121]
 [ 0.76406786  0.84895374]
 [ 1.17517388 -1.50730874]
 [ 1.30328341  0.51036739]]
[[ 0.61039756 -0.86448751]
 [ 0.75748913  2.59835257]
 [ 0.76394565  0.84898959]
 [ 1.17521684 -1.50765821]
 [ 1.30314069  0.51045677]]
[[ 0.61061877 -0.86461127]
 [ 0.75774727  2.59815518]
 [ 0.76370124  0.84906133]
 [ 1.17530259 -1.50835743]
 [ 1.30285526  0.51063544]]
[[ 0.61072937 -0.8646732 ]
 [ 0.75787633  2.59805644]
 [ 0.76357904  0.84909723]
 [ 1.17534539 -1.50870718]
 [ 1.30271255  0.51072474]]
[[ 0.61083996 -0.86473516]
 [ 0.75800539  2.59795766]
 [ 0.76345685  0.84913313]
 [ 1.17538812 -1.50905703]
 [ 1.30256985  0.510814  ]]
[[ 0.61095055 -0.86479715]
 [ 0.75813445  2.59785886]
 [ 0.76333466  0.84916905]
 [ 1.17543079 -1.50940696]
 [ 1.30242716  0.51090323]]
[[ 0.61106113 -0.86485918]
 [ 0.7582635   2.59776003]
 [ 0.76321248  0.84920499]
 [ 1.17547341 -1.50975701]
 [ 1.30228447  0.51099245]]
[[ 0.61117173 -0.86492123]
 [ 0.75839257  2.59766112]
 [ 0.76309029  0.84924093]
 [ 1.175516   -1.51010711]
 [ 1.30214177  0.51108166]]
[[ 0.61128229 -0.86498331]
 [ 0.75852162  2.59756222]
 [ 0.76296813  0.8492769 ]
 [ 1.17555851 -1.51045733]
 [ 1.30199909  0.5111708 ]]
[[ 0.61139286 -0.86504544]
 [ 0.75865065  2.59746329]
 [ 0.76284596  0.84931288]
 [ 1.17560096 -1.51080766]
 [ 1.30185642  0.51125994]]
[[ 0.61172453 -0.865232  ]
 [ 0.75903774  2.59716632]
 [ 0.76247952  0.84942093]
 [ 1.17572796 -1.51185923]
 [ 1.30142845  0.51152719]]
[[ 0.61183509 -0.86529427]
 [ 0.75916674  2.59706726]
 [ 0.76235739  0.84945699]
 [ 1.17577019 -1.51221001]
 [ 1.30128582  0.51161628]]
[[ 0.61216675 -0.86548126]
 [ 0.75955371  2.5967699 ]
 [ 0.76199103  0.84956526]
 [ 1.17589654 -1.51326286]
 [ 1.30085795  0.51188339]]
[[ 0.61238779 -0.86560607]
 [ 0.75981171  2.59657151]
 [ 0.76174681  0.84963749]
 [ 1.17598046 -1.51396515]
 [ 1.30057271  0.51206122]]
[[ 0.61260883 -0.86573102]
 [ 0.76006966  2.596373  ]
 [ 0.76150263  0.8497098 ]
 [ 1.17606417 -1.51466789]
 [ 1.30028752  0.51223902]]
[[ 0.61282986 -0.8658561 ]
 [ 0.76032759  2.59617434]
 [ 0.76125846  0.84978216]
 [ 1.17614766 -1.51537101]
 [ 1.30000234  0.51241674]]
[[ 0.61294037 -0.86591869]
 [ 0.76045655  2.59607497]
 [ 0.76113639  0.84981837]
 [ 1.17618931 -1.51572271]
 [ 1.29985977  0.51250555]]
[[ 0.61305088 -0.86598132]
 [ 0.76058549  2.59597556]
 [ 0.76101432  0.8498546 ]
 [ 1.17623092 -1.51607454]
 [ 1.2997172   0.51259438]]
[[ 0.61316138 -0.86604398]
 [ 0.76071444  2.59587612]
 [ 0.76089226  0.84989084]
 [ 1.17627247 -1.51642645]
 [ 1.29957464  0.51268317]]
[[ 0.61338235 -0.86616939]
 [ 0.76097232  2.59567715]
 [ 0.76064815  0.84996336]
 [ 1.17635538 -1.51713052]
 [ 1.29928952  0.51286065]]
[[ 0.61349284 -0.86623214]
 [ 0.76110125  2.59557762]
 [ 0.76052611  0.84999965]
 [ 1.17639675 -1.5174827 ]
 [ 1.29914697  0.51294935]]
[[ 0.61360331 -0.86629493]
 [ 0.76123018  2.59547806]
 [ 0.76040408  0.85003594]
 [ 1.17643806 -1.51783498]
 [ 1.29900443  0.51303802]]
[[ 0.61371378 -0.86635775]
 [ 0.7613591   2.59537846]
 [ 0.76028204  0.85007226]
 [ 1.17647932 -1.51818735]
 [ 1.29886189  0.51312668]]
[[ 0.61382424 -0.8664206 ]
 [ 0.76148802  2.59527883]
 [ 0.76016001  0.85010858]
 [ 1.17652052 -1.51853979]
 [ 1.29871936  0.51321528]]
[[ 0.61426602 -0.86667232]
 [ 0.76200368  2.59487999]
 [ 0.75967196  0.85025402]
 [ 1.17668474 -1.51995052]
 [ 1.29814927  0.51356947]]
[[ 0.61426602 -0.86667232]
 [ 0.76200368  2.59487999]
 [ 0.75967196  0.85025402]
 [ 1.17668474 -1.51995052]
 [ 1.29814927  0.51356947]]
[[ 0.61437645 -0.86673534]
 [ 0.76213257  2.59478022]
 [ 0.75954997  0.85029042]
 [ 1.17672564 -1.52030345]
 [ 1.29800678  0.51365796]]
[[ 0.6145973  -0.86686147]
 [ 0.76239036  2.59458057]
 [ 0.759306    0.85036327]
 [ 1.17680727 -1.52100958]
 [ 1.2977218   0.51383484]]
[[ 0.61470772 -0.86692459]
 [ 0.76251924  2.59448071]
 [ 0.75918404  0.85039973]
 [ 1.17684801 -1.52136281]
 [ 1.29757932  0.51392326]]
[[ 0.61481813 -0.86698773]
 [ 0.76264812  2.59438081]
 [ 0.75906207  0.85043619]
 [ 1.17688868 -1.52171611]
 [ 1.29743685  0.51401164]]
[[ 0.61503893 -0.86711412]
 [ 0.76290588  2.5941809 ]
 [ 0.75881815  0.85050915]
 [ 1.17696985 -1.52242296]
 [ 1.29715191  0.5141883 ]]
[[ 0.61514931 -0.86717736]
 [ 0.76303476  2.5940809 ]
 [ 0.7586962   0.85054564]
 [ 1.17701035 -1.52277651]
 [ 1.29700944  0.51427658]]
[[ 0.61525969 -0.86724063]
 [ 0.76316362  2.59398087]
 [ 0.75857425  0.85058216]
 [ 1.17705079 -1.52313017]
 [ 1.29686699  0.51436486]]
[[ 0.61537007 -0.86730394]
 [ 0.76329249  2.59388079]
 [ 0.7584523   0.85061869]
 [ 1.17709118 -1.52348391]
 [ 1.29672453  0.5144531 ]]
[[ 0.61548044 -0.86736727]
 [ 0.76342135  2.59378069]
 [ 0.75833036  0.85065523]
 [ 1.17713151 -1.52383773]
 [ 1.29658208  0.51454132]]
[[ 0.61559081 -0.86743065]
 [ 0.7635502   2.59368057]
 [ 0.75820844  0.85069179]
 [ 1.17717177 -1.52419167]
 [ 1.29643964  0.51462951]]
[[ 0.61570117 -0.86749405]
 [ 0.76367905  2.5935804 ]
 [ 0.75808651  0.85072836]
 [ 1.17721199 -1.5245457 ]
 [ 1.29629721  0.51471769]]
[[ 0.61581152 -0.86755749]
 [ 0.7638079   2.59348022]
 [ 0.75796461  0.85076495]
 [ 1.17725213 -1.52489981]
 [ 1.29615479  0.51480581]]
[[ 0.61625286 -0.86781155]
 [ 0.76432326  2.59307913]
 [ 0.75747698  0.85091143]
 [ 1.17741215 -1.52631711]
 [ 1.29558511  0.51515807]]
[[ 0.61647347 -0.86793876]
 [ 0.76458094  2.59287837]
 [ 0.75723319  0.85098473]
 [ 1.1774918  -1.52702623]
 [ 1.29530028  0.51533398]]
[[ 0.61658378 -0.86800241]
 [ 0.76470976  2.59277793]
 [ 0.7571113   0.85102141]
 [ 1.17753156 -1.52738094]
 [ 1.29515787  0.51542194]]
[[ 0.61669407 -0.86806609]
 [ 0.7648386   2.59267747]
 [ 0.75698941  0.85105809]
 [ 1.17757124 -1.5277357 ]
 [ 1.29501546  0.51550981]]
[[ 0.61680434 -0.8681298 ]
 [ 0.76496744  2.59257697]
 [ 0.75686753  0.85109478]
 [ 1.17761086 -1.52809054]
 [ 1.29487305  0.51559765]]
[[ 0.61691461 -0.86819354]
 [ 0.76509627  2.59247645]
 [ 0.75674565  0.85113149]
 [ 1.17765042 -1.52844547]
 [ 1.29473065  0.51568547]]
[[ 0.61713515 -0.86832112]
 [ 0.76535391  2.59227528]
 [ 0.75650191  0.85120494]
 [ 1.17772939 -1.52915561]
 [ 1.29444586  0.51586105]]
[[ 0.61724542 -0.86838498]
 [ 0.76548271  2.59217466]
 [ 0.75638006  0.85124171]
 [ 1.17776879 -1.52951087]
 [ 1.29430349  0.51594885]]
[[ 0.61746592 -0.86851276]
 [ 0.76574033  2.59197329]
 [ 0.75613635  0.85131525]
 [ 1.1778474  -1.53022156]
 [ 1.29401874  0.51612431]]
[[ 0.61757617 -0.86857671]
 [ 0.76586911  2.59187258]
 [ 0.75601452  0.85135206]
 [ 1.17788662 -1.53057708]
 [ 1.29387638  0.51621202]]
[[ 0.6176864  -0.86864068]
 [ 0.76599791  2.59177182]
 [ 0.75589268  0.85138887]
 [ 1.17792578 -1.53093265]
 [ 1.29373402  0.51629968]]
[[ 0.61779663 -0.86870468]
 [ 0.76612671  2.59167103]
 [ 0.75577085  0.85142569]
 [ 1.17796488 -1.53128829]
 [ 1.29359166  0.5163873 ]]
[[ 0.61790685 -0.86876872]
 [ 0.7662555   2.5915702 ]
 [ 0.75564902  0.85146252]
 [ 1.17800393 -1.53164403]
 [ 1.29344931  0.5164749 ]]
[[ 0.61812726 -0.86889688]
 [ 0.76651308  2.59136846]
 [ 0.75540538  0.85153622]
 [ 1.17808183 -1.53235575]
 [ 1.29316461  0.51665001]]
[[ 0.61823746 -0.86896102]
 [ 0.76664185  2.59126754]
 [ 0.75528357  0.8515731 ]
 [ 1.1781207  -1.53271176]
 [ 1.29302228  0.51673754]]
[[ 0.61834767 -0.8690252 ]
 [ 0.76677061  2.59116659]
 [ 0.75516178  0.85161001]
 [ 1.17815951 -1.53306791]
 [ 1.29287996  0.51682509]]
[[ 0.61856805 -0.86915363]
 [ 0.76702814  2.59096459]
 [ 0.75491819  0.85168384]
 [ 1.17823695 -1.53378038]
 [ 1.29259532  0.51700003]]
[[ 0.61867823 -0.8692179 ]
 [ 0.7671569   2.59086355]
 [ 0.75479641  0.85172078]
 [ 1.17827558 -1.53413675]
 [ 1.29245301  0.51708745]]
[[ 0.6187884  -0.8692822 ]
 [ 0.76728565  2.59076247]
 [ 0.75467463  0.85175773]
 [ 1.17831415 -1.5344932 ]
 [ 1.2923107   0.51717486]]
[[ 0.61889856 -0.86934653]
 [ 0.76741441  2.59066136]
 [ 0.75455286  0.85179469]
 [ 1.17835267 -1.53484973]
 [ 1.2921684   0.51726223]]
[[ 0.61900872 -0.86941089]
 [ 0.76754315  2.59056021]
 [ 0.75443109  0.85183167]
 [ 1.17839112 -1.53520636]
 [ 1.2920261   0.51734959]]
[[ 0.61911888 -0.8694753 ]
 [ 0.76767188  2.59045904]
 [ 0.75430933  0.85186868]
 [ 1.17842952 -1.53556312]
 [ 1.29188383  0.51743695]]
[[ 0.61933922 -0.86960423]
 [ 0.76792929  2.59025657]
 [ 0.75406584  0.85194275]
 [ 1.17850617 -1.53627699]
 [ 1.2915993   0.51761173]]
[[ 0.61944938 -0.86966875]
 [ 0.76805798  2.59015529]
 [ 0.75394411  0.85197981]
 [ 1.17854441 -1.53663406]
 [ 1.29145705  0.51769908]]
[[ 0.61955955 -0.8697333 ]
 [ 0.76818667  2.59005398]
 [ 0.75382238  0.85201689]
 [ 1.17858259 -1.53699122]
 [ 1.2913148   0.51778643]]
[[ 0.61966969 -0.86979788]
 [ 0.76831536  2.58995263]
 [ 0.75370066  0.85205398]
 [ 1.17862071 -1.53734846]
 [ 1.29117256  0.51787373]]
[[ 0.61977984 -0.8698625 ]
 [ 0.76844404  2.58985125]
 [ 0.75357894  0.85209108]
 [ 1.17865877 -1.5377058 ]
 [ 1.29103032  0.51796102]]
[[ 0.61988998 -0.86992715]
 [ 0.76857272  2.58974984]
 [ 0.75345723  0.8521282 ]
 [ 1.17869677 -1.53806323]
 [ 1.29088809  0.51804828]]
[[ 0.62000011 -0.86999183]
 [ 0.76870139  2.58964839]
 [ 0.75333552  0.85216534]
 [ 1.17873472 -1.53842073]
 [ 1.29074586  0.51813551]]
[[ 0.62011025 -0.87005655]
 [ 0.76883004  2.58954691]
 [ 0.75321382  0.85220249]
 [ 1.17877261 -1.53877837]
 [ 1.29060365  0.51822276]]
[[ 0.62055068 -0.87031572]
 [ 0.76934469  2.58914066]
 [ 0.75272706  0.8523512 ]
 [ 1.17892355 -1.54020956]
 [ 1.2900348   0.51857132]]
[[ 0.6208809  -0.87051042]
 [ 0.76973068  2.58883564]
 [ 0.75236205  0.85246285]
 [ 1.17903611 -1.54128375]
 [ 1.2896082   0.51883237]]
[[ 0.62099095 -0.87057538]
 [ 0.76985934  2.5887339 ]
 [ 0.75224039  0.85250009]
 [ 1.17907351 -1.54164197]
 [ 1.28946601  0.5189193 ]]
[[ 0.62110099 -0.87064036]
 [ 0.769988    2.58863213]
 [ 0.75211872  0.85253733]
 [ 1.17911085 -1.54200023]
 [ 1.28932381  0.5190062 ]]
[[ 0.62121102 -0.87070538]
 [ 0.77011666  2.58853032]
 [ 0.75199707  0.85257459]
 [ 1.17914813 -1.54235859]
 [ 1.28918162  0.51909307]]
[[ 0.62132105 -0.87077044]
 [ 0.77024531  2.58842848]
 [ 0.75187542  0.85261186]
 [ 1.17918535 -1.54271706]
 [ 1.28903944  0.51917995]]
[[ 0.62143108 -0.87083552]
 [ 0.77037396  2.58832662]
 [ 0.75175378  0.85264916]
 [ 1.17922251 -1.54307561]
 [ 1.28889727  0.51926678]]
[[ 0.6215411  -0.87090065]
 [ 0.77050259  2.5882247 ]
 [ 0.75163214  0.85268646]
 [ 1.17925962 -1.54343425]
 [ 1.28875509  0.51935362]]
[[ 0.62165111 -0.8709658 ]
 [ 0.77063123  2.58812277]
 [ 0.75151051  0.85272378]
 [ 1.17929666 -1.54379296]
 [ 1.28861293  0.51944039]]
[[ 0.62176111 -0.87103098]
 [ 0.77075987  2.5880208 ]
 [ 0.75138888  0.85276111]
 [ 1.17933365 -1.54415177]
 [ 1.28847077  0.51952717]]
[[ 0.62198111 -0.87116146]
 [ 0.77101711  2.58781676]
 [ 0.75114566  0.85283582]
 [ 1.17940744 -1.54486965]
 [ 1.28818647  0.51970065]]
[[ 0.62209111 -0.87122676]
 [ 0.77114572  2.5877147 ]
 [ 0.75102406  0.85287321]
 [ 1.17944425 -1.54522876]
 [ 1.28804434  0.51978739]]
[[ 0.62220109 -0.87129208]
 [ 0.77127433  2.58761259]
 [ 0.75090246  0.8529106 ]
 [ 1.179481   -1.54558791]
 [ 1.28790221  0.51987407]]
[[ 0.62231106 -0.87135743]
 [ 0.77140294  2.58751047]
 [ 0.75078087  0.85294801]
 [ 1.17951768 -1.54594715]
 [ 1.28776008  0.51996072]]
[[ 0.62242103 -0.87142281]
 [ 0.77153154  2.5874083 ]
 [ 0.75065928  0.85298542]
 [ 1.17955431 -1.54630646]
 [ 1.28761795  0.52004734]]
[[ 0.62253099 -0.87148823]
 [ 0.77166014  2.58730611]
 [ 0.7505377   0.85302286]
 [ 1.17959087 -1.54666587]
 [ 1.28747584  0.52013395]]
[[ 0.62264094 -0.87155368]
 [ 0.77178874  2.58720388]
 [ 0.75041612  0.8530603 ]
 [ 1.17962738 -1.54702534]
 [ 1.28733372  0.52022052]]
[[ 0.62275088 -0.87161916]
 [ 0.77191734  2.58710162]
 [ 0.75029455  0.85309776]
 [ 1.17966382 -1.54738491]
 [ 1.28719162  0.52030706]]
[[ 0.62286083 -0.87168468]
 [ 0.77204593  2.58699932]
 [ 0.75017299  0.85313523]
 [ 1.17970021 -1.54774457]
 [ 1.28704951  0.52039359]]
[[ 0.62308069 -0.87181581]
 [ 0.77230308  2.58679463]
 [ 0.74992988  0.85321022]
 [ 1.17977281 -1.54846414]
 [ 1.28676533  0.5205666 ]]
[[ 0.62319062 -0.87188143]
 [ 0.77243165  2.58669224]
 [ 0.74980833  0.85324774]
 [ 1.17980902 -1.54882407]
 [ 1.28662325  0.52065307]]
[[ 0.62330053 -0.87194708]
 [ 0.77256022  2.58658981]
 [ 0.7496868   0.85328527]
 [ 1.17984517 -1.54918406]
 [ 1.28648117  0.52073951]]
[[ 0.62341044 -0.87201276]
 [ 0.77268878  2.58648735]
 [ 0.74956526  0.85332282]
 [ 1.17988126 -1.54954415]
 [ 1.2863391   0.52082594]]
[[ 0.62352034 -0.87207848]
 [ 0.77281734  2.58638486]
 [ 0.74944373  0.85336038]
 [ 1.17991729 -1.54990431]
 [ 1.28619703  0.52091233]]
[[ 0.62363024 -0.87214423]
 [ 0.7729459   2.58628234]
 [ 0.74932222  0.85339795]
 [ 1.17995326 -1.55026457]
 [ 1.28605497  0.52099871]]
[[ 0.62374014 -0.87221002]
 [ 0.77307444  2.58617977]
 [ 0.7492007   0.85343554]
 [ 1.17998918 -1.55062492]
 [ 1.28591292  0.52108508]]
[[ 0.62406979 -0.87240758]
 [ 0.77346003  2.58587188]
 [ 0.74883619  0.85354841]
 [ 1.18009657 -1.55170649]
 [ 1.2854868   0.52134409]]
[[ 0.62417969 -0.87247351]
 [ 0.77358854  2.58576916]
 [ 0.74871469  0.85358607]
 [ 1.18013227 -1.55206723]
 [ 1.28534477  0.52143044]]
[[ 0.62428957 -0.87253947]
 [ 0.77371704  2.58566642]
 [ 0.7485932   0.85362374]
 [ 1.1801679  -1.55242804]
 [ 1.28520275  0.52151676]]
[[ 0.62450928 -0.87267147]
 [ 0.77397407  2.58546083]
 [ 0.74835023  0.85369909]
 [ 1.18023897 -1.55314981]
 [ 1.2849187   0.52168923]]
[[ 0.62461913 -0.87273752]
 [ 0.77410257  2.585358  ]
 [ 0.74822876  0.8537368 ]
 [ 1.18027441 -1.55351082]
 [ 1.28477669  0.52177542]]
[[ 0.62472896 -0.8728036 ]
 [ 0.77423108  2.58525512]
 [ 0.74810729  0.85377451]
 [ 1.18030979 -1.55387191]
 [ 1.28463468  0.52186159]]
[[ 0.6248388  -0.87286971]
 [ 0.77435957  2.58515221]
 [ 0.74798582  0.85381224]
 [ 1.18034512 -1.55423309]
 [ 1.28449267  0.52194775]]
[[ 0.62494862 -0.87293586]
 [ 0.77448807  2.58504927]
 [ 0.74786436  0.85384998]
 [ 1.18038038 -1.55459434]
 [ 1.28435067  0.52203387]]
[[ 0.62505844 -0.87300204]
 [ 0.77461656  2.58494631]
 [ 0.74774292  0.85388773]
 [ 1.18041558 -1.55495568]
 [ 1.28420868  0.52211996]]
[[ 0.62516825 -0.87306826]
 [ 0.77474504  2.5848433 ]
 [ 0.74762147  0.8539255 ]
 [ 1.18045072 -1.55531711]
 [ 1.2840667   0.52220606]]
[[ 0.62527806 -0.87313451]
 [ 0.77487351  2.58474026]
 [ 0.74750003  0.85396329]
 [ 1.18048581 -1.55567863]
 [ 1.28392472  0.52229214]]
[[ 0.62549767 -0.87326711]
 [ 0.77513044  2.58453407]
 [ 0.74725717  0.8540389 ]
 [ 1.1805558  -1.55640191]
 [ 1.28364078  0.52246423]]
[[ 0.62560748 -0.87333347]
 [ 0.77525888  2.58443092]
 [ 0.74713575  0.85407675]
 [ 1.18059072 -1.55676373]
 [ 1.28349883  0.52255029]]
[[ 0.62571729 -0.87339988]
 [ 0.7753873   2.58432774]
 [ 0.74701435  0.85411462]
 [ 1.18062558 -1.55712567]
 [ 1.28335689  0.52263638]]
[[ 0.62582709 -0.87346631]
 [ 0.77551573  2.58422452]
 [ 0.74689294  0.85415249]
 [ 1.18066038 -1.55748766]
 [ 1.28321496  0.52272241]]
[[ 0.62593688 -0.87353277]
 [ 0.77564416  2.58412128]
 [ 0.74677154  0.85419037]
 [ 1.18069511 -1.55784971]
 [ 1.28307302  0.52280839]]
[[ 0.62604667 -0.87359928]
 [ 0.77577257  2.58401799]
 [ 0.74665015  0.85422828]
 [ 1.18072979 -1.55821189]
 [ 1.2829311   0.52289441]]
[[ 0.62615645 -0.87366581]
 [ 0.77590098  2.58391468]
 [ 0.74652876  0.8542662 ]
 [ 1.18076441 -1.55857414]
 [ 1.28278918  0.52298038]]
[[ 0.62626623 -0.87373239]
 [ 0.77602938  2.58381133]
 [ 0.74640739  0.85430413]
 [ 1.18079897 -1.55893649]
 [ 1.28264728  0.52306635]]
[[ 0.62637601 -0.87379899]
 [ 0.77615777  2.58370794]
 [ 0.74628601  0.85434208]
 [ 1.18083348 -1.55929891]
 [ 1.28250537  0.5231523 ]]
[[ 0.62648577 -0.87386562]
 [ 0.77628617  2.58360453]
 [ 0.74616465  0.85438004]
 [ 1.18086791 -1.55966139]
 [ 1.28236347  0.5232382 ]]
[[ 0.62659552 -0.8739323 ]
 [ 0.77641456  2.58350109]
 [ 0.74604329  0.85441802]
 [ 1.18090228 -1.56002398]
 [ 1.28222158  0.52332409]]
[[ 0.62670527 -0.873999  ]
 [ 0.77654294  2.58339761]
 [ 0.74592194  0.85445601]
 [ 1.1809366  -1.56038664]
 [ 1.28207969  0.52340996]]
[[ 0.62681502 -0.87406574]
 [ 0.77667132  2.5832941 ]
 [ 0.74580059  0.85449401]
 [ 1.18097086 -1.56074939]
 [ 1.28193781  0.5234958 ]]
[[ 0.62703449 -0.87419931]
 [ 0.77692806  2.58308696]
 [ 0.74555791  0.85457006]
 [ 1.18103919 -1.56147511]
 [ 1.28165406  0.52366744]]
[[ 0.62714421 -0.87426615]
 [ 0.77705642  2.58298335]
 [ 0.74543658  0.8546081 ]
 [ 1.18107327 -1.5618381 ]
 [ 1.2815122   0.52375322]]
[[ 0.62758301 -0.87453381]
 [ 0.77756986  2.58256856]
 [ 0.74495131  0.8547604 ]
 [ 1.18120895 -1.56329075]
 [ 1.28094478  0.52409604]]
[[ 0.62769268 -0.8746008 ]
 [ 0.77769823  2.58246478]
 [ 0.74483     0.85479849]
 [ 1.18124271 -1.56365408]
 [ 1.28080294  0.52418165]]
[[ 0.62780233 -0.87466781]
 [ 0.77782659  2.58236098]
 [ 0.74470871  0.8548366 ]
 [ 1.1812764  -1.56401747]
 [ 1.28066109  0.52426721]]
[[ 0.62791198 -0.87473486]
 [ 0.77795496  2.58225714]
 [ 0.74458741  0.85487472]
 [ 1.18131004 -1.56438092]
 [ 1.28051925  0.52435275]]
[[ 0.62802162 -0.87480195]
 [ 0.77808331  2.58215327]
 [ 0.74446612  0.85491285]
 [ 1.18134361 -1.56474447]
 [ 1.28037742  0.52443826]]
[[ 0.62813126 -0.87486907]
 [ 0.77821166  2.58204936]
 [ 0.74434484  0.854951  ]
 [ 1.18137713 -1.5651081 ]
 [ 1.28023559  0.52452378]]
[[ 0.62824089 -0.87493622]
 [ 0.77834     2.58194542]
 [ 0.74422357  0.85498916]
 [ 1.18141058 -1.56547181]
 [ 1.28009377  0.52460925]]
[[ 0.62846013 -0.87507063]
 [ 0.77859668  2.58173743]
 [ 0.74398103  0.85506553]
 [ 1.18147731 -1.56619947]
 [ 1.27981014  0.52478017]]
[[ 0.62856975 -0.87513788]
 [ 0.778725    2.58163339]
 [ 0.74385977  0.85510373]
 [ 1.18151058 -1.56656343]
 [ 1.27966834  0.5248656 ]]
[[ 0.62867935 -0.87520517]
 [ 0.77885333  2.58152931]
 [ 0.74373852  0.85514195]
 [ 1.1815438  -1.56692745]
 [ 1.27952654  0.524951  ]]
[[ 0.62900816 -0.87540724]
 [ 0.77923824  2.58121683]
 [ 0.74337479  0.8552567 ]
 [ 1.18164311 -1.56802008]
 [ 1.27910117  0.52520719]]
[[ 0.62911776 -0.87547467]
 [ 0.77936653  2.58111259]
 [ 0.74325355  0.85529498]
 [ 1.18167609 -1.56838446]
 [ 1.2789594   0.52529257]]
[[ 0.62933692 -0.87560962]
 [ 0.7796231   2.58090403]
 [ 0.7430111   0.85537157]
 [ 1.18174188 -1.56911343]
 [ 1.27867586  0.52546322]]
[[ 0.62955608 -0.87574473]
 [ 0.77987962  2.58069531]
 [ 0.74276868  0.85544825]
 [ 1.18180744 -1.5698428 ]
 [ 1.27839236  0.52563389]]
[[ 0.62966564 -0.87581233]
 [ 0.78000788  2.58059092]
 [ 0.74264748  0.8554866 ]
 [ 1.18184012 -1.57020758]
 [ 1.27825061  0.52571916]]
[[ 0.62977518 -0.87587996]
 [ 0.78013616  2.58048651]
 [ 0.74252629  0.85552496]
 [ 1.18187272 -1.5705724 ]
 [ 1.27810888  0.52580435]]
[[ 0.6299943  -0.87601533]
 [ 0.78039263  2.58027749]
 [ 0.7422839   0.85560174]
 [ 1.18193782 -1.57130241]
 [ 1.27782541  0.5259749 ]]
[[ 0.63010385 -0.87608307]
 [ 0.78052085  2.58017293]
 [ 0.74216271  0.85564015]
 [ 1.18197027 -1.57166753]
 [ 1.27768369  0.52606014]]
[[ 0.63021339 -0.87615085]
 [ 0.78064908  2.58006834]
 [ 0.74204154  0.85567858]
 [ 1.18200266 -1.57203273]
 [ 1.27754197  0.52614536]]
[[ 0.63054197 -0.87635436]
 [ 0.78103373  2.57975437]
 [ 0.74167804  0.85579393]
 [ 1.18209947 -1.57312876]
 [ 1.27711685  0.52640085]]
[[ 0.63065147 -0.87642226]
 [ 0.78116195  2.57964966]
 [ 0.74155689  0.8558324 ]
 [ 1.1821316  -1.57349422]
 [ 1.27697515  0.52648591]]
[[ 0.63076094 -0.87649018]
 [ 0.78129018  2.57954493]
 [ 0.74143575  0.85587087]
 [ 1.18216366 -1.57385972]
 [ 1.27683346  0.52657092]]
[[ 0.63119885 -0.87676225]
 [ 0.78180299  2.57912561]
 [ 0.74095123  0.85602496]
 [ 1.18229134 -1.5753227 ]
 [ 1.27626676  0.52691097]]
[[ 0.63130832 -0.87683036]
 [ 0.78193116  2.57902068]
 [ 0.74083011  0.85606352]
 [ 1.18232312 -1.57568867]
 [ 1.2761251   0.52699598]]
[[ 0.63141779 -0.8768985 ]
 [ 0.78205933  2.5789157 ]
 [ 0.74070899  0.85610209]
 [ 1.18235485 -1.5760547 ]
 [ 1.27598343  0.52708098]]
[[ 0.63152726 -0.87696668]
 [ 0.78218749  2.57881067]
 [ 0.74058787  0.85614068]
 [ 1.18238653 -1.57642083]
 [ 1.27584177  0.52716599]]
[[ 0.63163672 -0.87703489]
 [ 0.78231564  2.57870563]
 [ 0.74046676  0.85617928]
 [ 1.18241813 -1.57678702]
 [ 1.27570013  0.52725094]]
[[ 0.63174617 -0.87710313]
 [ 0.7824438   2.57860054]
 [ 0.74034566  0.85621789]
 [ 1.18244967 -1.57715329]
 [ 1.27555848  0.52733588]]
[[ 0.63185562 -0.87717141]
 [ 0.78257194  2.57849542]
 [ 0.74022456  0.85625652]
 [ 1.18248116 -1.57751965]
 [ 1.27541684  0.52742082]]
[[ 0.63196505 -0.87723972]
 [ 0.78270008  2.57839027]
 [ 0.74010347  0.85629517]
 [ 1.18251258 -1.57788607]
 [ 1.27527521  0.52750571]]
[[ 0.63207449 -0.87730806]
 [ 0.78282821  2.57828507]
 [ 0.73998239  0.85633382]
 [ 1.18254395 -1.57825258]
 [ 1.27513359  0.52759062]]
[[ 0.63218391 -0.87737644]
 [ 0.78295634  2.57817985]
 [ 0.7398613   0.85637249]
 [ 1.18257525 -1.57861916]
 [ 1.27499196  0.52767549]]
[[ 0.63229333 -0.87744486]
 [ 0.78308446  2.57807458]
 [ 0.73974023  0.85641118]
 [ 1.1826065  -1.57898582]
 [ 1.27485034  0.52776035]]
[[ 0.63251215 -0.87758178]
 [ 0.78334069  2.57786396]
 [ 0.7394981   0.85648858]
 [ 1.1826688  -1.57971935]
 [ 1.27456713  0.52792999]]
[[ 0.63262154 -0.8776503 ]
 [ 0.7834688   2.5777586 ]
 [ 0.73937704  0.85652731]
 [ 1.18269986 -1.58008623]
 [ 1.27442554  0.52801478]]
[[ 0.63273094 -0.87771885]
 [ 0.7835969   2.5776532 ]
 [ 0.73925599  0.85656605]
 [ 1.18273085 -1.58045319]
 [ 1.27428394  0.52809955]]
[[ 0.63284032 -0.87778742]
 [ 0.78372501  2.57754776]
 [ 0.73913494  0.85660479]
 [ 1.18276179 -1.58082021]
 [ 1.27414235  0.52818429]]
[[ 0.6329497  -0.87785604]
 [ 0.7838531   2.57744229]
 [ 0.7390139   0.85664356]
 [ 1.18279267 -1.58118731]
 [ 1.27400077  0.52826903]]
[[ 0.63305907 -0.87792469]
 [ 0.78398118  2.57733678]
 [ 0.73889287  0.85668234]
 [ 1.18282348 -1.5815545 ]
 [ 1.27385919  0.52835375]]
[[ 0.63316843 -0.87799337]
 [ 0.78410927  2.57723125]
 [ 0.73877184  0.85672113]
 [ 1.18285423 -1.58192175]
 [ 1.27371762  0.52843844]]
[[ 0.63327779 -0.87806209]
 [ 0.78423734  2.57712567]
 [ 0.73865082  0.85675993]
 [ 1.18288493 -1.58228908]
 [ 1.27357605  0.52852312]]
[[ 0.63349648 -0.87819963]
 [ 0.78449347  2.57691442]
 [ 0.73840879  0.85683759]
 [ 1.18294613 -1.58302398]
 [ 1.27329294  0.52869242]]
[[ 0.63360582 -0.87826845]
 [ 0.78462154  2.57680874]
 [ 0.73828778  0.85687643]
 [ 1.18297663 -1.58339153]
 [ 1.27315139  0.52877704]]
[[ 0.63371515 -0.8783373 ]
 [ 0.78474959  2.57670302]
 [ 0.73816678  0.85691529]
 [ 1.18300708 -1.58375917]
 [ 1.27300985  0.52886164]]
[[ 0.63382448 -0.87840619]
 [ 0.78487764  2.57659727]
 [ 0.73804579  0.85695416]
 [ 1.18303747 -1.58412688]
 [ 1.27286831  0.52894623]]
[[ 0.6339338  -0.87847511]
 [ 0.78500568  2.57649149]
 [ 0.7379248   0.85699305]
 [ 1.18306779 -1.58449466]
 [ 1.27272678  0.5290308 ]]
[[ 0.63404311 -0.87854407]
 [ 0.78513372  2.57638567]
 [ 0.73780383  0.85703195]
 [ 1.18309805 -1.58486252]
 [ 1.27258526  0.52911534]]
[[ 0.63415241 -0.87861306]
 [ 0.78526175  2.57627982]
 [ 0.73768285  0.85707087]
 [ 1.18312825 -1.58523044]
 [ 1.27244374  0.52919986]]
[[ 0.6342617  -0.87868208]
 [ 0.78538978  2.57617393]
 [ 0.73756188  0.8571098 ]
 [ 1.1831584  -1.58559845]
 [ 1.27230222  0.52928437]]
[[ 0.63437099 -0.87875114]
 [ 0.7855178   2.57606801]
 [ 0.73744092  0.85714874]
 [ 1.18318847 -1.58596653]
 [ 1.27216072  0.52936886]]
[[ 0.63448028 -0.87882023]
 [ 0.78564581  2.57596205]
 [ 0.73731996  0.85718769]
 [ 1.18321849 -1.58633467]
 [ 1.27201921  0.52945333]]
[[ 0.63458956 -0.87888936]
 [ 0.78577382  2.57585605]
 [ 0.737199    0.85722666]
 [ 1.18324845 -1.58670292]
 [ 1.27187772  0.52953781]]
[[ 0.63469883 -0.87895852]
 [ 0.78590182  2.57575002]
 [ 0.73707806  0.85726565]
 [ 1.18327835 -1.58707121]
 [ 1.27173623  0.52962224]]
[[ 0.63491736 -0.87909694]
 [ 0.78615781  2.57553784]
 [ 0.73683618  0.85734365]
 [ 1.18333796 -1.58780804]
 [ 1.27145326  0.52979107]]
