[[ 0.50594593 -2.16793264]
 [ 1.11272865  0.8398189 ]
 [ 0.92801519 -0.95216346]
 [ 0.53348949  1.36265726]
 [ 1.43323286 -2.61740754]]
[[ 0.50585006 -2.16804504]
 [ 1.1125956   0.83976724]
 [ 0.92813143 -0.95225138]
 [ 0.53339953  1.36276377]
 [ 1.43338578 -2.61724108]]
[[ 0.50575417 -2.16815743]
 [ 1.11246255  0.83971563]
 [ 0.92824767 -0.95233935]
 [ 0.53330957  1.36287028]
 [ 1.43353868 -2.61707432]]
[[ 0.50556236 -2.16838211]
 [ 1.11219648  0.83961262]
 [ 0.92848009 -0.95251549]
 [ 0.53312969  1.36308331]
 [ 1.43384447 -2.61673977]]
[[ 0.50546644 -2.16849443]
 [ 1.11206344  0.83956122]
 [ 0.92859629 -0.95260364]
 [ 0.53303975  1.36318982]
 [ 1.43399736 -2.61657209]]
[[ 0.50537052 -2.16860672]
 [ 1.11193041  0.83950989]
 [ 0.92871249 -0.95269186]
 [ 0.53294981  1.36329633]
 [ 1.43415024 -2.61640415]]
[[ 0.50527459 -2.168719  ]
 [ 1.11179738  0.83945863]
 [ 0.92882868 -0.95278014]
 [ 0.53285988  1.36340283]
 [ 1.43430311 -2.61623592]]
[[ 0.50517867 -2.16883129]
 [ 1.11166432  0.83940745]
 [ 0.92894487 -0.95286846]
 [ 0.53276992  1.36350931]
 [ 1.434456   -2.61606757]]
[[ 0.50508274 -2.16894355]
 [ 1.11153127  0.83935635]
 [ 0.92906106 -0.95295684]
 [ 0.53267997  1.3636158 ]
 [ 1.43460888 -2.61589893]]
[[ 0.50498679 -2.16905578]
 [ 1.11139824  0.8393053 ]
 [ 0.92917723 -0.95304529]
 [ 0.53259005  1.36372229]
 [ 1.43476174 -2.61572989]]
[[ 0.50489082 -2.16916798]
 [ 1.11126522  0.83925433]
 [ 0.92929339 -0.95313381]
 [ 0.53250012  1.36382878]
 [ 1.43491459 -2.61556054]]
[[ 0.50479487 -2.16928018]
 [ 1.11113217  0.83920341]
 [ 0.92940955 -0.95322236]
 [ 0.53241018  1.36393525]
 [ 1.43506746 -2.615391  ]]
[[ 0.50469893 -2.16939239]
 [ 1.11099911  0.83915259]
 [ 0.92952573 -0.95331097]
 [ 0.53232023  1.36404171]
 [ 1.43522033 -2.61522137]]
[[ 0.50460295 -2.16950454]
 [ 1.11086608  0.83910182]
 [ 0.92964187 -0.95339966]
 [ 0.5322303   1.36414819]
 [ 1.43537318 -2.61505119]]
[[ 0.50441097 -2.1697288 ]
 [ 1.11060002  0.83900049]
 [ 0.92987413 -0.9535772 ]
 [ 0.53205047  1.36436113]
 [ 1.43567886 -2.61471002]]
[[ 0.50431497 -2.1698409 ]
 [ 1.11046699  0.83894993]
 [ 0.92999025 -0.95366606]
 [ 0.53196055  1.36446759]
 [ 1.43583169 -2.61453904]]
[[ 0.50431497 -2.1698409 ]
 [ 1.11046699  0.83894993]
 [ 0.92999025 -0.95366606]
 [ 0.53196055  1.36446759]
 [ 1.43583169 -2.61453904]]
[[ 0.50421897 -2.16995299]
 [ 1.11033396  0.83889944]
 [ 0.93010637 -0.95375497]
 [ 0.53187063  1.36457405]
 [ 1.43598453 -2.61436777]]
[[ 0.50421897 -2.16995299]
 [ 1.11033396  0.83889944]
 [ 0.93010637 -0.95375497]
 [ 0.53187063  1.36457405]
 [ 1.43598453 -2.61436777]]
[[ 0.50412296 -2.17006505]
 [ 1.11020093  0.83884901]
 [ 0.93022247 -0.95384395]
 [ 0.53178072  1.3646805 ]
 [ 1.43613735 -2.61419619]]
[[ 0.50412296 -2.17006505]
 [ 1.11020093  0.83884901]
 [ 0.93022247 -0.95384395]
 [ 0.53178072  1.3646805 ]
 [ 1.43613735 -2.61419619]]
[[ 0.50402695 -2.17017711]
 [ 1.11006789  0.83879867]
 [ 0.93033859 -0.95393298]
 [ 0.53169079  1.36478695]
 [ 1.43629018 -2.61402444]]
[[ 0.50402695 -2.17017711]
 [ 1.11006789  0.83879867]
 [ 0.93033859 -0.95393298]
 [ 0.53169079  1.36478695]
 [ 1.43629018 -2.61402444]]
[[ 0.50402695 -2.17017711]
 [ 1.11006789  0.83879867]
 [ 0.93033859 -0.95393298]
 [ 0.53169079  1.36478695]
 [ 1.43629018 -2.61402444]]
