[[ 0.50124006 -0.81845117]
 [ 0.88494937  0.82215737]
 [ 0.63137111  2.68147674]
 [ 1.11068131 -1.22110145]
 [ 1.44367106  0.39366261]]
[[ 0.50226631 -0.81876097]
 [ 0.88380258  0.82232242]
 [ 0.63254568  2.68080078]
 [ 1.11145637 -1.22325528]
 [ 1.44234892  0.39535459]]
[[ 0.50238033 -0.81879552]
 [ 0.88367519  0.82234088]
 [ 0.63267618  2.68072559]
 [ 1.11154232 -1.22349519]
 [ 1.44220203  0.39554108]]
[[ 0.50249435 -0.81883009]
 [ 0.8835478   0.82235935]
 [ 0.63280669  2.68065037]
 [ 1.11162824 -1.22373521]
 [ 1.44205515  0.39572728]]
[[ 0.50272237 -0.81889932]
 [ 0.88329303  0.82239637]
 [ 0.63306771  2.68049989]
 [ 1.11179998 -1.2242156 ]
 [ 1.44176138  0.39609878]]
[[ 0.50283639 -0.81893397]
 [ 0.88316566  0.82241492]
 [ 0.63319822  2.68042462]
 [ 1.1118858  -1.22445596]
 [ 1.4416145   0.39628409]]
[[ 0.5029504  -0.81896865]
 [ 0.88303831  0.8224335 ]
 [ 0.63332872  2.68034935]
 [ 1.11197159 -1.22469648]
 [ 1.44146764  0.39646911]]
[[ 0.50306441 -0.81900335]
 [ 0.88291094  0.82245209]
 [ 0.63345923  2.68027404]
 [ 1.11205735 -1.22493707]
 [ 1.44132077  0.39665384]]
[[ 0.50329242 -0.81907282]
 [ 0.88265623  0.82248933]
 [ 0.63372026  2.68012336]
 [ 1.11222876 -1.22541861]
 [ 1.44102702  0.39702242]]
[[ 0.50340643 -0.8191076 ]
 [ 0.88252889  0.82250799]
 [ 0.63385076  2.68004801]
 [ 1.11231442 -1.22565958]
 [ 1.44088016  0.39720627]]
[[ 0.50352043 -0.8191424 ]
 [ 0.88240155  0.82252667]
 [ 0.63398127  2.67997264]
 [ 1.11240004 -1.22590066]
 [ 1.4407333   0.39738983]]
[[ 0.50374842 -0.81921207]
 [ 0.88214687  0.82256409]
 [ 0.63424231  2.67982182]
 [ 1.11257119 -1.22638313]
 [ 1.44043958  0.3977561 ]]
[[ 0.50386242 -0.81924694]
 [ 0.88201954  0.82258283]
 [ 0.63437282  2.67974638]
 [ 1.11265671 -1.22662453]
 [ 1.44029272  0.39793879]]
[[ 0.50397641 -0.81928185]
 [ 0.88189222  0.82260161]
 [ 0.63450334  2.67967093]
 [ 1.1127422  -1.22686608]
 [ 1.44014587  0.39812121]]
[[ 0.5040904  -0.81931677]
 [ 0.88176491  0.8226204 ]
 [ 0.63463385  2.67959547]
 [ 1.11282766 -1.22710773]
 [ 1.43999902  0.39830334]]
[[ 0.50431838 -0.8193867 ]
 [ 0.88151029  0.82265804]
 [ 0.63489489  2.67944446]
 [ 1.11299848 -1.22759137]
 [ 1.43970532  0.39866676]]
[[ 0.50443237 -0.8194217 ]
 [ 0.88138299  0.82267691]
 [ 0.6350254   2.67936894]
 [ 1.11308384 -1.22783339]
 [ 1.43955849  0.39884807]]
[[ 0.50466035 -0.81949179]
 [ 0.88112842  0.82271471]
 [ 0.63528642  2.67921785]
 [ 1.11325445 -1.22831778]
 [ 1.43926483  0.39920983]]
[[ 0.50477433 -0.81952687]
 [ 0.88100114  0.82273364]
 [ 0.63541693  2.67914227]
 [ 1.11333971 -1.22856013]
 [ 1.439118    0.3993903 ]]
[[ 0.50488831 -0.81956197]
 [ 0.88087386  0.82275259]
 [ 0.63554745  2.67906667]
 [ 1.11342494 -1.22880261]
 [ 1.43897117  0.39957048]]
[[ 0.50511627 -0.81963226]
 [ 0.88061931  0.82279056]
 [ 0.63580848  2.67891541]
 [ 1.11359529 -1.22928791]
 [ 1.43867752  0.39993005]]
