[[ 0.34722557 -2.49126914]
 [ 0.30511137 -0.79169275]
 [ 0.50383493 -2.1704012 ]
 [ 0.15892381  0.60956011]
 [ 0.41070764  2.79076399]
 [ 1.1098018   0.8386982 ]
 [ 0.9305708  -0.95411121]
 [ 0.35198857  2.40644847]
 [ 0.53151093  1.36499981]
 [ 1.43659584 -2.61368018]]
[[ 0.34722557 -2.49126914]
 [ 0.30511137 -0.79169275]
 [ 0.50383493 -2.1704012 ]
 [ 0.15892381  0.60956011]
 [ 0.41070764  2.79076399]
 [ 1.1098018   0.8386982 ]
 [ 0.9305708  -0.95411121]
 [ 0.35198857  2.40644847]
 [ 0.53151093  1.36499981]
 [ 1.43659584 -2.61368018]]
[[ 0.34722557 -2.49126914]
 [ 0.30511137 -0.79169275]
 [ 0.50383493 -2.1704012 ]
 [ 0.15892381  0.60956011]
 [ 0.41070764  2.79076399]
 [ 1.1098018   0.8386982 ]
 [ 0.9305708  -0.95411121]
 [ 0.35198857  2.40644847]
 [ 0.53151093  1.36499981]
 [ 1.43659584 -2.61368018]]
