[[ 0.21289084  2.47095627]
 [ 0.43823647 -0.80317151]
 [ 0.38862739 -2.29055623]
 [ 0.95589063  0.81589428]
 [ 0.42750935  1.48658767]
 [ 0.22902056 -2.58486078]
 [ 0.55966112  2.72030395]
 [ 1.05882865 -1.10632685]
 [ 1.52430933  0.15952337]]
[[ 0.21289084  2.47095627]
 [ 0.43823647 -0.80317151]
 [ 0.38862739 -2.29055623]
 [ 0.95589063  0.81589428]
 [ 0.42750935  1.48658767]
 [ 0.22902056 -2.58486078]
 [ 0.55966112  2.72030395]
 [ 1.05882865 -1.10632685]
 [ 1.52430933  0.15952337]]
[[ 0.21289084  2.47095627]
 [ 0.43823647 -0.80317151]
 [ 0.38862739 -2.29055623]
 [ 0.95589063  0.81589428]
 [ 0.42750935  1.48658767]
 [ 0.22902056 -2.58486078]
 [ 0.55966112  2.72030395]
 [ 1.05882865 -1.10632685]
 [ 1.52430933  0.15952337]]
[[ 0.21289084  2.47095627]
 [ 0.43823647 -0.80317151]
 [ 0.38862739 -2.29055623]
 [ 0.95589063  0.81589428]
 [ 0.42750935  1.48658767]
 [ 0.22902056 -2.58486078]
 [ 0.55966112  2.72030395]
 [ 1.05882865 -1.10632685]
 [ 1.52430933  0.15952337]]
[[ 0.21289084  2.47095627]
 [ 0.43823647 -0.80317151]
 [ 0.38862739 -2.29055623]
 [ 0.95589063  0.81589428]
 [ 0.42750935  1.48658767]
 [ 0.22902056 -2.58486078]
 [ 0.55966112  2.72030395]
 [ 1.05882865 -1.10632685]
 [ 1.52430933  0.15952337]]
[[ 0.21289084  2.47095627]
 [ 0.43823647 -0.80317151]
 [ 0.38862739 -2.29055623]
 [ 0.95589063  0.81589428]
 [ 0.42750935  1.48658767]
 [ 0.22902056 -2.58486078]
 [ 0.55966112  2.72030395]
 [ 1.05882865 -1.10632685]
 [ 1.52430933  0.15952337]]
[[ 0.21289084  2.47095627]
 [ 0.43823647 -0.80317151]
 [ 0.38862739 -2.29055623]
 [ 0.95589063  0.81589428]
 [ 0.42750935  1.48658767]
 [ 0.22902056 -2.58486078]
 [ 0.55966112  2.72030395]
 [ 1.05882865 -1.10632685]
 [ 1.52430933  0.15952337]]
[[ 0.21289084  2.47095627]
 [ 0.43823647 -0.80317151]
 [ 0.38862739 -2.29055623]
 [ 0.95589063  0.81589428]
 [ 0.42750935  1.48658767]
 [ 0.22902056 -2.58486078]
 [ 0.55966112  2.72030395]
 [ 1.05882865 -1.10632685]
 [ 1.52430933  0.15952337]]
[[ 0.21289084  2.47095627]
 [ 0.43823647 -0.80317151]
 [ 0.38862739 -2.29055623]
 [ 0.95589063  0.81589428]
 [ 0.42750935  1.48658767]
 [ 0.22902056 -2.58486078]
 [ 0.55966112  2.72030395]
 [ 1.05882865 -1.10632685]
 [ 1.52430933  0.15952337]]
[[ 0.4623914  -0.80819008]
 [ 0.36741458 -2.31036587]
 [ 0.92855911  0.81734174]
 [ 0.40887338  1.50802345]
 [ 0.20819604 -2.60115782]
 [ 0.58706208  2.70598867]
 [ 1.07962062 -1.14643473]
 [ 1.49365673  0.29971106]]
[[ 0.46262026 -0.80824245]
 [ 0.36721334 -2.31055132]
 [ 0.92830099  0.81736145]
 [ 0.40869693  1.50822584]
 [ 0.20799966 -2.60131172]
 [ 0.58732224  2.70584991]
 [ 1.07981263 -1.14683691]
 [ 1.49336336  0.30054878]]
[[ 0.46284911 -0.80829492]
 [ 0.36701209 -2.31073673]
 [ 0.92804289  0.81738128]
 [ 0.40852049  1.50842821]
 [ 0.2078033  -2.60146561]
 [ 0.5875824   2.7057111 ]
 [ 1.08000454 -1.14723953]
 [ 1.49306997  0.30138098]]
[[ 0.46296353 -0.80832118]
 [ 0.36691146 -2.31082942]
 [ 0.92791385  0.81739123]
 [ 0.40843227  1.50852938]
 [ 0.20770513 -2.60154255]
 [ 0.58771249  2.70564167]
 [ 1.08010046 -1.14744099]
 [ 1.49292326  0.30179503]]
[[ 0.46307796 -0.80834748]
 [ 0.36681084 -2.3109221 ]
 [ 0.92778481  0.81740121]
 [ 0.40834405  1.50863056]
 [ 0.20760696 -2.60161948]
 [ 0.58784257  2.70557223]
 [ 1.08019635 -1.14764256]
 [ 1.49277655  0.30220772]]
[[ 0.46330681 -0.80840013]
 [ 0.36660958 -2.31110742]
 [ 0.92752674  0.81742126]
 [ 0.40816761  1.5088329 ]
 [ 0.20741064 -2.60177335]
 [ 0.58810275  2.7054333 ]
 [ 1.08038806 -1.14804602]
 [ 1.49248311  0.30302907]]
[[ 0.46342123 -0.80842648]
 [ 0.36650896 -2.31120006]
 [ 0.92739771  0.81743132]
 [ 0.40807939  1.50893406]
 [ 0.20731249 -2.60185028]
 [ 0.58823284  2.70536381]
 [ 1.08048387 -1.1482479 ]
 [ 1.49233638  0.30343773]]
[[ 0.46353565 -0.80845287]
 [ 0.36640833 -2.3112927 ]
 [ 0.92726869  0.81744141]
 [ 0.40799118  1.50903522]
 [ 0.20721434 -2.60192721]
 [ 0.58836293  2.7052943 ]
 [ 1.08057966 -1.1484499 ]
 [ 1.49218964  0.30384508]]
[[ 0.46365007 -0.80847927]
 [ 0.3663077  -2.31138532]
 [ 0.92713967  0.81745152]
 [ 0.40790296  1.50913638]
 [ 0.20711619 -2.60200414]
 [ 0.58849303  2.70522479]
 [ 1.08067543 -1.148652  ]
 [ 1.4920429   0.30425109]]
[[ 0.1864282   2.48161192]
 [ 0.46387889 -0.80853214]
 [ 0.36610645 -2.3115705 ]
 [ 0.92688168  0.81747181]
 [ 0.40772658  1.50933869]
 [ 0.20691993 -2.60215794]
 [ 0.58875326  2.70508575]
 [ 1.08086685 -1.14905649]
 [ 1.4917494   0.3050587 ]]
[[ 0.46399333 -0.80855863]
 [ 0.36600581 -2.31166314]
 [ 0.92675265  0.81748204]
 [ 0.40763832  1.50943983]
 [ 0.20682179 -2.6022349 ]
 [ 0.58888332  2.70501614]
 [ 1.08096257 -1.14925894]
 [ 1.49160265  0.30546132]]
[[ 0.46410775 -0.80858513]
 [ 0.36590518 -2.31175572]
 [ 0.92662365  0.81749226]
 [ 0.40755011  1.50954097]
 [ 0.20672367 -2.60231182]
 [ 0.58901342  2.70494656]
 [ 1.08105824 -1.14946147]
 [ 1.49145589  0.30586214]]
[[ 0.46433659 -0.80863819]
 [ 0.36570392 -2.31194086]
 [ 0.92636567  0.81751279]
 [ 0.40737369  1.50974324]
 [ 0.20652743 -2.60246565]
 [ 0.58927363  2.70480735]
 [ 1.08124949 -1.14986684]
 [ 1.49116235  0.30665994]]
[[ 0.46445101 -0.80866476]
 [ 0.36560329 -2.31203341]
 [ 0.92623669  0.81752309]
 [ 0.40728548  1.50984437]
 [ 0.20642932 -2.60254255]
 [ 0.58940374  2.70473773]
 [ 1.08134508 -1.15006969]
 [ 1.49101558  0.30705693]]
[[ 0.46456542 -0.80869135]
 [ 0.36550266 -2.31212595]
 [ 0.92610771  0.81753343]
 [ 0.40719728  1.5099455 ]
 [ 0.20633122 -2.60261946]
 [ 0.58953385  2.70466809]
 [ 1.08144064 -1.15027264]
 [ 1.49086879  0.30745265]]
[[ 0.46479425 -0.8087446 ]
 [ 0.36530139 -2.312311  ]
 [ 0.92584976  0.81755417]
 [ 0.40702087  1.51014774]
 [ 0.20613502 -2.60277327]
 [ 0.58979407  2.70452877]
 [ 1.08163169 -1.15067887]
 [ 1.49057521  0.30824032]]
[[ 0.46490867 -0.80877126]
 [ 0.36520076 -2.31240351]
 [ 0.9257208   0.81756458]
 [ 0.40693266  1.51024886]
 [ 0.20603693 -2.60285017]
 [ 0.58992418  2.70445908]
 [ 1.08172717 -1.15088214]
 [ 1.49042842  0.30863231]]
[[ 0.46502308 -0.80879794]
 [ 0.36510012 -2.31249601]
 [ 0.92559184  0.81757502]
 [ 0.40684446  1.51034997]
 [ 0.20593885 -2.60292706]
 [ 0.5900543   2.70438938]
 [ 1.08182263 -1.15108552]
 [ 1.49028161  0.30902304]]
[[ 0.4652519  -0.80885137]
 [ 0.36489885 -2.31268098]
 [ 0.92533393  0.81759598]
 [ 0.40666805  1.51055218]
 [ 0.20574269 -2.60308085]
 [ 0.59031453  2.70424993]
 [ 1.08201347 -1.1514926 ]
 [ 1.48998799  0.30980083]]
[[ 0.46536632 -0.80887813]
 [ 0.36479821 -2.31277345]
 [ 0.92520498  0.8176065 ]
 [ 0.40657985  1.51065328]
 [ 0.20564462 -2.60315774]
 [ 0.59044465  2.70418019]
 [ 1.08210886 -1.1516963 ]
 [ 1.48984117  0.31018792]]
