68722.000 [  856554.19923 -4842967.5223   4047980.9361 ] [856542.3423, -4842967.3545, 4047984.4244]
68724.000 [856542.329, -4842966.4601, 4047984.1487] [856542.3616, -4842967.3767, 4047984.4659]
68726.000 [856542.6172, -4842966.8872, 4047984.6949] [856542.725, -4842967.7072, 4047984.9218]
68727.000 [856542.6172, -4842966.8872, 4047984.6949] [856542.6827, -4842967.6866, 4047984.9177]
68729.000 [856542.4986, -4842966.827, 4047984.5047] [856542.3378, -4842967.3271, 4047984.4063]
68731.000 [856542.532, -4842966.9276, 4047984.5742] [856542.2669, -4842967.343, 4047984.4145]
68733.000 [856542.6055, -4842967.1011, 4047984.7684] [856542.2082, -4842967.3736, 4047984.4148]
68736.000 [856542.6055, -4842967.1011, 4047984.7684] [856542.17, -4842967.3685, 4047984.3916]
68738.000 [856542.6055, -4842967.1011, 4047984.7684] [856542.2334, -4842967.3393, 4047984.43]
68739.000 [856542.4392, -4842967.0645, 4047984.6011] [856542.2607, -4842967.3393, 4047984.4208]
68743.000 [856542.4085, -4842967.0267, 4047984.5464] [856542.3986, -4842967.3037, 4047984.4068]
68745.000 [856542.3985, -4842967.0633, 4047984.538] [856542.3443, -4842967.3448, 4047984.3772]
