69176.000 [  856554.19923 -4842967.5223   4047980.9361 ] [856542.9657, -4842967.5992, 4047984.6536]
69180.000 [  856554.19923 -4842967.5223   4047980.9361 ] [856543.0653, -4842967.5748, 4047984.6729]
69181.000 [  856554.19923 -4842967.5223   4047980.9361 ] [856543.052, -4842967.5251, 4047984.7332]
69182.000 [  856554.19923 -4842967.5223   4047980.9361 ] [856543.0473, -4842967.4657, 4047984.8082]
69184.000 [  856554.19923 -4842967.5223   4047980.9361 ] [856543.0585, -4842967.3689, 4047984.9211]
69185.000 [  856554.19923 -4842967.5223   4047980.9361 ] [856543.049, -4842967.2961, 4047985.0022]
69186.000 [  856554.19923 -4842967.5223   4047980.9361 ] [856543.0349, -4842967.2209, 4047985.0805]
69187.000 [  856554.19923 -4842967.5223   4047980.9361 ] [856543.0499, -4842967.1552, 4047985.1325]
69188.000 [  856554.19923 -4842967.5223   4047980.9361 ] [856543.0559, -4842967.1195, 4047985.1906]
69189.000 [  856554.19923 -4842967.5223   4047980.9361 ] [856543.0178, -4842967.0741, 4047985.2621]
69191.000 [  856554.19923 -4842967.5223   4047980.9361 ] [856543.0249, -4842966.9207, 4047985.4126]
69192.000 [  856554.19923 -4842967.5223   4047980.9361 ] [856543.0434, -4842966.8622, 4047985.4866]
69193.000 [  856554.19923 -4842967.5223   4047980.9361 ] [856543.0121, -4842966.7942, 4047985.57]
69194.000 [  856554.19923 -4842967.5223   4047980.9361 ] [856542.9851, -4842966.732, 4047985.6198]
69195.000 [  856554.19923 -4842967.5223   4047980.9361 ] [856542.9954, -4842966.6866, 4047985.6492]
69197.000 [  856554.19923 -4842967.5223   4047980.9361 ] [856542.9728, -4842966.521, 4047985.8081]
69201.000 [856545.6017, -4842960.6618, 4047989.9624] [856542.9185, -4842966.4562, 4047985.8998]
69202.000 [856546.4591, -4842962.2179, 4047989.5069] [856542.8981, -4842966.487, 4047985.8806]
69203.000 [856546.5057, -4842963.2375, 4047989.2233] [856542.922, -4842966.4944, 4047985.8643]
69205.000 [856547.483, -4842964.0015, 4047987.8898] [856542.8691, -4842966.6102, 4047985.7229]
69207.000 [856547.483, -4842964.0015, 4047987.8898] [856542.873, -4842966.5544, 4047985.7971]
69209.000 [856547.3158, -4842963.4848, 4047987.5693] [856542.9211, -4842966.472, 4047985.8541]
69211.000 [856547.3158, -4842963.4848, 4047987.5693] [856542.9294, -4842966.4049, 4047985.8997]
69213.000 [856547.4275, -4842963.5866, 4047987.7888] [856542.8847, -4842966.4625, 4047985.8322]
69214.000 [856547.3243, -4842963.4773, 4047987.6939] [856542.8251, -4842966.5207, 4047985.7696]
69215.000 [856547.2969, -4842963.4535, 4047987.6908] [856542.8189, -4842966.5956, 4047985.6823]
69216.000 [856547.3351, -4842963.5031, 4047987.6881] [856542.7879, -4842966.6619, 4047985.6189]
69217.000 [13306856547.355, 9.0, -4842963.5185] [856542.7534, -4842966.6836, 4047985.5851]
69221.000 [856547.2904, -4842963.4832, 4047987.5704] [856542.806, -4842966.8021, 4047985.5035]
69224.000 [856547.2719, -4842963.4752, 4047987.4927] [856544.6331, -4842965.6907, 4047987.2667]
69225.000 [856547.2719, -4842963.4752, 4047987.4927] [856545.5556, -4842965.0401, 4047987.6037]
69226.000 [856547.2719, -4842963.4752, 4047987.4927] [856545.9872, -4842964.4163, 4047987.4278]
69227.000 [856547.2719, -4842963.4752, 4047987.4927] [856545.9141, -4842964.54, 4047987.2474]
69228.000 [856547.2719, -4842963.4752, 4047987.4927] [856545.9518, -4842964.5869, 4047987.1729]
69229.000 [856547.2719, -4842963.4752, 4047987.4927] [856545.988, -4842964.6173, 4047987.0979]
69230.000 [856547.2719, -4842963.4752, 4047987.4927] [856546.0093, -4842964.6539, 4047987.0597]
69232.000 [856547.2599, -4842963.4695, 4047987.4171] [856546.091, -4842964.7731, 4047986.874]
69233.000 [856547.2991, -4842963.5016, 4047987.4374] [856546.1428, -4842964.8113, 4047986.7931]
69234.000 [856547.3047, -4842963.4801, 4047987.4302] [856546.1785, -4842964.8371, 4047986.7171]
69235.000 [856547.3047, -4842963.4801, 4047987.4302] [856546.2277, -4842964.8937, 4047986.6101]
69237.000 [856547.3039, -4842963.4684, 4047987.3853] [856546.2315, -4842964.9075, 4047986.5096]
69238.000 [856547.339, -4842963.5116, 4047987.4116] [856546.2925, -4842964.9465, 4047986.4405]
69239.000 [856547.3356, -4842963.5129, 4047987.3801] [856546.3211, -4842964.9839, 4047986.3662]
69240.000 [856547.3356, -4842963.5129, 4047987.3801] [856546.3552, -4842965.0234, 4047986.311]
69241.000 [856547.458, -4842963.5774, 4047987.4173] [856546.427, -4842965.0727, 4047986.2416]
69242.000 [856547.458, -4842963.5774, 4047987.4173] [856546.4791, -4842965.1165, 4047986.1634]
69243.000 [856547.458, -4842963.5774, 4047987.4173] [856546.5219, -4842965.1813, 4047986.0706]
69244.000 [856547.458, -4842963.5774, 4047987.4173] [856546.5639, -4842965.2274, 4047986.0251]
69245.000 [856547.6982, -4842964.6815, 4047987.6924] [856546.6266, -4842965.2934, 4047985.9409]
69247.000 [856547.6982, -4842964.6815, 4047987.6924] [856546.7274, -4842965.393, 4047985.8386]
69249.000 [856547.6982, -4842964.6815, 4047987.6924] [856546.6938, -4842965.3761, 4047985.9089]
69250.000 [856547.6982, -4842964.6815, 4047987.6924] [856546.7034, -4842965.3635, 4047985.9161]
69251.000 [856547.6982, -4842964.6815, 4047987.6924] [856546.6354, -4842965.327, 4047985.9623]
69253.000 [856547.6982, -4842964.6815, 4047987.6924] [856546.5416, -4842965.2218, 4047986.1236]
69254.000 [856547.6982, -4842964.6815, 4047987.6924] [856546.4948, -4842965.1511, 4047986.175]
69256.000 [856548.454, -4842964.8979, 4047986.5087] [856546.4511, -4842965.0759, 4047986.2407]
69256.000 [856548.454, -4842964.8979, 4047986.5087] [856546.4511, -4842965.0759, 4047986.2407]
69257.000 [856548.454, -4842964.8979, 4047986.5087] [856546.4005, -4842965.0132, 4047986.3031]
69259.000 [856548.454, -4842964.8979, 4047986.5087] [856546.3501, -4842964.9331, 4047986.395]
69260.000 [856548.454, -4842964.8979, 4047986.5087] [856546.3347, -4842964.903, 4047986.4529]
69261.000 [856548.454, -4842964.8979, 4047986.5087] [856546.3536, -4842964.8349, 4047986.5003]
69262.000 [856548.454, -4842964.8979, 4047986.5087] [856546.317, -4842964.7862, 4047986.5598]
69263.000 [856548.8337, -4842967.1352, 4047984.8967] [856546.2932, -4842964.7239, 4047986.6536]
69267.000 [856547.5243, -4842969.7477, 4047986.1821] [856546.2631, -4842964.5701, 4047986.817]
69268.000 [856546.6012, -4842966.2296, 4047984.6548] [856546.3038, -4842964.6153, 4047986.7532]
69272.000 [856546.6012, -4842966.2296, 4047984.6548] [856546.4196, -4842964.696, 4047986.7177]
69273.000 [856546.5823, -4842966.4412, 4047984.6313] [856546.3958, -4842964.6711, 4047986.7245]
69277.000 [856547.8728, -4842964.8702, 4047986.914] [856546.2787, -4842964.6635, 4047986.7928]
69278.000 [856547.8728, -4842964.8702, 4047986.914] [856546.2667, -4842964.6757, 4047986.7959]
69279.000 [856547.8728, -4842964.8702, 4047986.914] [856546.3168, -4842964.721, 4047986.72]
69280.000 [856547.8728, -4842964.8702, 4047986.914] [856546.3085, -4842964.7303, 4047986.728]
69281.000 [856548.3447, 1.0, -4842963.4599] [856546.348, -4842964.798, 4047986.6509]
69285.000 [856548.3447, 1.0, -4842963.4599] [856546.4047, -4842964.8107, 4047986.5465]
69286.000 [856548.3447, 1.0, -4842963.4599] [856546.4649, -4842964.8522, 4047986.4987]
69287.000 [856548.3447, 1.0, -4842963.4599] [856546.5228, -4842964.8827, 4047986.4353]
69288.000 [856548.3447, 1.0, -4842963.4599] [856546.5912, -4842964.916, 4047986.3754]
69289.000 [856548.3447, 1.0, -4842963.4599] [856546.6579, -4842964.9525, 4047986.3257]
69290.000 [856548.3447, 1.0, -4842963.4599] [856546.6943, -4842964.9635, 4047986.2781]
69291.000 [856548.3447, 1.0, -4842963.4599] [856546.7667, -4842964.9821, 4047986.2044]
69292.000 [856548.3447, 1.0, -4842963.4599] [856546.8182, -4842965.0284, 4047986.122]
69293.000 [856548.3447, 1.0, -4842963.4599] [856546.8879, -4842965.0839, 4047986.0657]
69294.000 [856548.3447, 1.0, -4842963.4599] [856546.9606, -4842965.1217, 4047986.0137]
69296.000 [856548.3447, 1.0, -4842963.4599] [856547.1273, -4842965.1935, 4047985.9]
69297.000 [856548.7977, -4842963.5695, 4047988.0144] [856547.1857, -4842965.2595, 4047985.8295]
69299.000 [856548.7977, -4842963.5695, 4047988.0144] [856547.2556, -4842965.3331, 4047985.7803]
69300.000 [856549.6718, -4842963.5385, 4047987.9912] [856547.2421, -4842965.3444, 4047985.7794]
69301.000 [856549.915, -4842963.4477, 4047987.792] [856547.1751, -4842965.2956, 4047985.8658]
69302.000 [856550.1957, -4842963.6128, 4047987.873] [856547.1182, -4842965.2719, 4047985.9449]
69304.000 [856550.1957, -4842963.6128, 4047987.873] [856547.0261, -4842965.1896, 4047986.0713]
69305.000 [856550.3128, -4842963.4394, 4047987.346] [856546.975, -4842965.1405, 4047986.1377]
69306.000 [856550.3128, -4842963.4394, 4047987.346] [856546.9216, -4842965.0807, 4047986.1973]
69307.000 [856550.3684, -4842962.7581, 4047987.3696] [856546.9668, -4842965.0961, 4047986.1654]
69308.000 [856550.3573, -4842962.7243, 4047987.366] [856547.009, -4842965.1328, 4047986.0824]
69309.000 [13306856550.34, 6.0, -4842962.7004] [856547.0624, -4842965.1831, 4047986.004]
69313.000 [856550.3177, -4842962.6559, 4047987.3167] [856547.159, -4842965.2633, 4047985.9221]
69316.000 [856550.3242, -4842962.6645, 4047987.3039] [856547.0969, -4842965.241, 4047985.9804]
69317.000 [856550.3141, -4842962.6697, 4047987.2983] [856547.0683, -4842965.2584, 4047985.9553]
69318.000 [856550.1754, -4842963.0299, 4047987.4422] [856547.1161, -4842965.3015, 4047985.8877]
69319.000 [856550.1754, -4842963.0299, 4047987.4422] [856547.1755, -4842965.339, 4047985.812]
69320.000 [856550.1754, -4842963.0299, 4047987.4422] [856547.2193, -4842965.3959, 4047985.7389]
69321.000 [856548.7435, -4842964.325, 4047987.1363] [856547.2521, -4842965.4117, 4047985.6892]
69323.000 [856548.7435, -4842964.325, 4047987.1363] [856547.3765, -4842965.5039, 4047985.5606]
69324.000 [856548.7435, -4842964.325, 4047987.1363] [856547.3307, -4842965.4569, 4047985.5921]
69325.000 [856548.7435, -4842964.325, 4047987.1363] [856547.2668, -4842965.4271, 4047985.6726]
69326.000 [856548.7435, -4842964.325, 4047987.1363] [856547.1998, -4842965.3887, 4047985.7272]
69327.000 [856548.7435, -4842964.325, 4047987.1363] [856547.1601, -4842965.3546, 4047985.805]
69328.000 [13306856548.174, 3.0, 5.0] [856547.1014, -4842965.3043, 4047985.871]
69329.000 [856548.0778, -4842964.9284, 4047986.6833] [856547.0592, -4842965.2447, 4047985.9533]
69330.000 [856548.0778, -4842964.9284, 4047986.6833] [856547.0326, -4842965.2217, 4047985.9854]
69331.000 [856548.0778, -4842964.9284, 4047986.6833] [856546.9528, -4842965.1692, 4047986.0399]
69333.000 [856548.0778, -4842964.9284, 4047986.6833] [856546.8261, -4842965.0827, 4047986.1868]
69334.000 [13306856548.078, 1.0, 5.0] [856546.7928, -4842965.0321, 4047986.2621]
69336.000 [13306856548.078, 1.0, 5.0] [856546.7633, -4842965.0084, 4047986.2639]
69339.000 [13306856548.078, 1.0, 5.0] [856546.8195, -4842965.0242, 4047986.2097]
69341.000 [13306856548.078, 1.0, 5.0] [856546.7613, -4842964.9925, 4047986.2757]
69344.000 [13306856548.078, 1.0, 5.0] [856546.6813, -4842965.0176, 4047986.2878]
69347.000 [13306856548.078, 1.0, 5.0] [856546.6209, -4842964.9182, 4047986.3379]
69348.000 [13306856548.078, 1.0, 5.0] [856546.5809, -4842964.8851, 4047986.3488]
69351.000 [856547.3256, -4842965.0961, 4047987.4305] [856546.4771, -4842964.868, 4047986.403]
69355.000 [856547.3256, -4842965.0961, 4047987.4305] [856546.409, -4842964.9004, 4047986.4058]
69356.000 [856547.6854, -4842964.5661, 4047987.7374] [856546.3876, -4842964.9092, 4047986.4183]
69357.000 [856547.858, -4842963.8238, 4047987.6294] [856546.3256, -4842964.8678, 4047986.4685]
69358.000 [856547.9202, -4842963.8972, 4047987.5022] [856546.2903, -4842964.8333, 4047986.5234]
69359.000 [856547.9202, -4842963.8972, 4047987.5022] [856546.2307, -4842964.8025, 4047986.5527]
69361.000 [856547.9202, -4842963.8972, 4047987.5022] [856546.1023, -4842964.715, 4047986.6931]
69362.000 [856547.9202, -4842963.8972, 4047987.5022] [856546.0283, -4842964.695, 4047986.7446]
69363.000 [856547.9202, -4842963.8972, 4047987.5022] [856545.9868, -4842964.6775, 4047986.8194]
69364.000 [856547.9202, -4842963.8972, 4047987.5022] [856545.9058, -4842964.6774, 4047986.9289]
69365.000 [856547.9202, -4842963.8972, 4047987.5022] [856545.8512, -4842964.6259, 4047986.9962]
69366.000 [856547.9202, -4842963.8972, 4047987.5022] [856545.8221, -4842964.6172, 4047987.0131]
69367.000 [856547.9202, -4842963.8972, 4047987.5022] [856545.796, -4842964.6291, 4047987.0332]
69368.000 [856547.9202, -4842963.8972, 4047987.5022] [856545.7375, -4842964.5799, 4047987.1268]
69369.000 [856547.6796, 4.0, -4842964.0221] [856545.6971, -4842964.5549, 4047987.1707]
69373.000 [856547.3547, -4842964.0473, 4047987.9943] [856545.6359, -4842964.4147, 4047987.3794]
69375.000 [856546.9395, 1.0, -4842964.7512] [856545.7029, -4842964.4375, 4047987.3115]
69378.000 [856546.9395, 1.0, -4842964.7512] [856545.6776, -4842964.41, 4047987.3495]
69379.000 [856546.9395, 1.0, -4842964.7512] [856545.698, -4842964.3821, 4047987.3635]
69380.000 [856546.9395, 1.0, -4842964.7512] [856545.8022, -4842964.4295, 4047987.2896]
69382.000 [856546.9395, 1.0, -4842964.7512] [856545.9897, -4842964.4556, 4047987.2088]
69383.000 [856546.9395, 1.0, -4842964.7512] [856546.0781, -4842964.5078, 4047987.1698]
69384.000 [856546.9395, 1.0, -4842964.7512] [856546.1708, -4842964.5209, 4047987.1227]
69385.000 [856546.9395, 1.0, -4842964.7512] [856546.2747, -4842964.5506, 4047987.0834]
69386.000 [856546.9395, 1.0, -4842964.7512] [856546.3737, -4842964.56, 4047987.0643]
69387.000 [856546.9395, 1.0, -4842964.7512] [856546.4516, -4842964.5719, 4047987.0056]
69388.000 [856547.0899, 6.0, -4842964.3983] [856546.5472, -4842964.6018, 4047986.9572]
69389.000 [856547.0899, 6.0, -4842964.3983] [856546.62, -4842964.6304, 4047986.9105]
69390.000 [856547.1785, -4842964.0264, 4047988.2004] [856546.6866, -4842964.6328, 4047986.8876]
69392.000 [856546.9959, -4842964.6919, 4047988.0783] [856546.8701, -4842964.6975, 4047986.7928]
69393.000 [856546.9959, -4842964.6919, 4047988.0783] [856546.8697, -4842964.7039, 4047986.7727]
69394.000 [856546.9959, -4842964.6919, 4047988.0783] [856546.8181, -4842964.6806, 4047986.8249]
69396.000 [856546.9959, -4842964.6919, 4047988.0783] [856546.6722, -4842964.6345, 4047986.9049]
69397.000 [856546.9959, -4842964.6919, 4047988.0783] [856546.6109, -4842964.639, 4047986.9469]
69398.000 [856546.8737, -4842964.958, 4047988.1879] [856546.5497, -4842964.6153, 4047987.0092]
69399.000 [856546.8575, -4842964.9168, 4047988.2491] [856546.4668, -4842964.5837, 4047987.0699]
69400.000 [856546.8575, -4842964.9168, 4047988.2491] [856546.3938, -4842964.5552, 4047987.1049]
69402.000 [856546.8575, -4842964.9168, 4047988.2491] [856546.2677, -4842964.5318, 4047987.1841]
69403.000 [856546.8575, -4842964.9168, 4047988.2491] [856546.2354, -4842964.524, 4047987.1885]
69404.000 [856546.8575, -4842964.9168, 4047988.2491] [856546.1843, -4842964.5121, 4047987.2261]
69405.000 [856546.8575, -4842964.9168, 4047988.2491] [856546.108, -4842964.4627, 4047987.302]
69407.000 [856547.0605, -4842964.5539, 4047988.3363] [856545.939, -4842964.3694, 4047987.3924]
69408.000 [856546.892, -4842964.5731, 4047988.2919] [856545.8605, -4842964.3417, 4047987.4415]
69409.000 [13306856546.927, 1.0, 8.0] [856545.7849, -4842964.3036, 4047987.4761]
69412.000 [13306856546.927, 1.0, 8.0] [856545.7903, -4842964.2737, 4047987.5133]
69414.000 [13306856546.927, 1.0, 8.0] [856545.7534, -4842964.2682, 4047987.5767]
69416.000 [13306856546.785, 2.0, 2.0] [856545.8269, -4842964.3055, 4047987.5324]
69418.000 [13306856546.785, 2.0, 2.0] [856545.7717, -4842964.2883, 4047987.5781]
69422.000 [13306856546.785, 2.0, 2.0] [856545.6546, -4842964.3232, 4047987.6053]
69424.000 [13306856546.785, 2.0, 2.0] [856545.6034, -4842964.3126, 4047987.624]
69425.000 [13306856546.785, 2.0, 2.0] [856545.5598, -4842964.3032, 4047987.6449]
69427.000 [856547.3172, -4842963.0022, 4047988.3965] [856545.4943, -4842964.2555, 4047987.6873]
69428.000 [856547.3172, -4842963.0022, 4047988.3965] [856545.3936, -4842964.2443, 4047987.6983]
69429.000 [856546.8064, -4842963.5282, 4047987.5244] [856545.3913, -4842964.2576, 4047987.6761]
69431.000 [856546.8064, -4842963.5282, 4047987.5244] [856545.5023, -4842964.2921, 4047987.5388]
69432.000 [856547.7835, -4842965.0062, 4047989.0293] [856545.5447, -4842964.3215, 4047987.4852]
69433.000 [856547.5812, -4842964.2992, 4047988.3967] [856545.6059, -4842964.3717, 4047987.4282]
69434.000 [856547.5812, -4842964.2992, 4047988.3967] [856545.6209, -4842964.3776, 4047987.3982]
69435.000 [856547.5812, -4842964.2992, 4047988.3967] [856545.651, -4842964.3991, 4047987.355]
69437.000 [856547.5812, -4842964.2992, 4047988.3967] [856545.7556, -4842964.4384, 4047987.271]
69438.000 [856547.4592, -4842963.1954, 4047987.8654] [856545.7203, -4842964.4366, 4047987.3434]
69439.000 [856547.4592, -4842963.1954, 4047987.8654] [856545.6679, -4842964.4226, 4047987.3845]
69440.000 [856547.4592, -4842963.1954, 4047987.8654] [856545.6398, -4842964.4192, 4047987.3948]
69441.000 [856547.4592, -4842963.1954, 4047987.8654] [856545.7087, -4842964.4402, 4047987.3442]
69442.000 [856547.4592, -4842963.1954, 4047987.8654] [856545.7971, -4842964.4799, 4047987.2988]
69444.000 [856547.4592, -4842963.1954, 4047987.8654] [856545.934, -4842964.5299, 4047987.1654]
69445.000 [856545.6142, -4842962.7332, 4047988.5146] [856546.022, -4842964.5465, 4047987.085]
69446.000 [856545.4435, -4842962.9876, 4047988.263] [856546.0993, -4842964.5729, 4047987.0312]
69448.000 [856545.129, -4842963.9886, 4047987.7704] [856546.2248, -4842964.6135, 4047986.9706]
69450.000 [856545.1166, -4842965.0948, 4047987.1949] [856546.3217, -4842964.6539, 4047986.943]
69453.000 [856546.0247, -4842965.7471, 4047986.0891] [856546.4577, -4842964.6929, 4047986.9373]
69457.000 [856546.0247, -4842965.7471, 4047986.0891] [856546.4022, -4842964.7198, 4047986.9474]
69458.000 [856547.2075, -4842964.7362, 4047985.6749] [856546.4201, -4842964.7532, 4047986.9464]
69461.000 [856547.2075, -4842964.7362, 4047985.6749] [856546.5686, -4842964.7826, 4047986.8898]
69462.000 [13306856547.178, 2.0, -4842963.5864] [856546.5542, -4842964.7669, 4047986.9009]
69466.000 [856548.1837, -4842964.3899, 4047987.4572] [856546.4292, -4842964.848, 4047986.9043]
69467.000 [13306856547.637, 7.0, -4842963.7486] [856546.4033, -4842964.8591, 4047986.8875]
69470.000 [13306856547.637, 7.0, -4842963.7486] [856546.2375, -4842964.8078, 4047986.9889]
69472.000 [13306856547.637, 7.0, -4842963.7486] [856546.2556, -4842964.8057, 4047987.0332]
69474.000 [13306856547.637, 7.0, -4842963.7486] [856546.1927, -4842964.8071, 4047987.1142]
69475.000 [856547.9313, -4842963.4441, 4047986.9361] [856546.1733, -4842964.8208, 4047987.1035]
69478.000 [856547.9313, -4842963.4441, 4047986.9361] [856545.9819, -4842964.7897, 4047987.1215]
69479.000 [856547.7401, -4842963.3357, 4047987.6586] [856545.9962, -4842964.8019, 4047987.0819]
69480.000 [856547.7401, -4842963.3357, 4047987.6586] [856546.0279, -4842964.806, 4047987.0492]
69481.000 [856547.7401, -4842963.3357, 4047987.6586] [856546.1178, -4842964.8551, 4047986.9808]
69482.000 [856547.7401, -4842963.3357, 4047987.6586] [856546.2026, -4842964.8919, 4047986.9358]
69483.000 [856547.7401, -4842963.3357, 4047987.6586] [856546.2886, -4842964.957, 4047986.8973]
69484.000 [856547.7401, -4842963.3357, 4047987.6586] [856546.3582, -4842965.0008, 4047986.8501]
69486.000 [856547.7401, -4842963.3357, 4047987.6586] [856546.5588, -4842965.0896, 4047986.7523]
69487.000 [856547.7401, -4842963.3357, 4047987.6586] [856546.6119, -4842965.1152, 4047986.6886]
69488.000 [856547.7401, -4842963.3357, 4047987.6586] [856546.6604, -4842965.1588, 4047986.6267]
69490.000 [856547.7401, -4842963.3357, 4047987.6586] [856546.7733, -4842965.1701, 4047986.5846]
69491.000 [856546.3026, -4842966.1971, 4047986.3951] [856546.836, -4842965.1757, 4047986.5531]
69493.000 [856546.3026, -4842966.1971, 4047986.3951] [856546.9464, -4842965.232, 4047986.5087]
69494.000 [856546.3026, -4842966.1971, 4047986.3951] [856547.0351, -4842965.2511, 4047986.4674]
69495.000 [13306856548.427, 8.0, -4842965.0534] [856547.108, -4842965.2837, 4047986.4261]
69497.000 [13306856547.55, 1.0, 4.0] [856547.2133, -4842965.3029, 4047986.3921]
69499.000 [13306856547.55, 1.0, 4.0] [856547.1566, -4842965.3007, 4047986.4572]
69501.000 [13306856547.55, 1.0, 4.0] [856547.0559, -4842965.2698, 4047986.4653]
69505.000 [13306856547.55, 1.0, 4.0] [856546.9471, -4842965.2434, 4047986.5227]
69509.000 [13306856547.55, 1.0, 4.0] [856546.5403, -4842964.9449, 4047986.0957]
69510.000 [856546.9381, -4842966.2927, 4047986.1374] [856546.7478, -4842965.1624, 4047986.3123]
69512.000 [13306856547.755, 1.0, 8.0] [856546.6319, -4842964.939, 4047985.9497]
69514.000 [13306856547.755, 1.0, 8.0] [856546.9857, -4842965.1997, 4047986.1567]
69517.000 [856547.4612, -4842965.3694, 4047985.7552] [856546.9608, -4842965.1168, 4047986.0525]
69519.000 [856547.4612, -4842965.3694, 4047985.7552] [856547.1247, -4842965.3452, 4047986.3755]
69521.000 [13306856547.206, 1.0, 0.0] [856547.0898, -4842965.2415, 4047986.2323]
69523.000 [856546.413, -4842965.6239, 4047986.2834] [856546.8802, -4842965.114, 4047986.1219]
69527.000 [856546.413, -4842965.6239, 4047986.2834] [856546.9155, -4842965.3111, 4047986.2771]
69528.000 [856546.413, -4842965.6239, 4047986.2834] [856546.2135, -4842964.3098, 4047986.397]
69530.000 [856546.413, -4842965.6239, 4047986.2834] [856546.315, -4842964.3197, 4047986.2736]
69531.000 [856546.413, -4842965.6239, 4047986.2834] [856539.602, -4842957.8275, 4047980.9054]
69533.000 [856546.413, -4842965.6239, 4047986.2834] [856546.9956, -4842965.0248, 4047986.3313]
69536.000 [856546.413, -4842965.6239, 4047986.2834] [856547.0278, -4842964.9355, 4047985.6577]
69540.000 [13306856548.987, 3.0, 2.0] [856547.6102, -4842965.4968, 4047986.1638]
69541.000 [13306856548.987, 3.0, 2.0] [856547.5195, -4842965.3659, 4047986.1102]
69543.000 [13306856548.987, 3.0, 2.0] [856547.5396, -4842965.5854, 4047986.2907]
69544.000 [13306856548.987, 3.0, 2.0] [856547.4472, -4842965.4992, 4047986.1634]
69546.000 [13306856548.987, 3.0, 2.0] [856547.1743, -4842965.4193, 4047986.1545]
69549.000 [13306856548.987, 3.0, 2.0] [856547.1071, -4842965.5481, 4047986.1765]
69553.000 [13306856548.987, 3.0, 2.0] [856547.0544, -4842965.4001, 4047986.0598]
69555.000 [13306856548.987, 3.0, 2.0] [856547.0698, -4842965.4645, 4047986.1796]
69558.000 [13306856548.987, 3.0, 2.0] [856546.9738, -4842965.5314, 4047986.2046]
69562.000 [13306856547.54, 4.0, -4842965.378] [856547.005, -4842965.5226, 4047986.1687]
69566.000 [13306856547.54, 4.0, -4842965.378] [856546.8896, -4842965.4506, 4047986.0876]
69567.000 [13306856547.54, 4.0, -4842965.378] [856546.8886, -4842965.4563, 4047986.1]
69568.000 [13306856547.54, 4.0, -4842965.378] [856546.7795, -4842965.4531, 4047986.1325]
69569.000 [13306856547.54, 4.0, -4842965.378] [856546.7031, -4842965.4574, 4047986.1746]
69571.000 [13306856547.54, 4.0, -4842965.378] [856546.771, -4842965.437, 4047986.0226]
69573.000 [856547.9782, -4842964.1887, 4047987.5846] [856546.9009, -4842965.4309, 4047985.9585]
69575.000 [856547.9782, -4842964.1887, 4047987.5846] [856546.9861, -4842965.474, 4047985.9123]
69576.000 [856547.9782, -4842964.1887, 4047987.5846] [856546.9771, -4842965.4591, 4047985.9518]
69577.000 [856547.9782, -4842964.1887, 4047987.5846] [856546.9241, -4842965.4345, 4047985.9998]
69578.000 [856547.9782, -4842964.1887, 4047987.5846] [856546.7944, -4842965.3901, 4047985.9949]
69579.000 [856547.9782, -4842964.1887, 4047987.5846] [856546.7041, -4842965.3697, 4047986.0201]
69581.000 [856547.0005, -4842964.6868, 4047987.3714] [856546.4924, -4842965.2995, 4047986.0739]
69583.000 [856547.0005, -4842964.6868, 4047987.3714] [856546.4697, -4842965.3683, 4047986.1657]
69584.000 [856547.0005, -4842964.6868, 4047987.3714] [856546.4893, -4842965.3796, 4047986.2017]
69585.000 [856547.0005, -4842964.6868, 4047987.3714] [856546.4102, -4842965.3794, 4047986.2411]
69586.000 [856547.0005, -4842964.6868, 4047987.3714] [856546.3452, -4842965.3781, 4047986.3113]
69587.000 [856547.0005, -4842964.6868, 4047987.3714] [856546.284, -4842965.3624, 4047986.3712]
69589.000 [856546.7246, -4842964.2021, 4047987.7343] [856546.0873, -4842965.3527, 4047986.4668]
69591.000 [856547.5597, -4842964.1912, 4047987.6124] [856545.9734, -4842965.3303, 4047986.4763]
69593.000 [856547.5597, -4842964.1912, 4047987.6124] [856545.8757, -4842965.2536, 4047986.438]
69594.000 [856547.5597, -4842964.1912, 4047987.6124] [856545.8082, -4842965.2379, 4047986.438]
69595.000 [856548.0449, -4842964.8196, 4047986.6311] [856545.7292, -4842965.192, 4047986.5049]
69598.000 [856548.0449, -4842964.8196, 4047986.6311] [856545.5921, -4842965.1374, 4047986.6129]
69599.000 [856548