68473.000 [856541.572, -4842967.9218, 4047983.1618] [856540.2482, -4842968.3571, 4047984.6769]
68474.000 [856541.572, -4842967.9218, 4047983.1618] [856540.2432, -4842968.3484, 4047984.6712]
68476.000 [856541.572, -4842967.9218, 4047983.1618] [856540.2458, -4842968.3441, 4047984.6752]
68477.000 [856541.572, -4842967.9218, 4047983.1618] [856540.2558, -4842968.3467, 4047984.6838]
68479.000 [856541.572, -4842967.9218, 4047983.1618] [856540.2566, -4842968.3415, 4047984.7003]
68480.000 [856541.572, -4842967.9218, 4047983.1618] [856540.2551, -4842968.3481, 4047984.7073]
68481.000 [856541.572, -4842967.9218, 4047983.1618] [856540.261, -4842968.3627, 4047984.7081]
68482.000 [856541.572, -4842967.9218, 4047983.1618] [856540.2714, -4842968.3686, 4047984.7203]
68483.000 [856541.572, -4842967.9218, 4047983.1618] [856540.2743, -4842968.3851, 4047984.72]
68484.000 [856541.572, -4842967.9218, 4047983.1618] [856540.2798, -4842968.3993, 4047984.7296]
68485.000 [856542.2796, -4842968.6178, 4047984.5322] [856540.2881, -4842968.4087, 4047984.7325]
68492.000 [856543.8192, -4842968.4063, 4047984.8235] [856540.3201, -4842968.4762, 4047984.7717]
68500.000 [856543.8192, -4842968.4063, 4047984.8235] [856540.3077, -4842968.5111, 4047984.7906]
68502.000 [856543.8192, -4842968.4063, 4047984.8235] [856540.3229, -4842968.5318, 4047984.7978]
68503.000 [856543.8192, -4842968.4063, 4047984.8235] [856540.3256, -4842968.5458, 4047984.8078]
68504.000 [856543.8192, -4842968.4063, 4047984.8235] [856540.3252, -4842968.5437, 4047984.814]
68505.000 [856543.8192, -4842968.4063, 4047984.8235] [856540.3321, -4842968.5437, 4047984.8211]
68506.000 [856543.8192, -4842968.4063, 4047984.8235] [856540.3272, -4842968.5483, 4047984.8223]
68507.000 [856543.8192, -4842968.4063, 4047984.8235] [856540.3297, -4842968.5584, 4047984.8275]
68508.000 [856541.8751, -4842968.2169, 4047984.515] [856540.3352, -4842968.5593, 4047984.8316]
68514.000 [856544.5763, -4842968.0811, 4047985.2304] [856540.3319, -4842968.6201, 4047984.8485]
68522.000 [856543.7031, -4842968.5328, 4047984.8431] [856540.3347, -4842968.6324, 4047984.873]
68530.000 [856543.7509, -4842967.4955, 4047986.2281] [856540.2983, -4842968.5702, 4047984.8184]
68536.000 [856543.7509, -4842967.4955, 4047986.2281] [856540.2807, -4842968.5705, 4047984.8193]
68542.000 [856543.7509, -4842967.4955, 4047986.2281] [856540.2903, -4842968.549, 4047984.8175]
68548.000 [856543.7509, -4842967.4955, 4047986.2281] [856540.2916, -4842968.5042, 4047984.8005]
68554.000 [856543.7509, -4842967.4955, 4047986.2281] [856540.2994, -4842968.4983, 4047984.8321]
68560.000 [856543.7509, -4842967.4955, 4047986.2281] [856540.2835, -4842968.4264, 4047984.8174]
