68804.000 [  856554.19923 -4842967.5223   4047980.9361 ] [856542.5482, -4842968.0854, 4047984.8029]
68807.000 [  856554.19923 -4842967.5223   4047980.9361 ] [856542.6313, -4842968.1224, 4047984.8852]
68808.000 [  856554.19923 -4842967.5223   4047980.9361 ] [856542.6791, -4842968.1104, 4047984.9391]
68809.000 [  856554.19923 -4842967.5223   4047980.9361 ] [856542.7387, -4842968.0743, 4047984.9742]
68810.000 [  856554.19923 -4842967.5223   4047980.9361 ] [856542.8442, -4842968.0293, 4047985.0578]
68811.000 [  856554.19923 -4842967.5223   4047980.9361 ] [856542.8965, -4842968.0011, 4047985.1024]
68812.000 [856548.1126, -4842962.0355, 4047989.7481] [856542.9475, -4842967.9348, 4047985.1473]
68815.000 [856548.1296, -4842962.0087, 4047989.7386] [856543.0693, -4842967.8329, 4047985.2767]
68816.000 [856548.13, -4842961.9779, 4047989.7179] [856543.0358, -4842967.8222, 4047985.2651]
68817.000 [856548.1511, -4842962.0042, 4047989.7603] [856542.966, -4842967.8657, 4047985.2345]
68818.000 [856548.1511, -4842962.0042, 4047989.7603] [856542.9057, -4842967.9238, 4047985.2253]
68819.000 [856548.1606, -4842962.0118, 4047989.788] [856542.7948, -4842967.8965, 4047985.1]
68820.000 [856548.1606, -4842962.0118, 4047989.788] [856542.7344, -4842967.95, 4047985.0637]
68821.000 [856548.1606, -4842962.0118, 4047989.788] [856542.6652, -4842968.0015, 4047985.0229]
68822.000 [856548.1606, -4842962.0118, 4047989.788] [856542.5947, -4842968.0245, 4047984.9977]
68824.000 [856548.1606, -4842962.0118, 4047989.788] [856542.4534, -4842968.1274, 4047984.9421]
68825.000 [856548.1606, -4842962.0118, 4047989.788] [856542.4085, -4842968.1598, 4047984.8973]
68826.000 [856548.1631, 0.0, 81.0] [856542.4333, -4842968.1873, 4047984.9415]
68828.000 [856548.2182, -4842961.8716, 4047989.7605] [856543.595, -4842967.3169, 4047986.708]
68829.000 [856548.2237, -4842961.8352, 4047989.7312] [856544.1298, -4842966.2316, 4047987.8356]
68830.000 [856548.2204, -4842961.8032, 4047989.715] [856544.4742, -4842965.1238, 4047988.9727]
68831.000 [856548.2204, -4842961.8032, 4047989.715] [856544.8059, -4842964.1446, 4047989.9721]
68835.000 [856548.2204, -4842961.8032, 4047989.715] [856546.1427, -4842962.3031, 4047990.5437]
68837.000 [856548.2204, -4842961.8032, 4047989.715] [856546.1087, -4842962.2336, 4047990.6014]
68838.000 [856548.2204, -4842961.8032, 4047989.715] [856546.111, -4842962.2178, 4047990.6282]
68839.000 [856548.2465, 1.0, -4842961.7789] [856546.0873, -4842962.1831, 4047990.6961]
68841.000 [856548.2465, 1.0, -4842961.7789] [856545.9812, -4842962.0996, 4047990.7773]
68842.000 [856548.2465, 1.0, -4842961.7789] [856545.9686, -4842962.1144, 4047990.7939]
68843.000 [856548.2465, 1.0, -4842961.7789] [856546.0048, -4842962.165, 4047990.7194]
68844.000 [856548.2465, 1.0, -4842961.7789] [856546.0361, -4842962.2032, 4047990.6551]
68846.000 [856548.2465, 1.0, -4842961.7789] [856546.1048, -4842962.2996, 4047990.5294]
68847.000 [856548.2465, 1.0, -4842961.7789] [856546.1245, -4842962.3594, 4047990.4607]
68848.000 [856548.2465, 1.0, -4842961.7789] [856546.1601, -4842962.4248, 4047990.4014]
68849.000 [856548.2465, 1.0, -4842961.7789] [856546.192, -4842962.4839, 4047990.3233]
68850.000 [856548.2465, 1.0, -4842961.7789] [856546.2284, -4842962.5308, 4047990.2858]
68851.000 [856548.2465, 1.0, -4842961.7789] [856546.1044, -4842962.3381, 4047989.8949]
68852.000 [856548.2465, 1.0, -4842961.7789] [856546.1508, -4842962.391, 4047989.8201]
68853.000 [856547.9955, -4842961.5092, 4047989.4547] [856546.165, -4842962.422, 4047989.7435]
68856.000 [856547.6877, -4842961.6179, 4047989.9862] [856546.2518, -4842962.5028, 4047989.6069]
68857.000 [856547.6829, 5.0, -4842961.6098] [856546.2269, -4842962.472, 4047989.6559]
68860.000 [856547.6511, -4842961.6696, 4047989.6029] [856546.1406, -4842962.4257, 4047989.7336]
68862.000 [856548.4275, -4842961.6213, 4047989.6508] [856546.1817, -4842962.4738, 4047989.6854]
68864.000 [856548.8787, -4842961.308, 4047989.5694] [856546.1785, -4842962.4378, 4047989.7324]
68866.000 [856548.8787, -4842961.308, 4047989.5694] [856546.1168, -4842962.394, 4047989.7847]
68867.000 [856548.8787, -4842961.308, 4047989.5694] [856546.1113, -4842962.3697, 4047989.8032]
68868.000 [856548.8787, -4842961.308, 4047989.5694] [856546.0407, -4842962.3072, 4047989.8741]
68869.000 [856548.8787, -4842961.308, 4047989.5694] [856545.9892, -4842962.2653, 4047989.932]
68871.000 [856548.8787, -4842961.308, 4047989.5694] [856545.925, -4842962.2342, 4047990.0434]
68872.000 [856548.8787, -4842961.308, 4047989.5694] [856545.8876, -4842962.195, 4047990.0946]
68873.000 [856548.8787, -4842961.308, 4047989.5694] [856545.8619, -4842962.1572, 4047990.1505]
68874.000 [856548.8787, -4842961.308, 4047989.5694] [856545.8103, -4842962.1251, 4047990.2056]
68875.000 [856548.3525, -4842961.8869, 4047990.2783] [856545.7879, -4842962.1438, 4047990.2618]
68879.000 [856547.6816, -4842963.5739, 4047991.9746] [856545.6591, -4842962.0212, 4047990.382]
68879.000 [856547.7082, -4842963.6213, 4047992.0537] [856545.6591, -4842962.0212, 4047990.382]
68880.000 [856547.6192, -4842963.433, 4047992.2867] [856545.6628, -4842961.959, 4047990.4606]
68882.000 [856547.6192, -4842963.433, 4047992.2867] [856545.6554, -4842961.8626, 4047990.5924]
68883.000 [856547.6192, -4842963.433, 4047992.2867] [856545.6335, -4842961.7727, 4047990.6893]
68884.000 [856548.2755, -4842962.0742, 4047992.5208] [856545.6331, -4842961.7006, 4047990.7643]
68886.000 [856548.2759, -4842962.1281, 4047992.3933] [856545.6275, -4842961.6203, 4047990.8646]
68887.000 [856548.2759, -4842962.1281, 4047992.3933] [856545.6515, -4842961.5834, 4047990.8939]
68888.000 [856548.2759, -4842962.1281, 4047992.3933] [856545.637, -4842961.534, 4047990.9681]
68889.000 [856548.0319, -4842961.5964, 4047991.0699] [856545.6151, -4842961.5075, 4047991.0017]
68890.000 [856548.0792, -4842961.7634, 4047990.9296] [856545.5998, -4842961.4928, 4047991.0375]
68891.000 [856548.0792, -4842961.7634, 4047990.9296] [856545.6175, -4842961.4447, 4047991.1184]
68892.000 [856548.0792, -4842961.7634, 4047990.9296] [856545.5976, -4842961.3924, 4047991.1863]
68893.000 [856547.8079, -4842961.9569, 4047990.3681] [856545.6374, -4842961.3232, 4047991.2499]
68897.000 [856547.8818, -4842962.6728, 4047990.0626] [856545.6818, -4842961.212, 4047991.4055]
68899.000 [856547.8818, -4842962.6728, 4047990.0626] [856545.7417, -4842961.2466, 4047991.3582]
68900.000 [856547.9838, -4842963.0451, 4047989.2184] [856545.7027, -4842961.2414, 4047991.3586]
68901.000 [856547.9838, -4842963.0451, 4047989.2184] [856545.74, -4842961.3019, 4047991.2915]
68902.000 [856547.9838, -4842963.0451, 4047989.2184] [856545.785, -4842961.3489, 4047991.2176]
68903.000 [856547.8223, -4842963.4261, 4047988.7379] [856545.8292, -4842961.4135, 4047991.155]
68905.000 [856547.8223, -4842963.4261, 4047988.7379] [856545.8764, -4842961.5078, 4047991.0102]
68906.000 [856547.842, -4842964.2778, 4047988.9797] [856545.8669, -4842961.5103, 4047991.0244]
68908.000 [856548.4809, -4842963.9769, 4047989.3989] [856545.8841, -4842961.5967, 4047990.896]
68909.000 [856548.587, -4842963.7136, 4047989.4233] [856545.9016, -4842961.5833, 4047990.8898]
68910.000 [856548.587, -4842963.7136, 4047989.4233] [856545.9161, -4842961.6356, 4047990.8406]
68911.000 [856548.259, -4842963.3628, 4047989.2153] [856545.9628, -4842961.703, 4047990.7656]
68912.000 [856548.5328, -4842963.4902, 4047989.2142] [856545.9848, -4842961.7471, 4047990.6727]
68914.000 [856548.8395, -4842963.6137, 4047989.4864] [856546.0599, -4842961.8685, 4047990.4848]
68915.000 [856548.8395, -4842963.6137, 4047989.4864] [856546.093, -4842961.9069, 4047990.4216]
68916.000 [856548.6343, -4842963.6985, 4047989.538] [856546.1041, -4842961.897, 4047990.4251]
68918.000 [856548.4134, -4842963.4308, 4047989.2546] [856546.1652, -4842961.9792, 4047990.285]
68919.000 [856548.4134, -4842963.4308, 4047989.2546] [856546.2188, -4842962.006, 4047990.2254]
68920.000 [856548.4134, -4842963.4308, 4047989.2546] [856546.2624, -4842962.0616, 4047990.1624]
68921.000 [856548.4465, -4842962.9937, 4047988.2544] [856546.3156, -4842962.1084, 4047990.089]
68922.000 [856548.4465, -4842962.9937, 4047988.2544] [856546.35, -4842962.17, 4047990.0345]
68923.000 [856548.4465, -4842962.9937, 4047988.2544] [856546.3793, -4842962.1818, 4047990.0352]
68925.000 [856548.4465, -4842962.9937, 4047988.2544] [856546.2766, -4842962.1154, 4047990.1409]
68926.000 [856548.8241, -4842963.513, 4047987.7245] [856546.234, -4842962.0746, 4047990.1855]
68927.000 [856548.8241, -4842963.513, 4047987.7245] [856546.1763, -4842962.0246, 4047990.2564]
68928.000 [856548.8241, -4842963.513, 4047987.7245] [856546.1312, -4842961.9899, 4047990.3002]
68929.000 [856548.8241, -4842963.513, 4047987.7245] [856546.0702, -4842961.9415, 4047990.3554]
68930.000 [856548.8241, -4842963.513, 4047987.7245] [856546.0243, -4842961.8916, 4047990.4173]
68931.000 [856548.8241, -4842963.513, 4047987.7245] [856545.9776, -4842961.8566, 4047990.4729]
68932.000 [856548.8241, -4842963.513, 4047987.7245] [856545.8974, -4842961.7648, 4047990.5723]
68936.000 [856548.1236, -4842963.7412, 4047989.2708] [856545.7338, -4842961.7019, 4047990.7009]
68939.000 [856548.1236, -4842963.7412, 4047989.2708] [856545.761, -4842961.7443, 4047990.6549]
68940.000 [856548.1236, -4842963.7412, 4047989.2708] [856545.8028, -4842961.767, 4047990.6038]
68941.000 [856548.1236, -4842963.7412, 4047989.2708] [856545.8399, -4842961.8507, 4047990.5042]
68942.000 [856548.1204, -4842963.4501, 4047988.6194] [856545.8969, -4842961.9283, 4047990.4225]
68943.000 [856548.1204, -4842963.4501, 4047988.6194] [856545.9213, -4842961.972, 4047990.3659]
68944.000 [856548.078, -4842963.3244, 4047988.4451] [856545.9796, -4842962.0169, 4047990.3103]
68945.000 [856547.8506, -4842963.3235, 4047988.5144] [856545.9831, -4842962.0638, 4047990.2479]
68946.000 [856547.8506, -4842963.3235, 4047988.5144] [856546.0467, -4842962.1125, 4047990.1584]
68947.000 [856548.3053, -4842964.0093, 4047989.1345] [856546.0815, -4842962.1728, 4047990.0918]
68949.000 [856548.5089, -4842964.2294, 4047989.1862] [856546.1584, -4842962.2426, 4047989.9773]
68950.000 [856548.5157, -4842964.2063, 4047989.1609] [856546.1756, -4842962.2337, 4047989.9641]
68951.000 [856548.4288, -4842964.161, 4047989.0939] [856546.2239, -4842962.2933, 4047989.9148]
68952.000 [856548.5459, -4842964.0998, 4047989.1439] [856546.2957, -4842962.3224, 4047989.8654]
68953.000 [856548.6975, -4842964.0898, 4047989.2406] [856546.3434, -4842962.3809, 4047989.7807]
68954.000 [856548.6444, -4842964.0793, 4047989.3393] [856546.4071, -4842962.4203, 4047989.7233]
68955.000 [856548.6444, -4842964.0793, 4047989.3393] [856546.4737, -4842962.4675, 4047989.6347]
68956.000 [856548.6444, -4842964.0793, 4047989.3393] [856546.5636, -4842962.5242, 4047989.5736]
68957.000 [856548.6997, -4842963.9449, 4047989.5976] [856546.6202, -4842962.5727, 4047989.5051]
68959.000 [856548.6997, -4842963.9449, 4047989.5976] [856546.7376, -4842962.6621, 4047989.3739]
68960.000 [856548.6997, -4842963.9449, 4047989.5976] [856546.7999, -4842962.6828, 4047989.3283]
68961.000 [856548.6997, -4842963.9449, 4047989.5976] [856546.8783, -4842962.7208, 4047989.2566]
68962.000 [856548.6997, -4842963.9449, 4047989.5976] [856546.9438, -4842962.7571, 4047989.2057]
68963.000 [856548.6997, -4842963.9449, 4047989.5976] [856547.0128, -4842962.796, 4047989.1302]
68964.000 [856548.6997, -4842963.9449, 4047989.5976] [856547.0897, -4842962.8164, 4047989.0784]
68965.000 [856548.6997, -4842963.9449, 4047989.5976] [856547.1291, -4842962.8419, 4047989.0275]
68968.000 [856548.6997, -4842963.9449, 4047989.5976] [856547.2539, -4842962.9138, 4047988.9283]
68969.000 [856548.6997, -4842963.9449, 4047989.5976] [856547.2026, -4842962.8905, 4047988.9367]
68970.000 [856548.6997, -4842963.9449, 4047989.5976] [856547.176, -4842962.8881, 4047988.944]
68972.000 [856548.6997, -4842963.9449, 4047989.5976] [856547.217, -4842962.9912, 4047988.7998]
68973.000 [856548.6997, -4842963.9449, 4047989.5976] [856547.2719, -4842963.0139, 4047988.7445]
68974.000 [856548.6997, -4842963.9449, 4047989.5976] [856547.3016, -4842963.0733, 4047988.6757]
68975.000 [856548.6997, -4842963.9449, 4047989.5976] [856547.3264, -4842963.1086, 4047988.6197]
68976.000 [856548.6997, -4842963.9449, 4047989.5976] [856547.3604, -4842963.1622, 4047988.5352]
68977.000 [856548.6997, -4842963.9449, 4047989.5976] [856547.4346, -4842963.2006, 4047988.4795]
68978.000 [856548.6997, -4842963.9449, 4047989.5976] [856547.4588, -4842963.2472, 4047988.4423]
68979.000 [856548.6997, -4842963.9449, 4047989.5976] [856547.4835, -4842963.2914, 4047988.3959]
68981.000 [856548.6997, -4842963.9449, 4047989.5976] [856547.5177, -4842963.3394, 4047988.2813]
68982.000 [856548.6997, -4842963.9449, 4047989.5976] [856547.4889, -4842963.3468, 4047988.3125]
68983.000 [856548.6997, -4842963.9449, 4047989.5976] [856547.4287, -4842963.2684, 4047988.3874]
68984.000 [856548.6997, -4842963.9449, 4047989.5976] [856547.3896, -4842963.2308, 4047988.4089]
68985.000 [856548.6997, -4842963.9449, 4047989.5976] [856547.3778, -4842963.2351, 4047988.4182]
68986.000 [856548.6997, -4842963.9449, 4047989.5976] [856547.3111, -4842963.1801, 4047988.4821]
68987.000 [856548.6997, -4842963.9449, 4047989.5976] [856547.266, -4842963.1527, 4047988.5309]
68988.000 [856548.6997, -4842963.9449, 4047989.5976] [856547.2211, -4842963.073, 4047988.5961]
68989.000 [856548.6997, -4842963.9449, 4047989.5976] [856547.1469, -4842963.0388, 4047988.6668]
68990.000 [856548.6997, -4842963.9449, 4047989.5976] [856547.1238, -4842963.0012, 4047988.6871]
68991.000 [856548.6997, -4842963.9449, 4047989.5976] [856547.1054, -4842962.926, 4047988.7641]
68992.000 [856548.6997, -4842963.9449, 4047989.5976] [856547.0622, -4842962.8938, 4047988.8175]
68993.000 [856548.6997, -4842963.9449, 4047989.5976] [856547.0403, -4842962.8477, 4047988.8958]
68995.000 [856548.6997, -4842963.9449, 4047989.5976] [856546.9519, -4842962.7902, 4047989.0269]
68996.000 [856548.6997, -4842963.9449, 4047989.5976] [856546.9354, -4842962.7441, 4047989.0898]
69000.000 [856548.6997, -4842963.9449, 4047989.5976] [856546.9299, -4842962.6693, 4047989.2228]
69001.000 [856548.6997, -4842963.9449, 4047989.5976] [856546.9822, -4842962.6828, 4047989.2079]
69002.000 [856548.6997, -4842963.9449, 4047989.5976] [856547.0667, -4842962.6887, 4047989.1581]
69003.000 [856548.6997, -4842963.9449, 4047989.5976] [856547.1525, -4842962.7483, 4047989.1054]
69004.000 [856548.6997, -4842963.9449, 4047989.5976] [856547.2419, -4842962.77, 4047989.0646]
69005.000 [856548.6997, -4842963.9449, 4047989.5976] [856547.3085, -4842962.7817, 4047989.0198]
69006.000 [856548.6997, -4842963.9449, 4047989.5976] [856547.3988, -4842962.8018, 4047988.9806]
69008.000 [856548.6997, -4842963.9449, 4047989.5976] [856547.5401, -4842962.8385, 4047988.8933]
69009.000 [856548.6997, -4842963.9449, 4047989.5976] [856547.6082, -4842962.8515, 4047988.8628]
69010.000 [856548.6997, -4842963.9449, 4047989.5976] [856547.6838, -4842962.8717, 4047988.8077]
69013.000 [856548.6997, -4842963.9449, 4047989.5976] [856547.7525, -4842962.8723, 4047988.731]
69014.000 [856549.2571, -4842963.3691, 4047990.0247] [856547.7444, -4842962.8778, 4047988.7357]
69016.000 [856547.8519, 5.0, -4842963.0774] [856547.7795, -4842962.9015, 4047988.6868]
69018.000 [856547.6554, -4842962.8039, 4047989.5958] [856547.7137, -4842962.8536, 4047988.7596]
69019.000 [856547.6554, -4842962.8039, 4047989.5958] [856547.74, -4842962.8363, 4047988.7724]
69020.000 [856547.6554, -4842962.8039, 4047989.5958] [856547.851, -4842962.836, 4047988.736]
69022.000 [856547.6554, -4842962.8039, 4047989.5958] [856547.6825, -4842962.7939, 4047988.7935]
69023.000 [856547.6554, -4842962.8039, 4047989.5958] [856547.611, -4842962.7877, 4047988.8346]
69024.000 [856550.3721, -4842958.172, 4047987.2574] [856547.5469, -4842962.7565, 4047988.8567]
69027.000 [856550.3721, -4842958.172, 4047987.2574] [856547.4057, -4842962.703, 4047988.9172]
69028.000 [856549.0733, -4842961.288, 4047988.6096] [856547.4659, -4842962.7112, 4047988.8872]
69029.000 [856549.6712, -4842961.4666, 4047989.3395] [856547.5516, -4842962.7332, 4047988.8229]
69033.000 [856549.6712, -4842961.4666, 4047989.3395] [856547.6524, -4842962.7167, 4047988.8053]
69034.000 [856549.6712, -4842961.4666, 4047989.3395] [856547.6094, -4842962.7036, 4047988.8492]
69035.000 [856549.6712, -4842961.4666, 4047989.3395] [856547.5263, -4842962.7164, 4047988.8523]
69036.000 [856549.6712, -4842961.4666, 4047989.3395] [856547.4033, -4842962.6997, 4047988.8743]
69037.000 [856549.6712, -4842961.4666, 4047989.3395] [856547.3439, -4842962.6866, 4047988.8883]
69038.000 [856549.6712, -4842961.4666, 4047989.3395] [856547.2616, -4842962.6816, 4047988.902]
69039.000 [856549.6712, -4842961.4666, 4047989.3395] [856547.1606, -4842962.6847, 4047988.9355]
69040.000 [856549.6712, -4842961.4666, 4047989.3395] [856547.1092, -4842962.6786, 4047988.9597]
69041.000 [856549.6712, -4842961.4666, 4047989.3395] [856547.0022, -4842962.6796, 4047988.9941]
69042.000 [856549.6712, -4842961.4666, 4047989.3395] [856546.9129, -4842962.6816, 4047989.027]
69043.000 [856549.6712, -4842961.4666, 4047989.3395] [856546.8057, -4842962.6922, 4047989.0561]
69045.000 [856549.6712, -4842961.4666, 4047989.3395] [856546.6522, -4842962.6797, 4047989.1086]
69046.000 [856549.6712, -4842961.4666, 4047989.3395] [856546.5829, -4842962.6801, 4047989.1386]
69047.000 [856549.6712, -4842961.4666, 4047989.3395] [856546.5008, -4842962.6841, 4047989.1618]
69048.000 [856549.6712, -4842961.4666, 4047989.3395] [856546.4204, -4842962.6923, 4047989.163]
69049.000 [856549.726, -4842961.1583, 4047989.5098] [856546.3318, -4842962.6881, 4047989.1787]
69050.000 [856549.726, -4842961.1583, 4047989.5098] [856546.2367, -4842962.6917, 4047989.2068]
69051.000 [856549.726, -4842961.1583, 4047989.5098] [856546.1744, -4842962.7036, 4047989.2344]
69052.000 [856549.726, -4842961.1583, 4047989.5098] [856546.0851, -4842962.7077, 4047989.2589]
69054.000 [856549.726, -4842961.1583, 4047989.5098] [856545.9225, -4842962.707, 4047989.3365]
69055.000 [856549.726, -4842961.1583, 4047989.5098] [856545.8414, -4842962.7239, 4047989.3607]
69056.000 [856549.726, -4842961.1583, 4047989.5098] [856545.756, -4842962.7198, 4047989.3902]
69057.000 [856549.726, -4842961.1583, 4047989.5098] [856545.6606, -4842962.7174, 4047989.419]
69058.000 [856549.726, -4842961.1583, 4047989.5098] [856545.5821, -4842962.7191, 4047989.4574]
69059.000 [856549.726, -4842961.1583, 4047989.5098] [856545.5134, -4842962.693, 4047989.4796]
69060.000 [856549.726, -4842961.1583, 4047989.5098] [856545.4452, -4842962.6841, 4047989.5056]
69061.000 [856549.726, -4842961.1583, 4047989.5098] [856545.36, -4842962.7001, 4047989.5399]
69062.000 [856549.726, -4842961.1583, 4047989.5098] [856545.2859, -4842962.6928, 4047989.5743]
69063.000 [856549.726, -4842961.1583, 4047989.5098] [856545.2048, -4842962.692, 4047989.5942]
69064.000 [856549.726, -4842961.1583, 4047989.5098] [856545.0902, -4842962.6841, 4047989.6488]
69065.000 [856549.726, -4842961.1583, 4047989.5098] [856545.0118, -4842962.6823, 4047989.6739]
69067.000 [856549.726, -4842961.1583, 4047989.5098] [856544.8205, -4842962.6601, 4047989.7376]
