66135.000 [856540.2716, -4842967.3378, 4047984.3201] [856539.224, -4842968.5015, 4047984.5227]
66136.000 [856540.27954, -4842967.3237, 4047984.315] [856539.2158, -4842968.4922, 4047984.5206]
66137.000 [856540.27824, -4842967.3249, 4047984.3341] [856539.2279, -4842968.4849, 4047984.5172]
66139.000 [856540.2787, -4842967.3009, 4047984.3327] [856539.4088, -4842968.4179, 4047984.5157]
66140.000 [856540.2787, -4842967.3009, 4047984.3327] [856539.496, -4842968.4021, 4047984.5079]
66141.000 [13306.0, 856540.31, 2.0] [856539.586, -4842968.3638, 4047984.5099]
66142.000 [856540.80131, -4842967.4735, 4047984.0437] [856539.6921, -4842968.3172, 4047984.529]
66143.000 [856540.79654, -4842967.4464, 4047984.0226] [856539.6759, -4842968.3346, 4047984.525]
66144.000 [856540.79621, -4842967.4502, 4047984.036] [856539.6735, -4842968.3196, 4047984.5149]
66145.000 [13306.0, 856540.806, 1.0] [856539.7733, -4842968.2858, 4047984.5401]
66146.000 [856540.81838, -4842967.4325, 4047984.0563] [856539.9, -4842968.2347, 4047984.575]
66147.000 [856540.82016, -4842967.4249, 4047984.0662] [856539.9429, -4842968.2473, 4047984.5621]
66148.000 [856540.82844, -4842967.4218, 4047984.0825] [856539.8682, -4842968.2742, 4047984.5643]
66149.000 [856540.83955, -4842967.4179, 4047984.0988] [856539.9805, -4842968.2542, 4047984.5726]
66151.000 [856540.8521, -4842967.4323, 4047984.1244] [856540.1949, -4842968.1678, 4047984.5948]
66152.000 [13306.0, 856540.857, 1.0] [856540.2917, -4842968.1541, 4047984.6236]
66152.000 [13306.0, 856540.857, 1.0] [856540.2917, -4842968.1541, 4047984.6236]
66153.000 [13306.0, 856540.857, 1.0] [856540.3804, -4842968.1249, 4047984.6228]
66153.000 [13306.0, 856540.857, 1.0] [856540.3804, -4842968.1249, 4047984.6228]
66154.000 [13306.0, 856540.857, 1.0] [856540.4898, -4842968.0766, 4047984.616]
66154.000 [13306.0, 856540.857, 1.0] [856540.4898, -4842968.0766, 4047984.616]
66155.000 [13306.0, 856540.857, 1.0] [856540.5148, -4842968.059, 4047984.6117]
66155.000 [13306.0, 856540.857, 1.0] [856540.5148, -4842968.059, 4047984.6117]
66155.000 [13306.0, 856540.857, 1.0] [856540.5148, -4842968.059, 4047984.6117]
