63381.000 [  856554.19923 -4842967.5223   4047980.9361 ] [856539.7208, -4842967.6892, 4047983.2629]
63383.000 [  856554.19923 -4842967.5223   4047980.9361 ] [856539.724, -4842967.653, 4047983.2393]
63384.000 [  856554.19923 -4842967.5223   4047980.9361 ] [856539.6626, -4842967.6554, 4047983.2024]
63385.000 [  856554.19923 -4842967.5223   4047980.9361 ] [856539.5946, -4842967.7081, 4047983.1628]
63386.000 [856544.3126, -4842954.89, 4047990.5683] [856539.5029, -4842967.7473, 4047983.104]
63388.000 [856544.3126, -4842954.89, 4047990.5683] [856539.3414, -4842967.8106, 4047983.0183]
63389.000 [856544.3126, -4842954.89, 4047990.5683] [856539.3201, -4842967.8231, 4047983.0214]
63390.000 [856544.3126, -4842954.89, 4047990.5683] [856539.2291, -4842967.8578, 4047983.0085]
63391.000 [856544.3126, -4842954.89, 4047990.5683] [856539.2618, -4842967.9353, 4047983.2691]
63392.000 [856544.3537, -4842954.8491, 4047990.5501] [856539.5309, -4842967.5821, 4047984.394]
63394.000 [856544.3522, -4842954.8521, 4047990.5312] [856539.6707, -4842965.5037, 4047986.6843]
63395.000 [856544.3522, -4842954.8521, 4047990.5312] [856539.7772, -4842963.494, 4047987.9004]
63396.000 [856544.3629, -4842954.8549, 4047990.5231] [856540.0005, -4842962.4195, 4047989.0525]
63397.000 [856544.3704, -4842954.8574, 4047990.5323] [856540.3431, -4842961.3258, 4047990.1869]
63399.000 [856544.3704, -4842954.8574, 4047990.5323] [856540.8559, -4842959.1706, 4047992.4505]
63400.000 [856544.3653, -4842954.865, 4047990.538] [856541.1776, -4842958.1844, 4047993.4276]
63401.000 [856544.3696, -4842954.8773, 4047990.5525] [856541.3801, -4842957.4229, 4047994.1168]
63405.000 [856544.3689, 9.0, -4842954.928] [856542.2955, -4842956.523, 4047993.7261]
63408.000 [856544.349, -4842954.9176, 4047990.5581] [856542.3525, -4842956.6446, 4047993.7262]
63410.000 [856544.348, 1.0, -4842954.9368] [856542.369, -4842956.7076, 4047993.6689]
63413.000 [856544.3579, -4842954.9169, 4047990.5284] [856542.3993, -4842956.7392, 4047993.5806]
63415.000 [856544.342, 9.0, -4842954.8716] [856542.4091, -4842956.76, 4047993.5192]
63418.000 [856544.342, 9.0, -4842954.8716] [856542.4562, -4842956.8267, 4047993.446]
63419.000 [856544.336, 2.0, -4842954.7448] [856542.4261, -4842956.8353, 4047993.4603]
63420.000 [856544.326, 6.0, -4842954.7528] [856542.4392, -4842956.8901, 4047993.402]
63421.000 [856544.325, 8.0, -4842954.765] [856542.4493, -4842956.9461, 4047993.3352]
63422.000 [856544.333, 3.0, -4842954.7486] [856542.4762, -4842956.833, 4047993.2264]
63423.000 [856544.33, 2.0, -4842954.7545] [856542.4816, -4842957.8014, 4047993.2493]
63424.000 [856544.33, 2.0, -4842954.7545] [856542.5059, -4842958.1989, 4047993.2196]
63425.000 [856545.8299, 8.0, -4842953.6767] [856542.5381, -4842957.8943, 4047993.0749]
63426.000 [856545.8299, 8.0, -4842953.6767] [856542.5502, -4842958.5066, 4047993.0693]
63427.000 [856545.83, -4842953.2365, 4047989.9123] [856542.5657, -4842958.6124, 4047992.9872]
63429.000 [856545.789, 1.0, -4842954.6862] [856542.6204, -4842958.6058, 4047992.8312]
63432.000 [856545.791, 3.0, -4842954.6532] [856542.6326, -4842958.4627, 4047992.8104]
63433.000 [856545.791, 0.0, -4842954.7904] [856542.6671, -4842958.4991, 4047992.7904]
63434.000 [856545.798, 5.0, -4842954.6896] [856542.6763, -4842958.5794, 4047992.7305]
63435.000 [856545.797, 1.0, -4842954.7452] [856542.7088, -4842958.6713, 4047992.6609]
63436.000 [856545.803, 3.0, -4842954.7488] [856542.7234, -4842958.6904, 4047992.579]
63437.000 [856545.803, 3.0, -4842954.7488] [856542.7563, -4842958.6257, 4047992.524]
63438.000 [856546.1941, -4842955.4225, 4047989.8855] [856542.8127, -4842958.6412, 4047992.4479]
63440.000 [856546.723, -4842956.4513, 4047989.152] [856542.8915, -4842958.7844, 4047992.2859]
63444.000 [856546.723, -4842956.4513, 4047989.152] [856542.9009, -4842958.822, 4047992.3496]
63445.000 [856546.4454, -4842957.421, 4047989.2974] [856542.9291, -4842958.8331, 4047992.3789]
63446.000 [856546.4474, -4842957.8062, 4047989.339] [856542.8879, -4842958.8025, 4047992.4316]
63447.000 [856546.3775, -4842957.8973, 4047989.6566] [856542.8326, -4842958.7503, 4047992.5123]
63448.000 [856546.0852, -4842957.6057, 4047989.782] [856542.758, -4842958.7072, 4047992.5801]
63450.000 [856545.8317, -4842957.2805, 4047989.7779] [856542.6267, -4842958.6115, 4047992.7433]
63451.000 [856545.8244, -4842957.3513, 4047989.9111] [856542.595, -4842958.547, 4047992.8162]
63452.000 [856545.7898, -4842957.44, 4047990.1652] [856542.5082, -4842958.5076, 4047992.9047]
63453.000 [856545.6356, -4842957.5746, 4047990.1642] [856542.4874, -4842958.4553, 4047992.9486]
63454.000 [856545.5544, -4842957.6241, 4047990.2204] [856542.4301, -4842958.391, 4047992.9987]
63455.000 [856545.4196, -4842957.4472, 4047990.3469] [856542.3866, -4842958.3089, 4047993.0986]
63456.000 [856545.2613, -4842957.111, 4047990.5228] [856542.3393, -4842958.274, 4047993.1218]
63457.000 [856545.2613, -4842957.111, 4047990.5228] [856542.2948, -4842958.2014, 4047993.1968]
63458.000 [856545.2364, -4842956.4588, 4047990.6711] [856542.2271, -4842958.091, 4047993.3216]
63460.000 [856545.1647, -4842956.8567, 4047990.4523] [856542.1069, -4842957.9127, 4047993.496]
63461.000 [856545.2208, -4842956.8777, 4047990.5446] [856542.0428, -4842957.8446, 4047993.5722]
63462.000 [856545.3094, -4842956.8645, 4047990.5388] [856541.9939, -4842957.8146, 4047993.6358]
63463.000 [856545.3094, -4842956.8645, 4047990.5388] [856541.961, -4842957.7279, 4047993.7168]
63464.000 [856545.3094, -4842956.8645, 4047990.5388] [856541.9105, -4842957.657, 4047993.8001]
63465.000 [856544.9675, -4842956.5427, 4047991.005] [856541.8391, -4842957.6216, 4047993.8413]
63466.000 [856544.8032, -4842956.343, 4047991.0232] [856541.7784, -4842957.5545, 4047993.9059]
63467.000 [856544.6777, -4842956.2587, 4047991.0573] [856541.7588, -4842957.4735, 4047993.9815]
63468.000 [856544.5574, -4842956.3155, 4047991.1139] [856541.7084, -4842957.4129, 4047994.0416]
63469.000 [856544.5574, -4842956.3155, 4047991.1139] [856541.6784, -4842957.3767, 4047994.1074]
63470.000 [856544.5574, -4842956.3155, 4047991.1139] [856541.6345, -4842957.3656, 4047994.1643]
63471.000 [856544.5574, -4842956.3155, 4047991.1139] [856541.5726, -4842957.2677, 4047994.2362]
63472.000 [856543.711, 0.0, -4842955.5552] [856541.5389, -4842957.1747, 4047994.3235]
63475.000 [856543.6798, -4842956.46, 4047992.0465] [856541.4128, -4842957.1025, 4047994.4956]
63477.000 [856543.8255, -4842956.8302, 4047991.8374] [856541.4435, -4842957.1334, 4047994.4424]
63478.000 [856543.745, -4842956.7918, 4047992.0542] [856541.4488, -4842957.1272, 4047994.4658]
63480.000 [856543.65, -4842956.6968, 4047992.3059] [856541.3653, -4842956.9978, 4047994.5962]
63481.000 [856543.586, -4842956.3812, 4047991.9826] [856541.3006, -4842956.9396, 4047994.6854]
63482.000 [856543.5659, -4842956.1829, 4047991.9949] [856541.2421, -4842956.9049, 4047994.7701]
63483.000 [856543.5659, -4842956.1829, 4047991.9949] [856541.1927, -4842956.8407, 4047994.8454]
63484.000 [856543.5707, -4842955.8431, 4047991.797] [856541.1863, -4842956.7869, 4047994.9061]
63485.000 [856543.5421, -4842955.878, 4047991.7915] [856541.1177, -4842956.7517, 4047994.9491]
63486.000 [856543.5421, -4842955.878, 4047991.7915] [856541.0694, -4842956.6809, 4047995.0557]
63487.000 [856543.5495, -4842956.151, 4047991.8256] [856541.0288, -4842956.6658, 4047995.1303]
63488.000 [856543.5495, -4842956.151, 4047991.8256] [856540.9657, -4842956.5976, 4047995.2229]
63489.000 [856543.5495, -4842956.151, 4047991.8256] [856540.9274, -4842956.5647, 4047995.2686]
63490.000 [856543.5495, -4842956.151, 4047991.8256] [856540.8846, -4842956.5069, 4047995.3226]
63491.000 [856543.5495, -4842956.151, 4047991.8256] [856540.8322, -4842956.4469, 4047995.4198]
63492.000 [856543.5495, -4842956.151, 4047991.8256] [856540.7737, -4842956.3961, 4047995.476]
63494.000 [856543.5495, -4842956.151, 4047991.8256] [856540.7045, -4842956.242, 4047995.6217]
63495.000 [856543.5495, -4842956.151, 4047991.8256] [856540.6849, -4842956.1768, 4047995.6988]
63496.000 [856542.8161, -4842954.9097, 4047992.7284] [856540.6204, -4842956.0944, 4047995.7852]
63497.000 [856542.5832, -4842954.593, 4047992.8658] [856540.6069, -4842956.0273, 4047995.8718]
63498.000 [856542.5516, -4842954.6398, 4047992.9249] [856540.5587, -4842955.9936, 4047995.9371]
63499.000 [856542.5516, -4842954.6398, 4047992.9249] [856540.5553, -4842955.9361, 4047996.0172]
63500.000 [856542.4512, -4842954.5228, 4047993.5033] [856540.4907, -4842955.8927, 4047996.0787]
63501.000 [856542.331, 7.0, -4842954.3814] [856540.4708, -4842955.8239, 4047996.1408]
63504.000 [856542.3015, -4842954.1893, 4047994.4028] [856540.426, -4842955.7011, 4047996.312]
63507.000 [856542.388, 3.0, -4842954.3515] [856540.4577, -4842955.7524, 4047996.2996]
63509.000 [856542.4721, -4842954.3677, 4047994.4107] [856540.4465, -4842955.8369, 4047996.2065]
63511.000 [856542.4755, -4842954.3019, 4047994.3938] [856540.4163, -4842955.8859, 4047996.1598]
63512.000 [856542.4851, -4842954.2789, 4047994.3788] [856540.3983, -4842955.8983, 4047996.1334]
63513.000 [856542.4851, -4842954.2789, 4047994.3788] [856540.3699, -4842955.8715, 4047996.1711]
63514.000 [856542.4851, -4842954.2789, 4047994.3788] [856540.3907, -4842955.9512, 4047996.0829]
63515.000 [856542.535, -4842954.2125, 4047994.2904] [856540.3853, -4842956.026, 4047996.0397]
63516.000 [856542.4918, -4842954.228, 4047994.2974] [856540.3664, -4842956.1076, 4047995.9556]
63517.000 [856542.4564, -4842954.2174, 4047994.3119] [856540.372, -4842956.1436, 4047995.8906]
63518.000 [856542.4477, -4842954.2404, 4047994.3555] [856540.3464, -4842956.2339, 4047995.8181]
63519.000 [856542.4477, -4842954.2404, 4047994.3555] [856540.3556, -4842956.2934, 4047995.7312]
63521.000 [856542.6117, -4842954.3554, 4047994.5641] [856540.3711, -4842956.4206, 4047995.5773]
63525.000 [856542.495, 1.0, -4842954.2357] [856540.4202, -4842956.3834, 4047995.531]
63529.000 [856542.337, 9.0, -4842953.9507] [856540.3455, -4842956.3298, 4047995.6252]
63530.000 [856542.304, 6.0, -4842953.8983] [856540.335, -4842956.3594, 4047995.614]
63531.000 [856542.245, 9.0, -4842953.8732] [856540.3729, -4842956.4266, 4047995.5336]
63532.000 [856542.16, 5.0, -4842953.8922] [856540.3765, -4842956.4748, 4047995.4272]
63533.000 [856542.0719, 2.0, -4842953.8851] [856540.4011, -4842956.5442, 4047995.3495]
63534.000 [856542.065, -4842953.8918, 4047994.6582] [856540.4256, -4842956.6134, 4047995.2679]
63536.000 [856542.204, 4.0, -4842954.0959] [856540.4513, -4842956.7262, 4047995.1724]
63538.000 [856542.3774, -4842954.5199, 4047994.414] [856540.4329, -4842956.6569, 4047995.2905]
63540.000 [856542.555, 8.0, -4842954.172] [856540.4556, -4842956.7216, 4047995.1993]
63541.000 [856542.3426, -4842953.8596, 4047994.4948] [856540.4441, -4842956.7765, 4047995.1585]
63543.000 [856542.283, 9.0, -4842953.4629] [856540.4882, -4842956.8727, 4047995.0964]
63545.000 [856542.46, 5.0, -4842953.5371] [856540.4611, -4842956.8243, 4047995.1795]
63546.000 [856542.4363, -4842953.7716, 4047994.5115] [856540.4779, -4842956.8034, 4047995.2081]
63548.000 [856542.5148, -4842954.3388, 4047994.7941] [856540.5327, -4842956.9241, 4047995.0908]
63549.000 [856542.3739, -4842954.3592, 4047995.0166] [856540.4983, -4842956.9144, 4047995.0812]
63550.000 [856542.197, 3.0, -4842954.0953] [856540.4844, -4842956.8689, 4047995.0957]
63552.000 [856542.1401, -4842953.5623, 4047994.9278] [856540.5327, -4842956.9707, 4047994.9396]
63553.000 [856542.4792, -4842953.6157, 4047994.7555] [856540.554, -4842956.9814, 4047994.8914]
63555.000 [856542.6103, -4842954.0565, 4047994.3319] [856540.5845, -4842957.0817, 4047994.8104]
63556.000 [856542.57, 9.0, -4842954.2838] [856540.5775, -4842957.0981, 4047994.7678]
63559.000 [856542.868, -4842955.587, 4047992.6202] [856540.6551, -4842957.1735, 4047994.6981]
63560.000 [856542.743, 2.0, -4842955.856] [856540.6652, -4842957.2073, 4047994.6794]
63562.000 [856542.631, 3.0, -4842955.7187] [856540.7458, -4842957.2604, 4047994.6252]
63563.000 [856542.734, 6.0, -4842955.6316] [856540.7146, -4842957.2507, 4047994.645]
63564.000 [856542.701, 2.0, -4842955.7308] [856540.7373, -4842957.3124, 4047994.5841]
63566.000 [856542.568, 5.0, -4842955.9144] [856540.8687, -4842957.4456, 4047994.44]
63567.000 [856542.807, 6.0, -4842955.802] [856540.907, -4842957.5003, 4047994.3541]
63568.000 [856542.866, 7.0, -4842955.7759] [856540.9473, -4842957.549, 4047994.2866]
63569.000 [856542.923, 2.0, -4842955.7306] [856540.9666, -4842957.5978, 4047994.2354]
63570.000 [856542.911, 7.0, -4842955.7546] [856541.0315, -4842957.6445, 4047994.168]
63571.000 [856542.823, 0.0, -4842955.7681] [856541.0693, -4842957.7085, 4047994.0838]
63572.000 [856542.839, 0.0, -4842955.7145] [856541.1035, -4842957.7399, 4047994.0523]
63573.000 [856542.839, 9.0, -4842955.7491] [856541.1912, -4842957.7807, 4047993.9576]
63575.000 [13306856542.856, 4.0, 2.0] [856541.2848, -4842957.8808, 4047993.8411]
63577.000 [13306856542.975, 3.0, 1.0] [856541.3551, -4842957.9026, 4047993.7883]
63581.000 [856543.744, 3.0, -4842955.7433] [856541.2566, -4842957.8314, 4047993.8163]
63584.000 [856543.138, 2.0, -4842956.1359] [856541.279, -4842957.8447, 4047993.7899]
63585.000 [856543.043, 2.0, -4842956.0193] [856541.3219, -4842957.8745, 4047993.7599]
63586.000 [856543.253, 2.0, -4842955.9358] [856541.3872, -4842957.9293, 4047993.6671]
63587.000 [856543.414, 2.0, -4842955.9846] [856541.4643, -4842957.9661, 4047993.6215]
63589.000 [856543.514, 8.0, -4842956.2397] [856541.573, -4842958.0631, 4047993.5201]
63590.000 [856543.598, 8.0, -4842956.3719] [856541.6312, -4842958.1214, 4047993.4588]
63591.000 [856543.598, 8.0, -4842956.3719] [856541.6851, -4842958.1641, 4047993.4016]
63592.000 [856543.603, 1.0, -4842956.4719] [856541.7692, -4842958.2292, 4047993.3528]
63593.000 [856543.467, 0.0, -4842956.4628] [856541.8415, -4842958.2859, 4047993.301]
63594.000 [856543.606, 5.0, -4842956.322] [856541.9093, -4842958.318, 4047993.2436]
63595.000 [856543.606, 5.0, -4842956.322] [856541.9846, -4842958.3926, 4047993.1488]
63596.000 [856543.753, 1.0, -4842956.1716] [856542.0799, -4842958.4385, 4047993.0763]
63597.000 [856543.811, 1.0, -4842956.1896] [856542.1465, -4842958.4787, 4047993.0138]
63598.000 [856543.783, 6.0, -4842956.1944] [856542.1997, -4842958.5213, 4047992.9521]
63599.000 [856543.788, 9.0, -4842956.1219] [856542.2708, -4842958.5339, 4047992.8644]
63601.000 [856543.733, 3.0, -4842955.908] [856542.4277, -4842958.5882, 4047992.7083]
63602.000 [856543.819, 5.0, -4842955.8051] [856542.4635, -4842958.6177, 4047992.6574]
63603.000 [856543.851, 4.0, -4842955.9012] [856542.5064, -4842958.6632, 4047992.5941]
63604.000 [13306856543.904, 3.0, 1.0] [856542.6076, -4842958.7032, 4047992.5143]
63607.000 [856544.198, 0.0, -4842956.5411] [856542.7347, -4842958.7158, 4047992.4903]
63609.000 [856543.904, 9.0, -4842956.4837] [856542.6516, -4842958.6963, 4047992.5107]
63610.000 [856543.911, 9.0, -4842956.3506] [856542.6485, -4842958.7064, 4047992.5085]
63611.000 [856543.818, -4842956.2377, 4047992.1197] [856542.707, -4842958.7632, 4047992.4601]
63614.000 [856543.8698, -4842956.2705, 4047992.097] [856542.8659, -4842958.8625, 4047992.3072]
63615.000 [856543.754, 9.0, -4842956.064] [856542.8343, -4842958.8278, 4047992.3563]
63618.000 [856543.907, 6.0, -4842955.4893] [856542.7583, -4842958.6864, 4047992.4986]
63619.000 [856543.853, 3.0, -4842955.7651] [856542.8281, -4842958.7045, 4047992.4672]
63620.000 [856544.126, 0.0, -4842956.2217] [856542.9327, -4842958.7415, 4047992.4116]
63621.000 [856544.47, 8.0, -4842956.3761] [856543.023, -4842958.778, 4047992.341]
63622.000 [856544.564, 6.0, -4842956.4131] [856543.0908, -4842958.8407, 4047992.2465]
63623.000 [856544.651, 9.0, -4842956.6264] [856543.1683, -4842958.8443, 4047992.2147]
63624.000 [856544.711, 1.0, -4842956.958] [856543.2356, -4842958.8789, 4047992.1398]
63625.000 [13306856544.958, 3.0, 7.0] [856543.2952, -4842958.9045, 4047992.0796]
63627.000 [13306856544.958, 3.0, 7.0] [856543.4704, -4842958.952, 4047991.9296]
63630.000 [856545.8595, -4842957.2421, 4047989.3272] [856543.376, -4842958.9489, 4047991.9624]
63634.000 [856545.577, 6.0, -4842957.8172] [856543.3858, -4842958.9426, 4047991.9782]
63635.000 [856545.5007, -4842957.7559, 4047989.4027] [856543.4807, -4842958.967, 4047991.9149]
63637.000 [856545.3293, -4842957.6549, 4047989.312] [856543.5533, -4842959.0274, 4047991.8211]
63638.000 [856545.254, 0.0, -4842957.675] [856543.5