67324.000 [856542.482, 7.0, -4842967.0867] [856540.1065, -4842967.9257, 4047984.48]
67324.000 [856542.482, 7.0, -4842967.0867] [856540.1065, -4842967.9257, 4047984.48]
67324.000 [856542.482, 7.0, -4842967.0867] [856540.1065, -4842967.9257, 4047984.48]
67324.000 [856542.482, 7.0, -4842967.0867] [856540.1065, -4842967.9257, 4047984.48]
67324.000 [856542.482, 7.0, -4842967.0867] [856540.1065, -4842967.9257, 4047984.48]
67324.000 [856542.482, 7.0, -4842967.0867] [856540.1065, -4842967.9257, 4047984.48]
67324.000 [856542.482, 7.0, -4842967.0867] [856540.1065, -4842967.9257, 4047984.48]
67324.000 [856542.482, 7.0, -4842967.0867] [856540.1065, -4842967.9257, 4047984.48]
67324.000 [856542.482, 7.0, -4842967.0867] [856540.1065, -4842967.9257, 4047984.48]
67535.000 [856542.394, 7.0, -4842966.6086] [856540.1521, -4842968.1915, 4047984.9288]
67537.000 [856542.402, 1.0, -4842966.6147] [856540.1564, -4842968.1967, 4047984.9275]
67539.000 [856542.4, 2.0, -4842966.611] [856540.1634, -4842968.202, 4047984.9344]
67540.000 [856542.395, 4.0, -4842966.611] [856540.1652, -4842968.2079, 4047984.931]
67541.000 [856542.399, 3.0, -4842966.6073] [856540.172, -4842968.2215, 4047984.9415]
67543.000 [856542.407, 8.0, -4842966.6164] [856540.1717, -4842968.2294, 4047984.9486]
67544.000 [856542.41, 9.0, -4842966.6287] [856540.1769, -4842968.2422, 4047984.9533]
67545.000 [856542.254, 3.0, -4842967.1143] [856540.1753, -4842968.2407, 4047984.9539]
67546.000 [856541.382, 7.0, -4842967.7249] [856540.1827, -4842968.251, 4047984.9574]
67548.000 [856540.729, 1.0, -4842968.1158] [856540.3272, -4842968.0053, 4047984.6695]
67549.000 [856540.732, 8.0, -4842968.145] [856540.1817, -4842968.2502, 4047984.9725]
67550.000 [856540.727, 0.0, -4842968.1609] [856540.1808, -4842968.2508, 4047984.9814]
67552.000 [856540.729, 6.0, -4842968.203] [856540.1765, -4842968.2459, 4047984.9833]
67553.000 [856540.729, 6.0, -4842968.203] [856540.1754, -4842968.2407, 4047984.9877]
67554.000 [856540.729, 6.0, -4842968.203] [856540.1765, -4842968.2414, 4047984.9894]
67556.000 [856540.729, 6.0, -4842968.203] [856540.1832, -4842968.2242, 4047984.9914]
67557.000 [856540.566, 6.0, -4842967.9495] [856540.1789, -4842968.2121, 4047984.9925]
67558.000 [856540.566, 6.0, -4842967.9495] [856540.1857, -4842968.2136, 4047984.999]
67560.000 [856540.755, 3.0, -4842968.1546] [856540.1889, -4842968.2129, 4047985.0008]
67561.000 [856540.6529, 4.0, -4842967.6511] [856540.1865, -4842968.2, 4047985.0037]
