67875.000 [856540.9721, -4842967.4158, 4047982.7451] [856540.1942, -4842967.8168, 4047984.1883]
67884.000 [856541.2165, -4842967.4487, 4047983.0241] [856540.0105, -4842967.7315, 4047983.7074]
67885.000 [856541.0349, 7.0, -4842967.2757] [856540.0156, -4842967.7363, 4047983.7226]
67886.000 [856541.0289, 9.0, -4842967.2899] [856539.9976, -4842967.7323, 4047983.688]
67888.000 [856541.0109, 8.0, -4842967.232] [856539.9796, -4842967.7363, 4047983.653]
67889.000 [856541.0259, 4.0, -4842967.2384] [856539.973, -4842967.735, 4047983.6342]
67890.000 [856541.0439, 0.0, -4842967.2516] [856539.9946, -4842967.7342, 4047983.7095]
67891.000 [856541.0429, 1.0, -4842967.2747] [856539.9756, -4842967.7352, 4047983.6789]
67893.000 [856541.0059, 0.0, -4842967.2024] [856539.9398, -4842967.6981, 4047983.568]
67894.000 [856541.0169, 5.0, -4842967.2047] [856539.9513, -4842967.6983, 4047983.614]
67895.000 [856541.0129, 0.0, -4842967.194] [856539.9627, -4842967.7194, 4047983.6407]
67897.000 [856541.0229, 0.0, -4842967.2265] [856539.9377, -4842967.7139, 4047983.5629]
67898.000 [856541.0229, 2.0, -4842967.1779] [856539.9304, -4842967.7094, 4047983.5128]
67899.000 [856541.0439, 5.0, -4842967.1742] [856539.9403, -4842967.7203, 4047983.541]
67900.000 [856541.0789, 0.0, -4842967.2163] [856539.951, -4842967.7213, 4047983.5519]
67902.000 [856541.1088, 3.0, -4842967.2711] [856539.9339, -4842967.7197, 4047983.4815]
67903.000 [856541.1149, 1.0, -4842967.2834] [856539.9434, -4842967.7165, 4047983.5263]
67905.000 [856541.1189, 0.0, -4842967.2919] [856539.966, -4842967.7075, 4047983.6171]
67906.000 [856541.1168, 9.0, -4842967.2886] [856539.9667, -4842967.6977, 4047983.6188]
67907.000 [856541.1278, 2.0, -4842967.3028] [856539.9665, -4842967.687, 4047983.6164]
67909.000 [856541.3819, 6.0, -4842967.3594] [856539.9559, -4842967.6494, 4047983.613]
