61231.000 [856545.753, 8.0, -4842960.1112] [856539.0445, -4842967.7523, 4047982.3878]
61233.000 [856545.747, 2.0, -4842960.0913] [856539.0418, -4842967.758, 4047982.383]
61234.000 [856545.747, 2.0, -4842960.0913] [856538.9726, -4842967.8307, 4047982.4026]
61235.000 [856545.747, 2.0, -4842960.0913] [856538.8909, -4842967.8499, 4047982.3837]
61236.000 [856545.747, 2.0, -4842960.0913] [856538.7958, -4842967.8936, 4047982.3536]
61237.000 [856545.747, 2.0, -4842960.0913] [856538.7157, -4842967.9355, 4047982.3427]
61238.000 [856545.747, 2.0, -4842960.0913] [856538.6412, -4842967.9634, 4047982.3356]
61240.000 [856545.757, 2.0, -4842960.1065] [856540.2767, -4842967.0306, 4047983.4712]
61241.000 [856545.785, 0.0, -4842960.1026] [856541.3501, -4842966.027, 4047984.3564]
61242.000 [856545.787, 6.0, -4842960.0992] [856542.1138, -4842964.971, 4047985.3327]
61243.000 [856545.787, 6.0, -4842960.0992] [856542.6995, -4842963.9533, 4047986.2926]
61244.000 [856545.784, 3.0, -4842960.0924] [856543.2356, -4842963.3598, 4047987.0132]
61245.000 [856545.781, 1.0, -4842960.0941] [856543.4874, -4842962.6458, 4047986.9033]
61246.000 [856545.792, 2.0, -4842960.1003] [856543.5178, -4842962.5162, 4047986.6852]
61247.000 [856545.8, 7.0, -4842960.1067] [856543.5536, -4842962.6646, 4047986.6662]
61248.000 [856545.8, 7.0, -4842960.1067] [856543.5877, -4842962.7727, 4047986.6041]
61249.000 [856545.805, 6.0, -4842960.127] [856543.6178, -4842962.8069, 4047986.5222]
61250.000 [856545.805, 6.0, -4842960.127] [856543.6562, -4842962.8703, 4047986.4152]
61251.000 [856545.814, -4842960.125, 4047986.157] [856543.6827, -4842962.9843, 4047986.3509]
61254.000 [856545.791, 0.0, -4842960.101] [856543.758, -4842963.1175, 4047986.1828]
61256.000 [856545.776, 4.0, -4842960.0934] [856543.7344, -4842963.0844, 4047986.2252]
61258.000 [856545.778, 8.0, -4842960.0923] [856543.7557, -4842963.0987, 4047986.1382]
61259.000 [856545.78, 9.0, -4842960.1026] [856543.7978, -4842963.1758, 4047986.0414]
61260.000 [856545.793, -4842960.0602, 4047986.1433] [856543.8295, -4842963.2201, 4047985.9531]
61262.000 [856545.785, 8.0, -4842960.075] [856543.8943, -4842963.2873, 4047985.8471]
61265.000 [856545.777, 9.0, -4842960.0585] [856543.8504, -4842963.2057, 4047985.8901]
61266.000 [856545.965, 2.0, -4842960.0764] [856543.8723, -4842963.1749, 4047985.8321]
61267.000 [856545.965, 2.0, -4842960.0764] [856543.9076, -4842963.1993, 4047985.7326]
61268.000 [856546.448, 6.0, -4842960.5201] [856543.9569, -4842963.2678, 4047985.6526]
61269.000 [13306856546.686, 8.0, -4842960.6804] [856543.965, -4842963.3525, 4047985.5569]
61272.000 [856547.011, 8.0, -4842960.6102] [856544.0461, -4842963.4364, 4047985.3505]
61275.000 [856547.05, 5.0, -4842960.6944] [856544.0593, -4842963.4486, 4047985.3575]
61276.000 [856546.931, 3.0, -4842960.5608] [856544.1173, -4842963.5108, 4047985.3459]
61277.000 [856546.931, 3.0, -4842960.5608] [856544.13, -4842963.5667, 4047985.2545]
61278.000 [856546.452, 2.0, -4842960.2319] [856544.1537, -4842963.6474, 4047985.1742]
61279.000 [856546.296, 7.0, -4842960.0846] [856544.1762, -4842963.7152, 4047985.0968]
61280.000 [856546.158, 6.0, -4842959.892] [856544.2331, -4842963.7907, 4047985.0378]
61281.000 [856546.149, 8.0, -4842959.7372] [856544.2804, -4842963.8422, 4047984.9774]
61282.000 [856546.149, 8.0, -4842959.7372] [856544.3158, -4842963.9062, 4047984.8878]
61283.000 [856546.583, 3.0, -4842959.9181] [856544.3662, -4842963.9676, 4047984.8042]
61284.000 [856546.583, 3.0, -4842959.9181] [856544.4209, -4842964.0219, 4047984.7142]
61285.000 [856547.342, 1.0, -4842960.8213] [856544.4651, -4842964.087, 4047984.6307]
61286.000 [856547.342, 1.0, -4842960.8213] [856544.5215, -4842964.1547, 4047984.548]
61288.000 [856547.473, 4.0, -4842960.919] [856544.6298, -4842964.2977, 4047984.4079]
61289.000 [856547.446, 6.0, -4842960.6992] [856544.6903, -4842964.339, 4047984.347]
61290.000 [856547.536, 0.0, -4842960.4153] [856544.7316, -4842964.4036, 4047984.2763]
61291.000 [856547.536, 0.0, -4842960.4153] [856544.7811, -4842964.4751, 4047984.1994]
61292.000 [856547.618, -4842960.0577, 4047988.1084] [856544.836, -4842964.5496, 4047984.1174]
61293.000 [856547.664, 9.0, -4842959.9415] [856544.8812, -4842964.624, 4047984.0464]
61295.000 [856547.764, 1.0, -4842959.7815] [856544.8762, -4842964.6155, 4047984.0955]
61296.000 [856547.765, 3.0, -4842959.7583] [856544.8676, -4842964.632, 4047984.0879]
61297.000 [856547.765, 3.0, -4842959.7583] [856544.9091, -4842964.6719, 4047984.0195]
61298.000 [856547.765, 3.0, -4842959.7583] [856544.9808, -4842964.7234, 4047983.9245]
61299.000 [856547.759, 3.0, -4842959.3288] [856545.0112, -4842964.7806, 4047983.8474]
61300.000 [856547.646, 7.0, -4842959.4069] [856545.0645, -4842964.8596, 4047983.779]
61301.000 [856547.382, 4.0, -4842959.9066] [856545.1171, -4842964.9022, 4047983.7159]
61302.000 [856546.943, 5.0, -4842959.9353] [856545.1837, -4842964.9397, 4047983.6633]
61304.000 [856546.48, 7.0, -4842960.1123] [856545.2995, -4842965.0793, 4047983.4759]
61305.000 [856545.653, 7.0, -4842960.4765] [856545.37, -4842965.131, 4047983.3924]
61306.000 [856545.483, 6.0, -4842960.4681] [856545.4336, -4842965.1532, 4047983.3036]
61307.000 [856545.333, 1.0, -4842960.2472] [856545.4777, -4842965.205, 4047983.2358]
61308.000 [856545.559, 4.0, -4842960.1743] [856545.546, -4842965.2472, 4047983.1775]
61309.000 [856545.974, 0.0, -4842960.5047] [856545.5835, -4842965.3096, 4047983.0947]
61310.000 [856546.305, 5.0, -4842961.0026] [856545.6633, -4842965.3676, 4047983.0182]
61311.000 [856546.49, 6.0, -4842961.6265] [856545.7378, -4842965.4189, 4047982.9438]
61312.000 [856546.49, 6.0, -4842961.6265] [856545.8179, -4842965.4632, 4047982.8841]
61313.000 [856546.759, 3.0, -4842962.3184] [856545.855, -4842965.5299, 4047982.8075]
61314.000 [856547.219, 4.0, -4842962.7218] [856545.9423, -4842965.5927, 4047982.7362]
61315.000 [856547.697, 1.0, -4842963.3323] [856545.9934, -4842965.6412, 4047982.6778]
61316.000 [856547.837, 4.0, -4842963.7107] [856546.076, -4842965.6829, 4047982.6083]
61317.000 [856547.899, 9.0, -4842963.892] [856546.1608, -4842965.7376, 4047982.5252]
61318.000 [856548.141, 1.0, -4842963.952] [856546.1996, -4842965.7855, 4047982.4527]
61319.000 [856548.141, 1.0, -4842963.952] [856546.2779, -4842965.8516, 4047982.3874]
61321.000 [856548.141, 1.0, -4842963.952] [856546.4554, -4842965.9323, 4047982.2381]
61322.000 [856548.225, 7.0, -4842963.7003] [856546.5058, -4842965.972, 4047982.1724]
61323.000 [856548.362, 7.0, -4842963.6382] [856546.5728, -4842966.0241, 4047982.1187]
61324.000 [856548.667, 7.0, -4842963.6176] [856546.6384, -4842966.0524, 4047982.0854]
61325.000 [856548.888, 1.0, -4842963.6829] [856546.7042, -4842966.0868, 4047982.0327]
61326.000 [856548.766, 7.0, -4842963.6325] [856546.8019, -4842966.1154, 4047981.979]
61327.000 [856548.694, 1.0, -4842963.579] [856546.8694, -4842966.1594, 4047981.9241]
61328.000 [856548.661, -4842963.4569, 4047983.3116] [856546.9418, -4842966.202, 4047981.8468]
61331.000 [856548.661, -4842963.4569, 4047983.3116] [856547.0704, -4842966.2359, 4047981.7736]
61332.000 [856549.242, 2.0, -4842964.729] [856547.0459, -4842966.2144, 4047981.7902]
61334.000 [856549.059, 0.0, -4842964.9166] [856546.9141, -4842966.1854, 4047981.8688]
61335.000 [856549.014, 6.0, -4842964.9139] [856546.8964, -4842966.1947, 4047981.8778]
61336.000 [856549.014, 6.0, -4842964.9139] [856546.9209, -4842966.2055, 4047981.8494]
61337.000 [856549.014, 6.0, -4842964.9139] [856547.0206, -4842966.2711, 4047981.7773]
61338.000 [856549.148, 9.0, -4842964.2472] [856547.0944, -4842966.3452, 4047981.6834]
61339.000 [856549.209, 1.0, -4842964.0939] [856547.1666, -4842966.3846, 4047981.6531]
61340.000 [856549.38, 7.0, -4842964.1503] [856547.2589, -4842966.4209, 4047981.5725]
61341.000 [856549.46, 1.0, -4842964.2082] [856547.3426, -4842966.4504, 4047981.5021]
61342.000 [856549.436, 5.0, -4842964.3363] [856547.4138, -4842966.4845, 4047981.4333]
61343.000 [856549.522, 1.0, -4842964.5302] [856547.5262, -4842966.5109, 4047981.3838]
61345.000 [856549.771, 2.0, -4842964.72] [856547.6836, -4842966.5786, 4047981.2727]
61346.000 [856549.652, 9.0, -4842964.7667] [856547.759, -4842966.6226, 4047981.2217]
61347.000 [856549.791, 9.0, -4842964.6853] [856547.8691, -4842966.6306, 4047981.1688]
61348.000 [856549.928, 5.0, -4842964.6673] [856547.9381, -4842966.6855, 4047981.0883]
61349.000 [856549.928, 5.0, -4842964.6673] [856548.0062, -4842966.7038, 4047981.0538]
61350.000 [856550.245, 6.0, -4842964.7226] [856548.1062, -4842966.7368, 4047981.0255]
61351.000 [856550.384, 6.0, -4842964.6771] [856548.1884, -4842966.7712, 4047980.9894]
61352.000 [856550.535, 9.0, -4842964.6288] [856548.236, -4842966.8297, 4047980.941]
61353.000 [856550.494, 9.0, -4842964.7054] [856548.3519, -4842966.8544, 4047980.8984]
61354.000 [856550.536, 2.0, -4842964.6449] [856548.4362, -4842966.8685, 4047980.8585]
61355.000 [856550.529, 8.0, -4842964.5321] [856548.543, -4842966.8963, 4047980.8056]
61356.000 [856550.49, 7.0, -4842964.3387] [856548.612, -4842966.9392, 4047980.7595]
61357.000 [856550.506, 9.0, -4842964.2006] [856548.7128, -4842966.9613, 4047980.7072]
61358.000 [856550.578, 1.0, -4842964.1088] [856548.8016, -4842966.9801, 4047980.6679]
61359.000 [856550.615, -4842964.1576, 4047983.0493] [856548.8655, -4842967.0142, 4047980.6232]
61361.000 [856550.615, -4842964.1576, 4047983.0493] [856549.0637, -4842967.067, 4047980.5075]
61362.000 [856550.615, -4842964.1576, 4047983.0493] [856549.0409, -4842967.0637, 4047980.5367]
61363.000 [856550.615, -4842964.1576, 4047983.0493] [856548.9415, -4842967.0329, 4047980.5956]
61364.000 [856550.615, -4842964.1576, 4047983.0493] [856548.8596, -4842967.0321, 4047980.6268]
61365.000 [856550.615, -4842964.1576, 4047983.0493] [856548.764, -4842967.0012, 4047980.6785]
61366.000 [856550.615, -4842964.1576, 4047983.0493] [856548.646, -4842966.9798, 4047980.7198]
61367.000 [856550.342, 9.0, -4842964.753] [856548.53, -4842966.9661, 4047980.7691]
61369.000 [856550.049, 2.0, -4842964.6992] [856548.3495, -4842966.8831, 4047980.8709]
61370.000 [856549.853, 4.0, -4842964.6635] [856548.3342, -4842966.8998, 4047980.8488]
61371.000 [856549.853, 4.0, -4842964.6635] [856548.3878, -4842966.9265, 4047980.8141]
61372.000 [856549.802, 8.0, -4842964.8187] [856548.4818, -4842966.9499, 4047980.7486]
61373.000 [856549.991, 5.0, -4842964.9571] [856548.5671, -4842966.9862, 4047980.6979]
61374.000 [856549.991, 5.0, -4842964.9571] [856548.6735, -4842967.0048, 4047980.6488]
61375.000 [856550.51, 6.0, -4842964.9224] [856548.7552, -4842967.0373, 4047980.5749]
61376.000 [856550.561, 6.0, -4842964.6264] [856548.8362, -4842967.0439, 4047980.5217]
61378.000 [856550.571, 0.0, -4842964.3517] [856549.0078, -4842967.0711, 4047980.4381]
61379.000 [856550.603, 3.0, -4842964.3185] [856549.0869, -4842967.0562, 4047980.4054]
61380.000 [856550.603, 3.0, -4842964.3185] [856549.1806, -4842967.081, 4047980.3532]
61381.000 [856550.603, 3.0, -4842964.3185] [856549.2736, -4842967.1054, 4047980.312]
61382.000 [856550.926, 2.0, -4842964.7908] [856549.377, -4842967.1129, 4047980.2729]
61383.000 [856550.977, 5.0, -4842964.7888] [856549.4959, -4842967.1404, 4047980.2189]
61384.000 [856551.123, 8.0, -4842965.0819] [856549.5902, -4842967.1623, 4047980.1764]
61385.000 [856551.222, 9.0, -4842965.3209] [856549.6626, -4842967.1867, 4047980.1431]
61386.000 [856551.222, 9.0, -4842965.3209] [856549.7722, -4842967.2348, 4047980.0597]
61387.000 [856551.419, 0.0, -4842965.0818] [856549.8607, -4842967.2659, 4047980.0093]
61388.000 [856551.289, 1.0, -4842965.0204] [856549.9286, -4842967.2698, 4047979.9767]
61389.000 [856551.19, 3.0, -4842965.0428] [856550.0478, -4842967.285, 4047979.8972]
61390.000 [856551.19, 3.0, -4842965.0428] [856550.1172, -4842967.3219, 4047979.8595]
61391.000 [856551.19, 3.0, -4842965.0428] [856550.2435, -4842967.3177, 4047979.7825]
61392.000 [856551.19, 3.0, -4842965.0428] [856550.358, -4842967.3217, 4047979.725]
61393.000 [856551.383, 2.0, -4842964.9622] [856550.4674, -4842967.3404, 4047979.6703]
61394.000 [856551.48, 8.0, -4842964.9847] [856550.5838, -4842967.346, 4047979.6236]
61395.000 [856551.48, 8.0, -4842964.9847] [856550.6677, -4842967.3612, 4047979.5723]
61397.000 [856551.794, 2.0, -4842964.9472] [856550.8889, -4842967.3735, 4047979.4984]
61398.000 [856551.935, 1.0, -4842964.899] [856550.9921, -4842967.3996, 4047979.4609]
61399.000 [856552.315, 1.0, -4842964.7016] [856551.1077, -4842967.4261, 4047979.3989]
61400.000 [856552.752, 7.0, -4842964.7491] [856551.2036, -4842967.4041, 4047979.3829]
61401.000 [856552.908, 3.0, -4842965.0621] [856551.3118, -4842967.407, 4047979.3489]
61402.000 [856552.908, 3.0, -4842965.0621] [856551.4189, -4842967.4056, 4047979.3084]
61403.000 [856553.205, 6.0, -4842965.498] [856551.5042, -4842967.403, 4047979.258]
61404.000 [856553.935, 7.0, -4842965.6852] [856551.6039, -4842967.3996, 4047979.2123]
61405.000 [856554.349, 2.0, -4842966.0527] [856551.6951, -4842967.3721, 4047979.1967]
61406.000 [856554.648, 2.0, -4842966.5591] [856551.8048, -4842967.3905, 4047979.176]
61407.000 [856554.592, 9.0, -4842966.6883] [856551.9228, -4842967.3947, 4047979.1358]
61408.000 [856554.602, 0.0, -4842967.0049] [856552.0356, -4842967.3941, 4047979.0983]
61409.000 [856555.021, 2.0, -4842966.898] [856552.1168, -4842967.4045, 4047979.0657]
61410.000 [856555.021, 2.0, -4842966.898] [856552.2091, -4842967.4013, 4047979.0586]
61411.000 [856555.021, 2.0, -4842966.898] [856552.3039, -4842967.4017, 4047979.0216]
61412.000 [856555.021, 2.0, -4842966.898] [856552.415, -4842967.4071, 4047978.9888]
61413.000 [856555.021, 2.0, -4842966.898] [856552.558, -4842967.4202, 4047978.9717]
61414.000 [856555.021, 2.0, -4842966.898] [856552.6828, -4842967.4051, 4047978.9532]
61415.000 [856555.021, 2.0, -4842966.898] [856552.811, -4842967.4081, 4047978.9113]
61416.000 [856555.643, 0.0, -4842966.2914] [856552.9232, -4842967.4014, 4047978.8806]
61417.000 [856555.706, 3.0, -4842966.5438] [856553.0404, -4842967.4012, 4047978.8588]
61419.000 [856555.622, 4.0, -4842966.8853] [856553.2393, -4842967.3708, 4047978.7865]
61420.000 [856555.695, 2.0, -4842966.6876] [856553.3571, -4842967.3601, 4047978.7769]
61421.000 [856555.695, 2.0, -4842966.6876] [856553.4898, -4842967.3661, 4047978.7459]
61422.000 [856556.28, 7.0, -4842965.8033] [856553.6186, -4842967.3285, 4047978.7247]
61423.000 [856556.28, 7.0, -4842965.8033] [856553.7561, -4842967.3113, 4047978.6912]
61424.000 [856556.28, 7.0, -4842965.8033] [856553.8397, -4842967.3222, 4047978.6825]
61425.000 [856556.28, 7.0, -4842965.8033] [856553.9614, -4842967.3149, 4047978.6569]
61426.000 [856556.28, 7.0, -4842965.8033] [856554.0703, -4842967.3063, 4047978.6415]
61427.000 [856556.28, 7.0, -4842965.8033] [856554.1602, -4842967.2808, 4047978.628]
61428.000 [856556.28, 7.0, -4842965.8033] [856554.2815, -4842967.2733, 4047978.61]
61429.000 [856556.497, 4.0, -4842966.3428] [856554.3656, -4842967.2722, 4047978.6218]
61430.000 [856556.497, 4.0, -4842966.3428] [856554.4735, -4842967.2638, 4047978.6079]
61431.000 [856556.497, 4.0, -4842966.3428] [856554.5838, -4842967.2505, 4047978.5795]
61432.000 [856556.497, 4.0, -4842966.3428] [856554.7187, -4842967.2153, 4047978.57]
61433.000 [856557.572, 7.0, -4842966.0933] [856554.8378, -4842967.1889, 4047978.5466]
61434.000 [856557.84, 4.0, -4842965.278] [856554.9566, -4842967.1801, 4047978.5463]
61435.000 [856558.022, 8.0, -4842964.3921] [856555.0572, -4842967.1645, 4047978.5301]
61436.000 [856558.474, 6.0, -4842963.8788] [856555.1532, -4842967.1659, 4047978.5259]
61437.000 [856558.598, 2.0, -4842963.4097] [856555.2168, -4842967.1599, 4047978.5149]
61438.000 [856558.261, 4.0, -4842962.9554] [856555.3529, -4842967.14, 4047978.5047]
61439.000 [856558.198, 2.0, -4842962.26] [856555.4661, -4842967.1275, 4047978.509]
61440.000 [856558.198, 2.0, -4842962.26] [856555.5656, -4842967.1037, 4047978.509]
61441.000 [856559.066, 0.0, -4842961.2193] [856555.7194, -4842967.0874, 4047978.4814]
61442.000 [856558.772, 3.0, -4842961.3518] [856555.8202, -4842967.0762, 4047978.4733]
61443.000 [856558.111, 6.0, -4842961.8547] [856555.9105, -4842967.0579, 4047978.4676]
61444.000 [856557.07, 1.0, -4842962.4707] [856556.0428, -4842967.0468, 4047978.4764]
61445.000 [856556.08, -4842963.2936, 4047982.7186] [856556.1522, -4842967.0686, 4047978.4823]
61448.000 [856555.128, 5.0, -4842964.1792] [856556.4209, -4842966.9889, 4047978.5043]
61451.000 [856556.218, 3.0, -4842964.308] [856556.3348, -4842967.0534, 4047978.4318]
61452.000 [856556.398, 7.0, -4842964.0729] [856556.3753, -4842967.0321, 4047978.4345]
61453.000 [856556.419, 0.0, -4842963.8296] [856556.4862, -4842967.0196, 4047978.4095]
61454.000 [856556.488, 2.0, -4842963.6424] [856556.5862, -4842966.9903, 4047978.4199]
61455.000 [856556.568, 4.0, -4842963.6262] [856556.7005, -4842966.9648, 4047978.4475]
61456.000 [856556.701, 0.0, -4842963.5712] [856556.8271, -4842966.9338, 4047978.4629]
61457.000 [856556.77, 6.0, -4842963.5877] [856556.9409, -4842966.9253, 4047978.4582]
61458.000 [856556.773, 6.0, -4842963.6483] [856557.0219, -4842966.8951, 4047978.4736]
61459.000 [856556.79, 8.0, -4842963.7756] [856557.1251, -4842966.8679, 4047978.4834]
61460.000 [856556.905, 1.0, -4842964.032] [856557.2316, -4842966.8272, 4047978.491]
61461.000 [856556.914, 0.0, -4842964.0981] [856557.3332, -4842966.8003, 4047978.5022]
61463.000 [856557.052, 4.0, -4842963.9751] [856557.5579, -4842966.742, 4047978.5084]
61464.000 [856557.052, 4.0, -4842963.9751] [856557.6782, -4842966.7012, 4047978.4999]
61465.000 [856557.052, 4.0, -4842963.9751] [856557.7646, -4842966.6874, 4047978.5155]
61466.000 [856557.052, 4.0, -4842963.9751] [856557.864, -4842966.6587, 4047978.5202]
61467.000 [856557.971, -4842963.6988, 4047981.3904] [856557.9844, -4842966.6071, 4047978.5256]
61469.000 [856557.971, -4842963.6988, 4047981.3904] [856558.1421, -4842966.5839, 4047978.5653]
61473.000 [856559.055, 9.0, -4842964.1621] [856558.0961, -4842966.6229, 4047978.515]
61476.000 [856559.183, 1.0, -4842964.4461] [856558.1316, -4842966.5956, 4047978.482]
61477.000 [856559.183, 1.0, -4842964.4461] [856558.1645, -4842966.5936, 4047978.4685]
61478.000 [856559.183, 1.0, -4842964.4461] [856558.2799, -4842966.5612, 4047978.4784]
61479.000 [856559.183, 1.0, -4842964.4461] [856558.3888, -4842966.5401, 4047978.4763]
61480.000 [856559.183, 1.0, -4842964.4461] [856558.5073, -4842966.5155, 4047978.4762]
61481.000 [856559.183, 1.0, -4842964.4461] [856558.6124, -4842966.4732, 4047978.4824]
61482.000 [856559.183, 1.0, -4842964.4461] [856558.7269, -4842966.4549, 4047978.49]
61483.000 [856559.183, 1.0, -4842964.4461] [856558.8341, -4842966.4265, 4047978.4728]
61484.000 [856560.757, 2.0, -4842964.7998] [856558.9668, -4842966.3509, 4047978.4606]
61485.000 [856560.757, 2.0, -4842964.7998] [856559.0751, -4842966.302, 4047978.4532]
61486.000 [856560.757, 2.0, -4842964.7998] [856559.1903, -4842966.2698, 4047978.4638]
61487.000 [856560.981, 8.0, -4842965.126] [856559.2764, -4842966.2413, 4047978.4977]
61488.000 [856561.101, 4.0, -4842965.3616] [856559.3761, -4842966.1949, 4047978.4696]
61489.000 [856561.101, 4.0, -4842965.3616] [856559.4848, -4842966.1375, 4047978.4899]
61490.000 [856561.101, 4.0, -4842965.3616] [856559.5794, -4842966.1039, 4047978.5178]
61491.000 [856561.101, 4.0, -4842965.3616] [856559.6861, -4842966.0608, 4047978.5294]
61492.000 [856561.101, 4.0, -4842965.3616] [856559.797, -4842966.0153, 4047978.5259]
61493.000 [856561.101, 4.0, -4842965.3616] [856559.9001, -4842965.9665, 4047978.5484]
61494.000 [856561.101, 4.0, -4842965.3616] [856560.0144, -4842965.9193, 4047978.5767]
61495.000 [856561.101, 4.0, -4842965.3616] [856560.1292, -4842965.8757, 4047978.5963]
61496.000 [856562.597, 8.0, -4842962.3575] [856560.229, -4842965.8349, 4047978.6281]
61498.000 [856562.597, 8.0, -4842962.3575] [856560.4381, -4842965.74, 4047978.678]
61499.000 [856562.597, 8.0, -4842962.3575] [856560.5156, -4842965.7003, 4047978.7239]
61500.000 [856562.597, 8.0, -4842962.3575] [856560.6165, -4842965.6568, 4047978.7648]
61501.000 [856562.894, 7.0, -4842962.7234] [856560.7081, -4842965.61, 4047978.8004]
61502.000 [856562.894, 7.0, -4842962.7234] [856560.8416, -4842965.5524, 4047978.8189]
61503.000 [856562.894, 7.0, -4842962.7234] [856560.9241, -4842965.4988, 4047978.8374]
61504.000 [856562.894, 7.0, -4842962.7234] [856560.9947, -4842965.4481, 4047978.8716]
61505.000 [856562.894, 7.0, -4842962.7234] [856561.0695, -4842965.3916, 4047978.9121]
61506.000 [856562.894, 7.0, -4842962.7234] [856561.1705, -4842965.323, 4047978.9502]
61507.000 [856562.894, 7.0, -4842962.7234] [856561.3067, -4842965.2687, 4047978.9483]
61508.000 [856562.894, 7.0, -4842962.7234] [856561.4155, -4842965.2012, 4047978.9799]
61510.000 [856562.894, 7.0, -4842962.7234] [856561.541, -4842965.1348, 4047979.0339]
61511.000 [856564.281, 8.0, -4842963.6075] [856561.5644, -4842965.1285, 4047979.0166]
61512.000 [856564.281, 8.0, -4842963.6075] [856561.64, -4842965.0909, 4047979.0242]
61513.000 [856564.281, 8.0, -4842963.6075] [856561.7636, -4842965.0417, 4047979.0312]
61514.000 [856564.281, 8.0, -4842963.6075] [856561.896, -4842964.9909, 4047979.0231]
61515.000 [856564.281, 8.0, -4842963.6075] [856562.042, -4842964.9185, 4047979.0624]
61516.000 [856564.281, 8.0, -4842963.6075] [856562.1601, -4842964.8732, 4047979.0935]
61518.000 [856564.281, 8.0, -4842963.6075] [856562.3784, -4842964.7882, 4047979.1001]
61519.000 [856564.281, 8.0, -4842963.6075] [856562.478, -4842964.7183, 4047979.1481]
61520.000 [856564.281, 8.0, -4842963.6075] [856562.5982, -4842964.6911, 4047979.1795]
61521.000 [856564.281, 8.0, -4842963.6075] [856562.704, -4842964.6774, 4047979.173]
61522.000 [856564.281, 8.0, -4842963.6075] [856562.7914, -4842964.6284, 4047979.2107]
61523.000 [856564.281, 8.0, -4842963.6075] [856562.884, -4842964.5996, 4047979.2316]
61524.000 [856564.281, 8.0, -4842963.6075] [856562.968, -4842964.5547, 4047979.2689]
61525.000 [856564.281, 8.0, -4842963.6075] [856563.0782, -4842964.4995, 4047979.2943]
61526.000 [856565.123, 5.0, -4842963.1392] [856563.1466, -4842964.4518, 4047979.3376]
61527.000 [856565.123, 5.0, -4842963.1392] [856563.2583, -4842964.3874, 4047979.3566]
61528.000 [856565.229, 9.0, -4842963.1929] [856563.3473, -4842964.331, 4047979.3698]
61529.000 [856565.229, 9.0, -4842963.1929] [856563.4598, -4842964.2842, 4047979.399]
61530.000 [856565.229, 9.0, -4842963.1929] [856563.5402, -4842964.2554, 4047979.4166]
61531.000 [856565.229, 9.0, -4842963.1929] [856563.6198, -4842964.1885, 4047979.4576]
61532.000 [856565.229, 9.0, -4842963.1929] [856563.699, -4842964.136, 4047979.5069]
61534.000 [856565.229, 9.0, -4842963.1929] [856563.9186, -4842964.0554, 4047979.5583]
61535.000 [856565.229, 9.0, -4842963.1929] [856564.0142, -4842963.9954, 4047979.6017]
61536.000 [856565.229, 9.0, -4842963.1929] [856564.0867, -4842963.9393, 4047979.6352]
61537.000 [856565.229, 9.0, -4842963.1929] [856564.1767, -4842963.8951, 4047979.6491]
61538.000 [856565.229, 9.0, -4842963.1929] [856564.2657, -4842963.8317, 4047979.6904]
61539.000 [856565.229, 9.0, -4842963.1929] [856564.3588, -4842963.8019, 4047979.7059]
61540.000 [856565.229, 9.0, -4842963.1929] [856564.4704, -4842963.7349, 4047979.7601]
61541.000 [856564.717, 3.0, -4842962.5052] [856564.5446, -4842963.6996, 4047979.7861]
61542.000 [856564.717, 3.0, -4842962.5052] [856564.6189, -4842963.6365, 4047979.8505]
61543.000 [856564.717, 3.0, -4842962.5052] [856564.7261, -4842963.5853, 4047979.8648]
61544.000 [856564.717, 3.0, -4842962.5052] [856564.8235, -4842963.5356, 4047979.9022]
61545.000 [856564.717, 3.0, -4842962.5052] [856564.9065, -4842963.5129, 4047979.9181]
61546.000 [856564.717, 3.0, -4842962.5052] [856564.9694, -4842963.4432, 4047979.9704]
61547.000 [856564.635, 5.0, -4842961.2842] [856565.0505, -4842963.3823, 4047980.004]
61548.000 [856564.686, 4.0, -4842961.1915] [856565.1464, -4842963.3191, 4047980.0466]
61549.000 [856564.684, 4.0, -4842961.2274] [856565.2386, -4842963.2949, 4047980.0736]
61550.000 [856564.716, 7.0, -4842961.3442] [856565.3264, -4842963.2348, 4047980.1072]
61551.000 [856564.716, 7.0, -4842961.3442] [856565.3978, -4842963.184, 4047980.1556]
61552.000 [856564.947, 7.0, -4842961.5044] [856565.4888, -4842963.1293, 4047980.2044]
61553.000 [856564.947, 7.0, -4842961.5044] [856565.6039, -4842963.0498, 4047980.2692]
61554.000 [856565.199, 0.0, -4842961.5196] [856565.683, -4842962.9958, 4047980.3045]
61555.000 [856565.199, 0.0, -4842961.5196] [856565.7747, -4842962.93, 4047980.3378]
61557.000 [856565.199, 0.0, -4842961.5196] [856565.9372, -4842962.7998, 4047980.4409]
61558.000 [856565.717, 0.0, -4842961.1938] [856566.0364, -4842962.7504, 4047980.4794]
61559.000 [856565.717, 0.0, -4842961.1938] [856566.1202, -4842962.6747, 4047980.5274]
61560.000 [856565.717, 0.0, -4842961.1938] [856566.1776, -4842962.6198, 4047980.5632]
61561.000 [856565.717, 0.0, -4842961.1938] [856566.2809, -4842962.578, 4047980.5957]
61562.000 [856565.942, 0.0, -4842960.4901] [856566.3592, -4842962.5057, 4047980.6488]
61563.000 [856566.043, 4.0, -4842960.4195] [856566.4246, -4842962.4496, 4047980.6868]
61564.000 [856566.043, 4.0, -4842960.4195] [856566.5054, -4842962.4125, 4047980.7347]
61565.000 [856566.071, 8.0, -4842960.3368] [856566.5814, -4842962.3585, 4047980.788]
61566.000 [856566.071, 8.0, -4842960.3368] [856566.6519, -4842962.3025, 4047980.8335]
61567.000 [856566.071, 8.0, -4842960.3368] [856566.7392, -4842962.2355, 4047980.8882]
61568.000 [856566.071, 8.0, -4842960.3368] [856566.8267, -4842962.1704, 4047980.9463]
61569.000 [856566.071, 8.0, -4842960.3368] [856566.8843, -4842962.1042, 4047980.9938]
61570.000 [856566.279, 1.0, -4842960.4252] [856566.9567, -4842962.0473, 4047981.0473]
61571.000 [856566.323, 9.0, -4842960.4258] [856567.018, -4842962.0112, 4047981.0755]
61572.000 [856566.323, 9.0, -4842960.4258] [856567.0854, -4842961.9431, 4047981.1033]
61574.000 [856566.128, 5.0, -4842960.6652] [856567.2626, -4842961.8101, 4047981.2347]
61575.000 [856565.97, 7.0, -4842960.6773] [856567.344, -4842961.7627, 4047981.2821]
61576.000 [856565.922, 1.0, -4842960.6069] [856567.4391, -4842961.6798, 4047981.3262]
61577.000 [856565.956, 1.0, -4842960.5197] [856567.4993, -4842961.6371, 4047981.3895]
61578.000 [856565.957, 3.0, -4842960.4887] [856567.5583, -4842961.5788, 4047981.4587]
61579.000 [856565.957, 3.0, -4842960.4887] [856567.6511, -4842961.5084, 4047981.5074]
61580.000 [856565.957, 3.0, -4842960.4887] [856567.7011, -4842961.4251, 4047981.5776]
61581.000 [856565.957, 3.0, -4842960.4887] [856567.7837, -4842961.3845, 4047981.6227]
61582.000 [856565.957, 3.0, -4842960.4887] [856567.8492, -4842961.2999, 4047981.707]
61583.000 [856565.957, 3.0, -4842960.4887] [856567.9174, -4842961.2563, 4047981.7421]
61584.000 [856566.098, 2.0, -4842960.5122] [856568.0038, -4842961.181, 4047981.7927]
61585.000 [856566.098, 2.0, -4842960.5122] [856568.0678, -4842961.0986, 4047981.8464]
61586.000 [856566.098, 2.0, -4842960.5122] [856568.1249, -4842961.0321, 4047981.8927]
61587.000 [856566.098, 2.0, -4842960.5122] [856568.2005, -4842960.9829, 4047981.9394]
61588.000 [856566.098, 2.0, -4842960.5122] [856568.2683, -4842960.9548, 4047981.9823]
61589.000 [856566.098, 2.0, -4842960.5122] [856568.3265, -4842960.8936, 4047982.0443]
61590.000 [856566.098, 2.0, -4842960.5122] [856568.3937, -4842960.8321, 4047982.1075]
61591.000 [856566.098, 2.0, -4842960.5122] [856568.4428, -4842960.7857, 4047982.1605]
61592.000 [856566.098, 2.0, -4842960.5122] [856568.5169, -4842960.7163, 4047982.2234]
61593.000 [856566.098, 2.0, -4842960.5122] [856568.5886, -4842960.6579, 4047982.2812]
61594.000 [856566.098, 2.0, -4842960.5122] [856568.6762, -4842960.5905, 4047982.3228]
61595.000 [856566.155, 9.0, -4842959.8264] [856568.7517, -4842960.5177, 4047982.4026]
61597.000 [856566.173, 1.0, -4842959.6291] [856568.8872, -4842960.411, 4047982.5017]
61598.000 [856566.085, 4.0, -4842959.6074] [856568.9579, -4842960.3376, 4047982.5558]
61599.000 [856566.085, 4.0, -4842959.6074] [856569.0245, -4842960.2745, 4047982.6131]
61600.000 [856565.848, 8.0, -4842959.4709] [856569.1035, -4842960.2315, 4047982.6473]
61601.000 [856565.848, 8.0, -4842959.4709] [856569.185, -4842960.1551, 4047982.717]
61602.000 [856565.721, 9.0, -4842959.1888] [856569.2512, -4842960.0814, 4047982.7968]
61603.000 [856565.663, 7.0, -4842959.3079] [856569.3294, -4842960.0062, 4047982.8689]
61604.000 [856565.663, 7.0, -4842959.3079] [856569.409, -4842959.9164, 4047982.9414]
61605.000 [856565.671, 6.0, -4842959.2604] [856569.4811, -4842959.857, 4047983.0037]
61606.000 [856565.666, 3.0, -4842959.2438] [856569.5209, -4842959.8017, 4047983.057]
61607.000 [856565.666, 2.0, -4842959.2504] [856569.5675, -4842959.7402, 4047983.1225]
61608.000 [856565.668, 1.0, -4842959.2683] [856569.6145, -4842959.6881, 4047983.1751]
61609.000 [856565.664, 6.0, -4842959.2661] [856569.6915, -4842959.618, 4047983.2232]
61610.000 [856565.665, 5.0, -4842959.275] [856569.7518, -4842959.5329, 4047983.3097]
61611.000 [856565.645, 0.0, -4842959.2806] [856569.7986, -4842959.4489, 4047983.3714]
61612.000 [856565.645, 7.0, -4842959.2649] [856569.8451, -4842959.4129, 4047983.4246]
61614.000 [856565.652, 2.0, -4842959.2472] [856569.9857, -4842959.2647, 4047983.5364]
61615.000 [856565.655, 5.0, -4842959.2367] [856569.9831, -4842959.2303, 4047983.5789]
61616.000 [856565.663, 4.0, -4842959.2417] [856570.0941, -4842959.1452, 4047983.6582]
61617.000 [856565.662, -4842959.2271, 4047983.1418] [856570.136, -4842959.1331, 4047983.7002]
61619.000 [856565.67, 6.0, -4842959.2221] [856570.234, -4842959.0268, 4047983.7949]
61621.000 [856565.67, 6.0, -4842959.2221] [856570.2475, -4842959.0506, 4047983.8079]
61622.000 [856565.685, 7.0, -4842959.2373] [856570.2329, -4842959.0644, 4047983.8104]
61623.000 [856565.681, 6.0, -4842959.2255] [856570.2897, -4842958.9927, 4047983.8842]
61624.000 [856565.681, 6.0, -4842959.2255] [856570.3058, -4842958.9441, 4047983.9615]
61625.000 [856565.69, 5.0, -4842959.2268] [856570.3756, -4842958.8902, 4047984.0066]
61626.000 [856565.69, 6.0, -4842959.2483] [856570.4784, -4842958.8109, 4047984.0731]
61627.000 [856565.695, 6.0, -4842959.2539] [856570.5907, -4842958.6872, 4047984.1962]
61628.000 [856565.69, 5.0, -4842959.2555] [856570.6029, -4842958.6116, 4047984.2818]
61630.000 [856565.699, 3.0, -4842959.2493] [856570.7377, -4842958.5073, 4047984.3952]
61631.000 [856565.705, 4.0, -4842959.25] [856570.7766, -4842958.4494, 4047984.4357]
61632.000 [856565.71, 3.0, -4842959.2515] [856570.8172, -4842958.3712, 4047984.5126]
61633.000 [856565.705, 7.0, -4842959.2521] [856570.8374, -4842958.2994, 4047984.5887]
61634.000 [856565.707, 0.0, -4842959.2509] [856570.8952, -4842958.2373, 4047984.6605]
61635.000 [856565.717, 4.0, -4842959.2591] [856570.9467, -4842958.1596, 4047984.7348]
61636.000 [856565.724, 3.0, -4842959.2508] [856570.9839, -4842958.1013, 4047984.7876]
61637.000 [856565.724, 1.0, -4842959.2512] [856571.0348, -4842958.0346, 4047984.8484]
61638.000 [856565.721, 7.0, -4842959.2494] [856571.0777, -4842957.9875, 4047984.9342]
61639.000 [856565.723, 8.0, -4842959.2517] [856571.1134, -4842957.941, 4047984.9723]
61640.000 [856565.729, 3.0, -4842959.2424] [856571.1856, -4842957.8264, 4047985.0588]
61641.000 [856565.734, 6.0, -4842959.2553] [856571.2357, -4842957.7816, 4047985.0996]
61642.000 [856565.739, 7.0, -4842959.2621] [856571.2896, -4842957.7042, 4047985.2087]
61644.000 [856565.739, 3.0, -4842959.2455] [856571.3622, -4842957.6043, 4047985.3188]
61645.000 [856565.734, 7.0, -4842959.2496] [856571.4208, -4842957.4965, 4047985.4028]
61646.000 [856565.74, 1.0, -4842959.2471] [856571.4481, -4842957.4413, 4047985.4581]
61647.000 [856565.74, 1.0, -4842959.2471] [856571.4941, -4842957.3574, 4047985.5645]
61648.000 [856565.753, -4842959.2473, 4047983.1012] [856571.5281, -4842957.2982, 4047985.6173]
61650.000 [856565.752, 0.0, -4842959.2306] [856571.5858, -4842957.2002, 4047985.7096]
61653.000 [856565.756, 0.0, -4842959.2195] [856571.5755, -4842957.1008, 4047985.8308]
61654.000 [856565.776, 4.0, -4842959.2415] [856571.6011, -4842957.0969, 4047985.8174]
61655.000 [856565.77, 6.0, -4842959.2473] [856571.6232, -4842957.0511, 4047985.8907]
61656.000 [856565.763, 4.0, -4842959.2331] [856571.6727, -4842956.9813, 4047985.9407]
61657.000 [856565.762, 0.0, -4842959.2296] [856571.7152, -4842956.9167, 4047986.0042]
61658.000 [856565.76, 9.0, -4842959.2229] [856571.7629, -4842956.8254, 4047986.0968]
61660.000 [856565.759, 3.0, -4842959.228] [856571.8494, -4842956.6788, 4047986.2505]
61661.000 [856565.749, 0.0, -4842959.2353] [856571.8766, -4842956.6198, 4047986.3306]
61662.000 [856566.541, 7.0, -4842959.0832] [856571.9287, -4842956.5554, 4047986.4093]
61663.000 [856566.541, 7.0, -4842959.0832] [856571.9512, -4842956.4947, 4047986.4775]
61664.000 [856566.541, 7.0, -4842959.0832] [856571.9767, -4842956.4122, 4047986.5689]
61665.000 [856568.991, 9.0, -4842957.1172] [856572.0199, -4842956.3427, 4047986.6335]
61666.000 [856569.516, 0.0, -4842956.5515] [856572.0539, -4842956.2892, 4047986.6903]
61667.000 [856569.853, 3.0, -4842956.2171] [856572.0937, -4842956.2058, 4047986.7773]
61668.000 [856570.236, 4.0, -4842956.0102] [856572.1034, -4842956.1642, 4047986.8273]
61669.000 [856570.781, 0.0, -4842955.8948] [856572.1123, -4842956.1069, 4047986.9192]
61670.000 [856570.993, 1.0, -4842955.6867] [856572.1531, -4842956.0459, 4047986.9956]
61671.000 [856570.501, 5.0, -4842955.0692] [856572.2074, -4842955.948, 4047987.0981]
61673.000 [856570.518, 4.0, -4842955.0656] [856572.2526, -4842955.801, 4047987.2499]
61674.000 [856570.308, 8.0, -4842954.8094] [856572.2827, -4842955.7304, 4047987.3237]
61675.000 [856570.464, 9.0, 6.0] [856572.2932, -4842955.651, 4047987.4099]
61676.000 [856570.527, 4.0, -4842954.995] [856572.3225, -4842955.5747, 4047987.497]
61678.000 [856570.309, 5.0, -4842954.723] [856572.3501, -4842955.4944, 4047987.6039]
61679.000 [856570.262, 4.0, -4842954.6172] [856572.3602, -4842955.5119, 4047987.6092]
61680.000 [856570.356, 7.0, -4842954.5612] [856572.364, -4842955.4409, 4047987.6867]
61681.000 [856570.674, 6.0, -4842954.2966] [856572.3915, -4842955.3613, 4047987.764]
61683.000 [856571.113, 5.0, -4842954.1624] [856572.4618, -4842955.2395, 4047987.8893]
61684.000 [856571.41, 9.0, -4842953.9685] [856572.457, -4842955.187, 4047987.9505]
61685.000 [856571.413, 4.0, -4842954.0103] [856572.4947, -4842955.119, 4047988.014]
61686.000 [856571.413, 4.0, -4842954.0103] [856572.5182, -4842955.0378, 4047988.0967]
61687.000 [856571.046, 4.0, -4842954.1304] [856572.5442, -4842954.9764, 4047988.1675]
61688.000 [856571.046, 4.0, -4842954.1304] [856572.5176, -4842954.907, 4047988.2618]
61689.000 [856571.198, 2.0, -4842954.3227] [856572.5521, -4842954.8348, 4047988.3386]
61690.000 [856571.282, 2.0, -4842954.3593] [856572.5799, -4842954.7682, 4047988.4158]
61691.000 [856571.231, 3.0, -4842954.2599] [856572.5977, -4842954.6937, 4047988.4818]
61692.000 [856571.223, 5.0, -4842954.2302] [856572.5867, -4842954.6047, 4047988.5745]
61693.000 [856571.28, -4842954.2488, 4047988.8188] [856572.5917, -4842954.5561, 4047988.6501]
61695.000 [856571.595, 8.0, -4842954.6998] [856572.6136, -4842954.4129, 4047988.7967]
61698.000 [856571.595, 8.0, -4842954.6998] [856572.6118, -4842954.4348, 4047988.7474]
61699.000 [856571.467, 8.0, -4842954.7308] [856572.619, -4842954.3696, 4047988.8274]
61700.000 [856571.467, 8.0, -4842954.7308] [856572.6224, -4842954.3069, 4047988.8914]
61701.000 [856571.408, 5.0, -4842954.5477] [856572.6109, -4842954.2161, 4047988.9983]
61702.000 [856571.223, -4842954.7989, 4047989.9666] [856572.6164, -4842954.1491, 4047989.084]
61704.000 [856571.055, 7.0, -4842953.9436] [856572.6477, -4842954.0613, 4047989.2011]
61707.000 [856571.2, 3.0, -4842953.9319] [856572.6601, -4842954.1166, 4047989.1567]
61708.000 [856571.259, 7.0, -4842953.5549] [856572.6824, -4842954.0949, 4047989.2042]
61709.000 [856571.259, 7.0, -4842953.5549] [856572.7119, -4842954.0242, 4047989.2811]
61710.000 [856571.486, 1.0, -4842953.7085] [856572.7141, -4842953.9293, 4047989.3871]
61711.000 [856571.45, 1.0, -4842953.4172] [856572.7272, -4842953.8489, 4047989.491]
61712.000 [856571.45, 1.0, -4842953.4172] [856572.7559, -4842953.7939, 4047989.5444]
61713.000 [856571.5, 7.0, -4842953.0843] [856572.7928, -4842953.7041, 4047989.6278]
61714.000 [856571.541, 5.0, -4842953.0366] [856572.7831, -4842953.6492, 4047989.6996]
61715.000 [856571.342, 2.0, -4842953.1504] [856572.7792, -4842953.6172, 4047989.7741]
61716.000 [856570.891, 4.0, -4842953.1251] [856572.8033, -4842953.5275, 4047989.8918]
61717.000 [856570.573, 5.0, -4842953.0775] [856572.8169, -4842953.455, 4047989.9667]
61718.000 [856570.308, 8.0, -4842953.0183] [856572.7813, -4842953.4062, 4047990.0651]
61719.000 [856570.386, 9.0, -4842953.0903] [856572.7834, -4842953.3301, 4047990.1524]
61720.000 [856570.533, 6.0, -4842952.9683] [856572.775, -4842953.2749, 4047990.1975]
61721.000 [856570.586, 2.0, -4842952.8433] [856572.78, -4842953.1931, 4047990.3005]
61722.000 [856570.806, 0.0, -4842952.7418] [856572.7614, -4842953.1045, 4047990.4059]
61723.000 [856571.231, 6.0, -4842952.7033] [856572.7519, -4842953.0178, 4047990.4939]
61724.000 [856571.474, 9.0, -4842952.5532] [856572.7551, -4842952.9109, 4047990.5901]
61726.000 [856571.936, 3.0, -4842952.2932] [856572.7447, -4842952.7856, 4047990.7527]
61727.000 [856572.423, 5.0, -4842951.9926] [856572.74, -4842952.7246, 4047990.8128]
61728.000 [856572.908, 4.0, -4842951.9142] [856572.7449, -4842952.6515, 4047990.887]
61729.000 [856572.908, 4.0, -4842951.9142] [856572.7298, -4842952.5816, 4047990.9678]
61730.000 [856573.386, 6.0, -4842951.7493] [856572.7186, -4842952.511, 4047991.0745]
61731.000 [856573.488, 1.0, 0.0] [856572.7094, -4842952.438, 4047991.1574]
61733.000 [856572.683, 9.0, -4842952.9875] [856572.6801, -4842952.326, 4047991.2921]
61734.000 [856572.431, 8.0, -4842952.8449] [856572.6726, -4842952.3066, 4047991.3289]
61735.000 [856572.431, 8.0, -4842952.8449] [856572.6972, -4842952.2749, 4047991.3572]
61736.000 [856572.113, 9.0, -4842952.2888] [856572.6694, -4842952.2199, 4047991.4338]
61737.000 [856571.743, 6.0, -4842952.2967] [856572.6324, -4842952.1756, 4047991.498]
61738.000 [856571.378, 3.0, -4842952.4352] [856572.6098, -4842952.128, 4047991.5607]
61739.000 [856571.446, 3.0, -4842952.2996] [856572.6145, -4842952.056, 4047991.6446]
61741.000 [856571.446, 3.0, -4842952.2996] [856572.5441, -4842951.9562, 4047991.786]
61742.000 [856571.181, 9.0, -4842952.0516] [856572.4969, -4842951.8649, 4047991.8866]
61743.000 [856570.867, 2.0, -4842951.2822] [856572.5201, -4842951.7687, 4047991.9667]
61744.000 [856570.907, 7.0, -4842951.2224] [856572.5252, -4842951.6855, 4047992.0634]
61745.000 [856570.924, 2.0, -4842951.1874] [856572.4837, -4842951.6103, 4047992.1413]
61746.000 [856570.878, 8.0, -4842951.2092] [856572.4497, -4842951.5505, 4047992.2142]
61747.000 [856570.809, 9.0, 7.0] [856572.4546, -4842951.4571, 4047992.3161]
61749.000 [856570.682, 9.0, -4842951.4197] [856572.4392, -4842951.3352, 4047992.4557]
61751.000 [856570.704, 0.0, -4842950.8549] [856572.3609, -4842951.2721, 4047992.5502]
61752.000 [856570.704, 0.0, -4842950.8549] [856572.3542, -4842951.2358, 4047992.6015]
61753.000 [856570.678, 9.0, -4842950.7847] [856572.3035, -4842951.1592, 4047992.7109]
61754.000 [856570.611, 8.0, -4842950.2672] [856572.2893, -4842951.0879, 4047992.7823]
61755.000 [856570.753, 3.0, -4842950.5536] [856572.2579, -4842950.9861, 4047992.8479]
61756.000 [856570.802, 8.0, -4842950.354] [856572.1972, -4842950.9329, 4047992.9092]
61757.000 [856570.791, 3.0, -4842950.4945] [856572.1692, -4842950.8847, 4047992.9488]
61758.000 [856570.759, 2.0, -4842950.4667] [856572.1668, -4842950.8186, 4047993.0462]
61759.000 [856570.759, 2.0, -4842950.4667] [856572.1368, -4842950.7353, 4047993.1482]
61760.000 [856570.773, 5.0, -4842950.46] [856572.1023, -4842950.6809, 4047993.2256]
61761.000 [856570.755, 9.0, -4842950.4582] [856572.0619, -4842950.6312, 4047993.3006]
61762.000 [856571.269, 9.0, -4842951.3481] [856572.0199, -4842950.544, 4047993.4015]
61763.000 [856571.106, 3.0, -4842951.0019] [856571.9711, -4842950.4719, 4047993.4928]
61764.000 [856570.338, 8.0, -4842950.0035] [856571.9377, -4842950.4107, 4047993.5711]
61765.000 [113306.0, 856570.723, 7.0] [856571.8986, -4842950.3378, 4047993.6548]
61769.000 [113306.0, 856570.723, 7.0] [856571.8063, -4842950.2633, 4047993.7524]
61770.000 [856570.347, 2.0, -4842949.5484] [856571.8271, -4842950.2681, 4047993.745]
61773.000 [856570.303, 0.0, -4842949.6104] [856572.0067, -4842950.3213, 4047993.6882]
61774.000 [856570.277, 4.0, -4842949.5896] [856572.0211, -4842950.3042, 4047993.7031]
61775.000 [856570.296, 9.0, 1.0] [856572.0172, -4842950.2826, 4047993.7413]
61777.000 [856570.372, 9.0, -4842949.7399] [856571.9452, -4842950.1378, 4047993.9272]
61779.000 [856570.371, 7.0, -4842949.7784] [856571.8881, -4842950.0629, 4047994.0018]
61780.000 [856570.392, 7.0, -4842949.8078] [856571.8786, -4842950.0271, 4047994.0346]
61781.000 [856570.38, 2.0, -4842949.8148] [856571.8473, -4842949.9742, 4047994.1108]
61782.000 [856570.375, 0.0, -4842949.8244] [856571.8183, -4842949.9183, 4047994.178]
61783.000 [856570.375, 0.0, -4842949.8237] [856571.8036, -4842949.8845, 4047994.2326]
61784.000 [856570.359, 2.0, -4842949.823] [856571.7653, -4842949.8027, 4047994.3148]
61785.000 [856570.367, 5.0, -4842949.8592] [856571.7182, -4842949.7147, 4047994.4053]
61786.000 [856570.379, 3.0, -4842949.8731] [856571.6492, -4842949.6616, 4047994.5007]
61787.000 [856570.391, -4842949.9073, 4047993.2914] [856571.6031, -4842949.5965, 4047994.5792]
