60650.000 [  856554.19923 -4842967.5223   4047980.9361 ] [856538.8725, -4842968.1554, 4047982.4148]
60659.000 [856539.512, 9.0, -4842965.0502] [856539.4194, -4842968.2922, 4047982.2434]
60669.000 [856539.645, 1.0, -4842965.0638] [856539.5334, -4842968.4629, 4047982.5351]
60673.000 [856539.645, 1.0, -4842965.0638] [856539.4245, -4842968.5238, 4047982.5108]
60682.000 [856540.441, 8.0, -4842968.2772] [856539.3844, -4842968.9686, 4047982.6848]
60692.000 [856540.227, 1.0, -4842967.2531] [856539.2748, -4842968.9701, 4047982.621]
60701.000 [856541.296, 9.0, -4842967.6165] [856539.2053, -4842969.0001, 4047982.5678]
60706.000 [856541.296, 9.0, -4842967.6165] [856539.1096, -4842969.0286, 4047982.5158]
60710.000 [856541.296, 9.0, -4842967.6165] [856539.0688, -4842969.1358, 4047982.4969]
60714.000 [856541.296, 9.0, -4842967.6165] [856538.9903, -4842969.1988, 4047982.4512]
