67245.000
 [[ 10853615.115  -11307621.7868  21422066.3346]
 [ 12030015.5704 -23445733.9073  -1975535.3957]
 [ -6332888.1576 -17218541.2665  19327004.4706]
 [  3486808.8482 -19512373.0862  17313186.7579]]
67247.000
 [[ 10856484.7814 -11302988.0911  21423083.3027]
 [ 12030694.3398 -23445904.8046  -1969105.6628]
 [ -6330214.0034 -17222581.0557  19324157.3105]
 [  3488974.8335 -19508443.616   17317226.5598]]
67249.000
 [[ 10859355.1048 -11298354.5096  21424098.4445]
 [ 12031372.2758 -23446074.3727  -1962675.7597]
 [ -6327540.6288 -17226620.5401  19321308.5222]
 [  3491141.734  -19504513.4866  17321264.847 ]]
67251.000
 [[ 10862226.0851 -11293721.0427  21425111.7598]
 [ 12032049.3789 -23446242.6111  -1956245.687 ]
 [ -6324868.034  -17230659.7193  19318458.1058]
 [  3493309.5499 -19500582.6986  17325301.619 ]]
67252.000
 [[ 10863661.8216 -11291404.3524  21425617.7325]
 [ 12032387.6182 -23446326.2317  -1953030.5872]
 [ -6323532.0291 -17232679.1943  19317032.2872]
 [  3494393.8012 -19498617.0577  17327319.4367]]
