68804.000 [  856541.68623152 -4842967.8569993   4047985.25549635] [-0.80901699  0.58778525  0.        ]
68807.000 [  856541.76933151 -4842967.89399931  4047985.33779635] [-0.80901699  0.58778525  0.        ]
68808.000 [  856541.81713151 -4842967.88199932  4047985.39169634] [-0.80901699  0.58778525  0.        ]
68809.000 [  856541.87673151 -4842967.84589933  4047985.42679634] [-0.80901699  0.58778525  0.        ]
68810.000 [  856541.9822315  -4842967.80089934  4047985.51039634] [-0.80901699  0.58778525  0.        ]
68811.000 [  856542.0345315  -4842967.77269935  4047985.55499633] [-0.80901699  0.58778525  0.        ]
68812.000 [  856542.74888825 -4842968.58615727  4047984.41498376] [-0.30901699 -0.95105652  0.        ]
68815.000 [  856542.87068827 -4842968.48425729  4047984.54438377] [-0.30901699 -0.95105652  0.        ]
68816.000 [  856542.83718827 -4842968.47355729  4047984.53278377] [-0.30901699 -0.95105652  0.        ]
68817.000 [  856542.76738826 -4842968.51705728  4047984.50218377] [-0.30901699 -0.95105652  0.        ]
68818.000 [  856542.70708825 -4842968.57515728  4047984.49298376] [-0.30901699 -0.95105652  0.        ]
68819.000 [  856542.59618823 -4842968.54785727  4047984.36768376] [-0.30901699 -0.95105652  0.        ]
68820.000 [  856542.53578822 -4842968.60135726  4047984.33138375] [-0.30901699 -0.95105652  0.        ]
68821.000 [  856542.46658821 -4842968.65285725  4047984.29058375] [-0.30901699 -0.95105652  0.        ]
68822.000 [  856542.3960882  -4842968.67585724  4047984.26538375] [-0.30901699 -0.95105652  0.        ]
68824.000 [  856542.25478818 -4842968.77875722  4047984.20978374] [-0.30901699 -0.95105652  0.        ]
68825.000 [  856542.20988817 -4842968.81115722  4047984.16498373] [-0.30901699 -0.95105652  0.        ]
68826.000 [  856543.16463764 -4842967.67710219  4047985.39409634] [ 0.80901699  0.58778525  0.        ]
68828.000 [  856542.86366251 -4842967.82709812  4047986.25540376] [-0.80901699 -0.58778525  0.        ]
68829.000 [  856543.39846261 -4842966.74179834  4047987.38300385] [-0.80901699 -0.58778525  0.        ]
68830.000 [  856543.74286268 -4842965.63399852  4047988.52010394] [-0.80901699 -0.58778525  0.        ]
68831.000 [  856543.82118277 -4842964.31876078  4047989.9721    ] [ -1.00000000e+00   1.22464680e-16   0.00000000e+00]
68835.000 [  856545.28073121 -4842962.07469956  4047990.9962959 ] [-0.80901699  0.58778525  0.        ]
68837.000 [  856545.24673121 -4842962.00519955  4047991.05399589] [-0.80901699  0.58778525  0.        ]
68838.000 [  856545.24903121 -4842961.98939955  4047991.08079589] [-0.80901699  0.58778525  0.        ]
68839.000 [  856546.49727763 -4842962.72682081  4047989.96378448] [ 0.30901699 -0.95105652  0.        ]
68841.000 [  856546.39117762 -4842962.64332083  4047990.04498449] [ 0.30901699 -0.95105652  0.        ]
68842.000 [  856546.37857762 -4842962.65812083  4047990.06158449] [ 0.30901699 -0.95105652  0.        ]
68843.000 [  856546.41477762 -4842962.70872082  4047989.98708448] [ 0.30901699 -0.95105652  0.        ]
68844.000 [  856546.44607762 -4842962.74692081  4047989.92278447] [ 0.30901699 -0.95105652  0.        ]
68846.000 [  856546.51477762 -4842962.84332079  4047989.79708446] [ 0.30901699 -0.95105652  0.        ]
68847.000 [  856546.53447762 -4842962.90312078  4047989.72838445] [ 0.30901699 -0.95105652  0.        ]
68848.000 [  856546.57007762 -4842962.96852076  4047989.66908444] [ 0.30901699 -0.95105652  0.        ]
68849.000 [  856546.60197762 -4842963.02762075  4047989.59098443] [ 0.30901699 -0.95105652  0.        ]
68850.000 [  856546.63837763 -4842963.07452074  4047989.55348442] [ 0.30901699 -0.95105652  0.        ]
68851.000 [  856546.51437761 -4842962.88182073  4047989.16258441] [ 0.30901699 -0.95105652  0.        ]
68852.000 [  856546.56077761 -4842962.93472071  4047989.0877844 ] [ 0.30901699 -0.95105652  0.        ]
68853.000 [  856545.18028283 -4842962.59616111  4047989.7435    ] [ -1.00000000e+00   1.22464680e-16   0.00000000e+00]
68856.000 [  856545.26708283 -4842962.67696113  4047989.6069    ] [ -1.00000000e+00   1.22464680e-16   0.00000000e+00]
68857.000 [  856546.63687762 -4842963.01572069  4047988.92358438] [ 0.30901699 -0.95105652  0.        ]
68860.000 [  856545.15588283 -4842962.59986111  4047989.7336    ] [ -1.00000000e+00   1.22464680e-16   0.00000000e+00]
68862.000 [  856545.31973122 -4842962.24539962  4047990.13799594] [-0.80901699  0.58778525  0.        ]
68864.000 [  856545.19378283 -4842962.61196111  4047989.7324    ] [ -1.00000000e+00   1.22464680e-16   0.00000000e+00]
68866.000 [  856545.13208283 -4842962.5681611   4047989.7847    ] [ -1.00000000e+00   1.22464680e-16   0.00000000e+00]
68867.000 [  856545.12658283 -4842962.5438611   4047989.8032    ] [ -1.00000000e+00   1.22464680e-16   0.00000000e+00]
68868.000 [  856545.05598283 -4842962.48136109  4047989.8741    ] [ -1.00000000e+00   1.22464680e-16   0.00000000e+00]
68869.000 [  856545.12723122 -4842962.03689957  4047990.38459592] [-0.80901699  0.58778525  0.        ]
68871.000 [  856545.06303122 -4842962.00579955  4047990.49599591] [-0.80901699  0.58778525  0.        ]
68872.000 [  856545.02563122 -4842961.96659954  4047990.54719591] [-0.80901699  0.58778525  0.        ]
68873.000 [  856544.99993122 -4842961.92879953  4047990.60309591] [-0.80901699  0.58778525  0.        ]
68874.000 [  856544.94833123 -4842961.89669952  4047990.6581959 ] [-0.80901699  0.58778525  0.        ]
68875.000 [  856546.5192371  -4842961.63360102  4047990.7143959 ] [ 0.80901699  0.58778525  0.        ]
68879.000 [  856546.64381719 -4842961.84703897  4047990.382     ] [ 1.  0.  0.]
68879.000 [  856546.64381719 -4842961.84703897  4047990.382     ] [ 1.  0.  0.]
68880.000 [  856546.64751719 -4842961.78483897  4047990.4606    ] [ 1.  0.  0.]
68882.000 [  856546.64011719 -4842961.68843897  4047990.5924    ] [ 1.  0.  0.]
68883.000 [  856546.61821719 -4842961.59853897  4047990.6893    ] [ 1.  0.  0.]
68884.000 [  856546.3644371  -4842961.19040098  4047991.21689586] [ 0.80901699  0.58778525  0.        ]
68886.000 [  856546.35883709 -4842961.11010097  4047991.31719585] [ 0.80901699  0.58778525  0.        ]
68887.000 [  856546.63621718 -4842961.40923896  4047990.8939    ] [ 1.  0.  0.]
68888.000 [  856546.62171718 -4842961.35983896  4047990.9681    ] [ 1.  0.  0.]
68889.000 [  856546.59981718 -4842961.33333897  4047991.0017    ] [ 1.  0.  0.]
68890.000 [  856546.58451719 -4842961.31863897  4047991.0375    ] [ 1.  0.  0.]
68891.000 [  856546.60221718 -4842961.27053896  4047991.1184    ] [ 1.  0.  0.]
68892.000 [  856546.58231718 -4842961.21823896  4047991.1863    ] [ 1.  0.  0.]
68893.000 [  856546.49936879 -4842961.55160058  4047990.79730418] [ 0.80901699 -0.58778525  0.        ]
68897.000 [  856546.09177763 -4842961.75572096  4047990.67318459] [ 0.30901699 -0.95105652  0.        ]
68899.000 [  856546.15167763 -4842961.79032095  4047990.62588458] [ 0.30901699 -0.95105652  0.        ]
68900.000 [  856546.11267763 -4842961.78512096  4047990.62628459] [ 0.30901699 -0.95105652  0.        ]
68901.000 [  856546.14997763 -4842961.84562094  4047990.55918458] [ 0.30901699 -0.95105652  0.        ]
68902.000 [  856546.19497763 -4842961.89262093  4047990.48528457] [ 0.30901699 -0.95105652  0.        ]
68903.000 [  856545.63058895 -4842962.06485838  4047990.42268456] [-0.30901699 -0.95105652  0.        ]
68905.000 [  856545.67778895 -4842962.15915836  4047990.27788454] [-0.30901699 -0.95105652  0.        ]
68906.000 [  856546.27687763 -4842962.0540209   4047990.29208454] [ 0.30901699 -0.95105652  0.        ]
68908.000 [  856546.29407763 -4842962.14042088  4047990.16368453] [ 0.30901699 -0.95105652  0.        ]
68909.000 [  856546.31157763 -4842962.12702088  4047990.15748453] [ 0.30901699 -0.95105652  0.        ]
68910.000 [  856546.32607763 -4842962.17932087  4047990.10828452] [ 0.30901699 -0.95105652  0.        ]
68911.000 [  856546.37277763 -4842962.24672085  4047990.03328451] [ 0.30901699 -0.95105652  0.        ]
68912.000 [  856546.39477763 -4842962.29082084  4047989.9403845 ] [ 0.30901699 -0.95105652  0.        ]
68914.000 [  856546.92186879 -4842962.09690046  4047990.03220412] [ 0.80901699 -0.58778525  0.        ]
68915.000 [  856546.95496879 -4842962.13530045  4047989.96900411] [ 0.80901699 -0.58778525  0.        ]
68916.000 [  856546.96606879 -4842962.12540044  4047989.97250411] [ 0.80901699 -0.58778525  0.        ]
68918.000 [  856547.02716879 -4842962.20760042  4047989.8324041 ] [ 0.80901699 -0.58778525  0.        ]
68919.000 [  856547.08076879 -4842962.23440041  4047989.7728041 ] [ 0.80901699 -0.58778525  0.        ]
68920.000 [  856547.1243688  -4842962.2900004   4047989.70980409] [ 0.80901699 -0.58778525  0.        ]
68921.000 [  856545.33088284 -4842962.28256115  4047990.089     ] [ -1.00000000e+00   1.22464680e-16   0.00000000e+00]
68922.000 [  856545.36528284 -4842962.34416116  4047990.0345    ] [ -1.00000000e+00   1.22464680e-16   0.00000000e+00]
68923.000 [  856545.39458284 -4842962.35596116  4047990.0352    ] [ -1.00000000e+00   1.22464680e-16   0.00000000e+00]
68925.000 [  856545.29188283 -4842962.28956114  4047990.1409    ] [ -1.00000000e+00   1.22464680e-16   0.00000000e+00]
68926.000 [  856545.24928283 -4842962.24876114  4047990.1855    ] [ -1.00000000e+00   1.22464680e-16   0.00000000e+00]
68927.000 [  856545.19158283 -4842962.19876113  4047990.2564    ] [ -1.00000000e+00   1.22464680e-16   0.00000000e+00]
68928.000 [  856545.14648283 -4842962.16406112  4047990.3002    ] [ -1.00000000e+00   1.22464680e-16   0.00000000e+00]
68929.000 [  856545.08548283 -4842962.11566111  4047990.3554    ] [ -1.00000000e+00   1.22464680e-16   0.00000000e+00]
68930.000 [  856545.03958283 -4842962.0657611   4047990.4173    ] [ -1.00000000e+00   1.22464680e-16   0.00000000e+00]
68931.000 [  856544.99288283 -4842962.03076109  4047990.4729    ] [ -1.00000000e+00   1.22464680e-16   0.00000000e+00]
68932.000 [  856545.16606293 -4842962.27499904  4047990.11970413] [-0.80901699 -0.58778525  0.        ]
68936.000 [  856546.14377761 -4842962.24562087  4047989.96858451] [ 0.30901699 -0.95105652  0.        ]
68939.000 [  856546.17097761 -4842962.28802086  4047989.9225845 ] [ 0.30901699 -0.95105652  0.        ]
68940.000 [  856546.21277761 -4842962.31072085  4047989.8714845 ] [ 0.30901699 -0.95105652  0.        ]
68941.000 [  856546.24987761 -4842962.39442084  4047989.77188448] [ 0.30901699 -0.95105652  0.        ]
68942.000 [  856546.30687761 -4842962.47202082  4047989.69018447] [ 0.30901699 -0.95105652  0.        ]
68943.000 [  856546.33127761 -4842962.51572081  4047989.63358447] [ 0.30901699 -0.95105652  0.        ]
68944.000 [  856546.38957762 -4842962.5606208   4047989.57798446] [ 0.30901699 -0.95105652  0.        ]
68945.000 [  856546.39307761 -4842962.60752079  4047989.51558445] [ 0.30901699 -0.95105652  0.        ]
68946.000 [  856546.45667762 -4842962.65622077  4047989.42608444] [ 0.30901699 -0.95105652  0.        ]
68947.000 [  856546.94346878 -4842962.40120043  4047989.63920409] [ 0.80901699 -0.58778525  0.        ]
68949.000 [  856547.02036879 -4842962.47100041  4047989.52470408] [ 0.80901699 -0.58778525  0.        ]
68950.000 [  856547.03756879 -4842962.4621004   4047989.51150408] [ 0.80901699 -0.58778525  0.        ]
68951.000 [  856547.08586879 -4842962.52170039  4047989.46220408] [ 0.80901699 -0.58778525  0.        ]
68952.000 [  856547.15766879 -4842962.55080037  4047989.41280407] [ 0.80901699 -0.58778525  0.        ]
68953.000 [  856547.20536879 -4842962.60930036  4047989.32810407] [ 0.80901699 -0.58778525  0.        ]
68954.000 [  856547.26906879 -4842962.64870035  4047989.27070406] [ 0.80901699 -0.58778525  0.        ]
68955.000 [  856547.33566879 -4842962.69590033  4047989.18210405] [ 0.80901699 -0.58778525  0.        ]
68956.000 [  856547.4255688  -4842962.75260031  4047989.12100405] [ 0.80901699 -0.58778525  0.        ]
68957.000 [  856547.4821688  -4842962.80110029  4047989.05250404] [ 0.80901699 -0.58778525  0.        ]
68959.000 [  856547.5995688  -4842962.89050026  4047988.92130403] [ 0.80901699 -0.58778525  0.        ]
68960.000 [  856547.6618688  -4842962.91120025  4047988.87570403] [ 0.80901699 -0.58778525  0.        ]
68961.000 [  856547.7402688  -4842962.94920023  4047988.80400403] [ 0.80901699 -0.58778525  0.        ]
68962.000 [  856547.80576881 -4842962.98550022  4047988.75310402] [ 0.80901699 -0.58778525  0.        ]
68963.000 [  856547.87476881 -4842963.0244002   4047988.67760402] [ 0.80901699 -0.58778525  0.        ]
68964.000 [  856547.95166881 -4842963.04480018  4047988.62580401] [ 0.80901699 -0.58778525  0.        ]
68965.000 [  856548.11381714 -4842962.66773871  4047989.0275    ] [ 1.  0.  0.]
68968.000 [  856548.23861714 -4842962.73963869  4047988.9283    ] [ 1.  0.  0.]
68969.000 [  856548.18731714 -4842962.7163387   4047988.9367    ] [ 1.  0.  0.]
68970.000 [  856548.16071714 -4842962.71393871  4047988.944     ] [ 1.  0.  0.]
68972.000 [  856548.20171714 -4842962.8170387   4047988.7998    ] [ 1.  0.  0.]
68973.000 [  856548.25661714 -4842962.83973869  4047988.7445    ] [ 1.  0.  0.]
68974.000 [  856548.28631714 -4842962.89913869  4047988.6757    ] [ 1.  0.  0.]
68975.000 [  856548.31111713 -4842962.93443868  4047988.6197    ] [ 1.  0.  0.]
68976.000 [  856548.34511713 -4842962.98803868  4047988.5352    ] [ 1.  0.  0.]
68977.000 [  856548.41931713 -4842963.02643867  4047988.4795    ] [ 1.  0.  0.]
68978.000 [  856548.44351713 -4842963.07303866  4047988.4423    ] [ 1.  0.  0.]
68979.000 [  856548.21483697 -4842962.78120096  4047988.84849604] [ 0.80901699  0.58778525  0.        ]
68981.000 [  856548.24903697 -4842962.82920097  4047988.73389605] [ 0.80901699  0.58778525  0.        ]
68982.000 [  856548.22023698 -4842962.83660097  4047988.76509604] [ 0.80901699  0.58778525  0.        ]
68983.000 [  856548.41341713 -4842963.09423867  4047988.3874    ] [ 1.  0.  0.]
68984.000 [  856548.37431713 -4842963.05663868  4047988.4089    ] [ 1.  0.  0.]
68985.000 [  856548.36251713 -4842963.06093868  4047988.4182    ] [ 1.  0.  0.]
68986.000 [  856548.29581714 -4842963.00593869  4047988.4821    ] [ 1.  0.  0.]
68987.000 [  856548.25071714 -4842962.9785387   4047988.5309    ] [ 1.  0.  0.]
68988.000 [  856548.20581714 -4842962.8988387   4047988.5961    ] [ 1.  0.  0.]
68989.000 [  856548.13161714 -4842962.86463872  4047988.6668    ] [ 1.  0.  0.]
68990.000 [  856548.10851714 -4842962.82703872  4047988.6871    ] [ 1.  0.  0.]
68991.000 [  856548.09011714 -4842962.75183872  4047988.7641    ] [ 1.  0.  0.]
68992.000 [  856548.04691714 -4842962.71963873  4047988.8175    ] [ 1.  0.  0.]
68993.000 [  856548.02501714 -4842962.67353873  4047988.8958    ] [ 1.  0.  0.]
68995.000 [  856547.93661715 -4842962.61603875  4047989.0269    ] [ 1.  0.  0.]
68996.000 [  856547.7973688  -4842962.97250021  4047988.63720402] [ 0.80901699 -0.58778525  0.        ]
69000.000 [  856547.79186881 -4842962.89770022  4047988.77020403] [ 0.80901699 -0.58778525  0.        ]
69001.000 [  856547.84416881 -4842962.91120021  4047988.75530402] [ 0.80901699 -0.58778525  0.        ]
69002.000 [  856547.92866881 -4842962.91710019  4047988.70550402] [ 0.80901699 -0.58778525  0.        ]
69003.000 [  856548.01446881 -4842962.97670017  4047988.65280402] [ 0.80901699 -0.58778525  0.        ]
69004.000 [  856548.10386882 -4842962.99840015  4047988.61200401] [ 0.80901699 -0.58778525  0.        ]
69005.000 [  856548.17046882 -4842963.01010014  4047988.56720401] [ 0.80901699 -0.58778525  0.        ]
69006.000 [  856548.26076882 -4842963.03020012  4047988.52800401] [ 0.80901699 -0.58778525  0.        ]
69008.000 [  856548.40206883 -4842963.06690009  4047988.440704  ] [ 0.80901699 -0.58778525  0.        ]
69009.000 [  856548.47016883 -4842963.07990008  4047988.410204  ] [ 0.80901699 -0.58778525  0.        ]
69010.000 [  856548.66851712 -4842962.6975386   4047988.8077    ] [ 1.  0.  0.]
69013.000 [  856548.73721712 -4842962.69813859  4047988.731     ] [ 1.  0.  0.]
69014.000 [  856548.47573693 -4842962.36760088  4047989.18829601] [ 0.80901699  0.58778525  0.        ]
69016.000 [  856548.18947775 -4842963.44522043  4047987.95448427] [ 0.30901699 -0.95105652  0.        ]
69018.000 [  856547.30372225 -4842962.30987955  4047989.49191572] [-0.30901699  0.95105652  0.        ]
69019.000 [  856547.33002225 -4842962.29257955  4047989.50471572] [-0.30901699  0.95105652  0.        ]
69020.000 [  856547.44102223 -4842962.29227957  4047989.46831573] [-0.30901699  0.95105652  0.        ]
69022.000 [  856547.27252225 -4842962.25017954  4047989.52581572] [-0.30901699  0.95105652  0.        ]
69023.000 [  856547.20102226 -4842962.24397953  4047989.56691571] [-0.30901699  0.95105652  0.        ]
69024.000 [  856546.81556305 -4842963.26669911  4047988.404104  ] [-0.80901699 -0.58778525  0.        ]
69027.000 [  856546.67436304 -4842963.21319909  4047988.46460401] [-0.80901699 -0.58778525  0.        ]
69028.000 [  856546.73456304 -4842963.2213991   4047988.43460401] [-0.80901699 -0.58778525  0.        ]
69029.000 [  856546.56688288 -4842962.90736137  4047988.8229    ] [ -1.00000000e+00   1.22464680e-16   0.00000000e+00]
69033.000 [  856546.66768288 -4842962.89086139  4047988.8053    ] [ -1.00000000e+00   1.22464680e-16   0.00000000e+00]
69034.000 [  856546.62468288 -4842962.87776139  4047988.8492    ] [ -1.00000000e+00   1.22464680e-16   0.00000000e+00]
69035.000 [  856546.54158287 -4842962.89056137  4047988.8523    ] [ -1.00000000e+00   1.22464680e-16   0.00000000e+00]
69036.000 [  856546.41858287 -4842962.87386135  4047988.8743    ] [ -1.00000000e+00   1.22464680e-16   0.00000000e+00]
69037.000 [  856546.35918287 -4842962.86076133  4047988.8883    ] [ -1.00000000e+00   1.22464680e-16   0.00000000e+00]
69038.000 [  856546.27688287 -4842962.85576132  4047988.902     ] [ -1.00000000e+00   1.22464680e-16   0.00000000e+00]
69039.000 [  856546.17588286 -4842962.8588613   4047988.9355    ] [ -1.00000000e+00   1.22464680e-16   0.00000000e+00]
69040.000 [  856546.12448286 -4842962.85276129  4047988.9597    ] [ -1.00000000e+00   1.22464680e-16   0.00000000e+00]
69041.000 [  856546.01748286 -4842962.85376127  4047988.9941    ] [ -1.00000000e+00   1.22464680e-16   0.00000000e+00]
69042.000 [  856545.92818285 -4842962.85576125  4047989.027     ] [ -1.00000000e+00   1.22464680e-16   0.00000000e+00]
69043.000 [  856545.82098285 -4842962.86636123  4047989.0561    ] [ -1.00000000e+00   1.22464680e-16   0.00000000e+00]
69045.000 [  856545.66748284 -4842962.8538612   4047989.1086    ] [ -1.00000000e+00   1.22464680e-16   0.00000000e+00]
69046.000 [  856545.59818284 -4842962.85426119  4047989.1386    ] [ -1.00000000e+00   1.22464680e-16   0.00000000e+00]
69047.000 [  856545.51608284 -4842962.85826117  4047989.1618    ] [ -1.00000000e+00   1.22464680e-16   0.00000000e+00]
69048.000 [  856545.43568284 -4842962.86646115  4047989.163     ] [ -1.00000000e+00   1.22464680e-16   0.00000000e+00]
69049.000 [  856545.34708283 -4842962.86226113  4047989.1787    ] [ -1.00000000e+00   1.22464680e-16   0.00000000e+00]
69050.000 [  856545.25198283 -4842962.86586112  4047989.2068    ] [ -1.00000000e+00   1.22464680e-16   0.00000000e+00]
69051.000 [  856545.18968283 -4842962.8777611   4047989.2344    ] [ -1.00000000e+00   1.22464680e-16   0.00000000e+00]
69052.000 [  856545.10038282 -4842962.88186109  4047989.2589    ] [ -1.00000000e+00   1.22464680e-16   0.00000000e+00]
69054.000 [  856544.93778282 -4842962.88116105  4047989.3365    ] [ -1.00000000e+00   1.22464680e-16   0.00000000e+00]
69055.000 [  856544.85668282 -4842962.89806104  4047989.3607    ] [ -1.00000000e+00   1.22464680e-16   0.00000000e+00]
69056.000 [  856544.77128281 -4842962.89396102  4047989.3902    ] [ -1.00000000e+00   1.22464680e-16   0.00000000e+00]
69057.000 [  856544.67588281 -4842962.891561    4047989.419     ] [ -1.00000000e+00   1.22464680e-16   0.00000000e+00]
69058.000 [  856544.59738281 -4842962.89326099  4047989.4574    ] [ -1.00000000e+00   1.22464680e-16   0.00000000e+00]
69059.000 [  856544.5286828  -4842962.86716097  4047989.4796    ] [ -1.00000000e+00   1.22464680e-16   0.00000000e+00]
69060.000 [  856544.4604828  -4842962.85826096  4047989.5056    ] [ -1.00000000e+00   1.22464680e-16   0.00000000e+00]
69061.000 [  856544.3752828  -4842962.87426094  4047989.5399    ] [ -1.00000000e+00   1.22464680e-16   0.00000000e+00]
69062.000 [  856544.3011828  -4842962.86696093  4047989.5743    ] [ -1.00000000e+00   1.22464680e-16   0.00000000e+00]
69063.000 [  856544.22008279 -4842962.86616091  4047989.5942    ] [ -1.00000000e+00   1.22464680e-16   0.00000000e+00]
69064.000 [  856544.10548279 -4842962.85826089  4047989.6488    ] [ -1.00000000e+00   1.22464680e-16   0.00000000e+00]
69065.000 [  856544.02708279 -4842962.85646087  4047989.6739    ] [ -1.00000000e+00   1.22464680e-16   0.00000000e+00]
69067.000 [  856543.83578278 -4842962.83426084  4047989.7376    ] [ -1.00000000e+00   1.22464680e-16   0.00000000e+00]
