68804.000
 [[-12522250.4764  -9419463.2798  21408127.3653]
 [ 12334923.9146 -23158272.6454   3044261.5399]
 [ 24726771.8456  -7110539.7548   7462350.6099]
 [  3298631.0791 -24465608.821   -9554358.5986]
 [ -6906638.9353 -22568962.7144 -11924587.6318]
 [ 13270306.0902  -7767550.6287  21656571.477 ]
 [-11746598.2627 -23106679.325   -5930562.3959]
 [ -4487860.4569 -20236104.3347  16633278.1155]
 [  5453556.5474 -16291935.1213  19977446.3812]]
68807.000
 [[-12518916.3178  -9426944.2168  21406783.3245]
 [ 12335136.4718 -23156879.8719   3053851.3802]
 [ 24729606.7952  -7110090.8576   7453453.1694]
 [  3300742.1077 -24468699.6543  -9545717.5156]
 [ -6902894.443  -22565976.8266 -11932250.1732]
 [ 13275260.6051  -7760946.5123  21655941.8787]
 [-11744625.3856 -23105332.1443  -5939720.7153]
 [ -4484772.3453 -20241582.2546  16627220.942 ]
 [  5457873.3355 -16285517.4681  19981593.0773]]
68808.000
 [[-12517805.2577  -9429437.8845  21406334.3971]
 [ 12335207.0572 -23156414.8792   3057047.8616]
 [ 24730551.0596  -7109941.2815   7450487.0467]
 [  3301445.3767 -24469729.3459  -9542836.7442]
 [ -6901645.7644 -22564981.1618 -11934803.8392]
 [ 13276912.3286  -7758745.3742  21655731.0912]
 [-11743967.2557 -23104882.542   -5942773.2366]
 [ -4483743.3646 -20243407.8838  16625201.1779]
 [  5459312.7091 -16283378.1337  19982974.4385]]
68809.000
 [[-12516694.3607  -9431931.5631  21405885.0126]
 [ 12335277.5093 -23155949.5191   3060244.2768]
 [ 24731494.9645  -7109791.7336   7447520.7695]
 [  3302148.4421 -24470758.7443  -9539955.7677]
 [ -6900396.8284 -22563985.3128 -11937357.2479]
 [ 13278564.1614  -7756544.3533  21655519.843 ]
 [-11743308.8737 -23104432.6686  -5945825.6318]
 [ -4482714.5788 -20245233.3409  16623181.0607]
 [  5460752.3048 -16281238.7411  19984355.3643]]
68810.000
 [[-12515583.6269  -9434425.2525  21405435.1713]
 [ 12335347.828  -23155483.7915   3063440.6259]
 [ 24732438.5099  -7109642.2136   7444554.3378]
 [  3302851.304  -24471787.8495  -9537074.5862]
 [ -6899147.6352 -22562989.2795 -11939910.3991]
 [ 13280216.1033  -7754343.4496  21655308.1342]
 [-11742650.2396 -23103982.5243  -5948877.901 ]
 [ -4481685.9878 -20247058.6258  16621160.5905]
 [  5462192.1226 -16279099.2904  19985735.8547]]
68811.000
 [[-12514473.0562  -9436918.9528  21404984.873 ]
 [ 12335418.0135 -23155017.6965   3066636.9086]
 [ 24733381.6959  -7109492.7216   7441587.7518]
 [  3303553.9625 -24472816.6614  -9534193.1997]
 [ -6897898.1846 -22561993.062  -11942463.2929]
 [ 13281868.1543  -7752142.6632  21655095.9647]
 [-11741991.3533 -23103532.109   -5951930.044 ]
 [ -4480657.5918 -20248883.7384  16619139.7674]
 [  5463632.1625 -16276959.7816  19987115.9096]]
68812.000
 [[-12513362.6486  -9439412.6638  21404534.1178]
 [ 12335488.0657 -23154551.2339   3069833.125 ]
 [ 24734324.5223  -7109343.2576   7438621.0115]
 [  3304256.4174 -24473845.18    -9531311.6083]
 [ -6896648.4768 -22560996.6603 -11945015.9293]
 [ 13283520.3145  -7749941.994   21654883.3345]
 [-11741332.2148 -23103081.4229  -5954982.0608]
 [ -4479629.3906 -20250708.6787  16617118.5912]
 [  5465072.4244 -16274820.2149  19988495.529 ]]
68815.000
 [[-12510032.4049  -9446893.8606  21403179.1108]
 [ 12335697.4237 -23153149.6412   3079421.3755]
 [ 24737150.8446  -7108895.0324   7429719.8651]
 [  3306362.5621 -24476928.9755  -9522665.6049]
 [ -6892897.8091 -22558006.3509 -11952672.2929]
 [ 13288477.4492  -7743340.6907  21654242.68  ]
 [-11739353.2855 -23101727.7398  -5964137.3533]
 [ -4476545.9558 -20256182.4652  16611052.9454]
 [  5469394.5425 -16268401.167   19992631.7738]]
68816.000
 [[-12508922.6501  -9449387.6139  21402726.528 ]
 [ 12335766.9437 -23152681.7085   3082617.3259]
 [ 24738092.2329  -7108745.6795   7426752.508 ]
 [  3307064.2036 -24477956.3204  -9519783.1944]
 [ -6891647.0718 -22557009.2131 -11955223.8987]
 [ 13290130.0453  -7741140.4911  21654028.2072]
 [-11738693.1378 -23101275.9707  -5967188.8647]
 [ -4475518.5338 -20258006.7157  16609030.3578]
 [  5470835.6925 -16266261.3688  19994009.6509]]
68817.000
 [[-12507813.0585  -9451881.3777  21402273.4883]
 [ 12335836.3307 -23152213.4083   3085813.2096]
 [ 24739033.2616  -7108596.3543   7423784.9969]
 [  3307765.6419 -24478983.3717  -9516900.5792]
 [ -6890396.0771 -22556011.8915 -11957775.2468]
 [ 13291782.7504  -7738940.4091  21653813.2738]
 [-11738032.7377 -23100823.9309  -5970240.2495]
 [ -4474491.3067 -20259830.7935  16607007.4175]
 [  5472277.0646 -16264121.5129  19995387.0923]]
68818.000
 [[-12506703.6302  -9454375.1518  21401819.9918]
 [ 12335905.5847 -23151744.7406   3089009.0265]
 [ 24739973.9307  -7108447.0568   7420817.3319]
 [  3308466.8769 -24480010.1295  -9514017.7594]
 [ -6889144.8251 -22555014.386  -11960326.3371]
 [ 13293435.5643  -7736740.4447  21653597.8797]
 [-11737372.0852 -23100371.6205  -5973291.5077]
 [ -4473464.2743 -20261654.6987  16604984.1245]
 [  5473718.6586 -16261981.5995  19996764.0981]]
68819.000
 [[-12505594.3652  -9456868.9362  21401366.0385]
 [ 12335974.706  -23151275.7052   3092204.7766]
 [ 24740914.2402  -7108297.7868   7417849.513 ]
 [  3309167.9086 -24481036.5936  -9511134.7352]
 [ -6887893.3158 -22554016.6967 -11962877.1694]
 [ 13295088.4869  -7734540.5979  21653382.025 ]
 [-11736711.1803 -23099919.0396  -5976342.6392]
 [ -4472437.4368 -20263478.4312  16602960.4788]
 [  5475160.4746 -16259841.6285  19998140.6681]]
68820.000
 [[-12504485.2635  -9459362.7307  21400911.6283]
 [ 12336043.6944 -23150806.3024   3095400.4597]
 [ 24741854.19    -7108148.5443   7414881.5403]
 [  3309868.7372 -24482062.7641  -9508251.5066]
 [ -6886641.5491 -22553018.8237 -11965427.7438]
 [ 13296741.5183  -7732340.8689  21653165.7096]
 [-11736050.023  -23099466.1881  -5979393.644 ]
 [ -4471410.794  -20265301.9908  16600936.4805]
 [  5476602.5125 -16257701.6001  19999516.8024]]
68821.000
 [[-12503376.3251  -9461856.5354  21400456.7613]
 [ 12336112.55   -23150336.5319   3098596.0759]
 [ 24742793.7801  -7107999.3294   7411913.4139]
 [  3310569.3625 -24483088.6408  -9505368.0737]
 [ -6885389.5251 -22552020.767  -11967978.0602]
 [ 13298394.6584  -7730141.2576  21652948.9337]
 [-11735388.6132 -23099013.0662  -5982444.522 ]
 [ -4470384.3461 -20267125.3775  16598912.1297]
 [  5478044.7723 -16255561.5143  20000892.5009]]
68822.000
 [[-12502267.5501  -9464350.3502  21400001.4375]
 [ 12336181.273  -23149866.3938   3101791.6251]
 [ 24743733.0106  -7107850.1418   7408945.1337]
 [  3311269.7847 -24484114.2238  -9502484.4364]
 [ -6884137.2436 -22551022.5267 -11970528.1186]
 [ 13300047.9071  -7727941.7642  21652731.6971]
 [-11734726.9509 -23098559.6738  -5985495.2731]
 [ -4469358.0928 -20268948.5914  16596887.4262]
 [  5479487.254  -16253421.3712  20002267.7636]]
68824.000
 [[-12500050.4902  -9469338.0099  21399089.4195]
 [ 12336318.321  -23148925.0147   3108182.522 ]
 [ 24745610.3924  -7107551.8488   7403008.1125]
 [  3312670.0199 -24486164.5082  -9496716.5492]
 [ -6881631.9085 -22549025.4953 -11975627.4609]
 [ 13303354.7304  -7723543.1308  21652295.8421]
 [-11733402.8687 -23097652.078   -5991596.3944]
 [ -4467306.1707 -20272594.5001  16592836.962 ]
 [  5482372.8831 -16249140.9132  20005016.9815]]
68825.000
 [[-12498942.2053  -9471831.8546  21398632.7252]
 [ 12336386.6462 -23148453.7737   3111377.8696]
 [ 24746548.5438  -7107402.7432   7400039.3716]
 [  3313369.8329 -24487189.2095  -9493832.2994]
 [ -6880378.8549 -22548026.7044 -11978176.7448]
 [ 13305008.3049  -7721343.9911  21652077.2237]
 [-11732740.4487 -23097197.8746  -5994646.7646]
 [ -4466280.5017 -20274417.1949  16590811.2012]
 [  5483816.0305 -16247000.5985  20006390.9367]]
68826.000
 [[-12497834.0838  -9474325.7092  21398175.5742]
 [ 12336454.8389 -23147982.1651   3114573.1499]
 [ 24747486.3354  -7107253.6649   7397070.4773]
 [  3314069.4429 -24488213.6169  -9490947.8456]
 [ -6879125.5438 -22547027.7301 -11980725.7704]
 [ 13306661.9879  -7719144.9693  21651858.1447]
 [-11732077.7761 -23096743.401   -5997697.0076]
 [ -4465255.0274 -20276239.7165  16588785.088 ]
 [  5485259.3997 -16244860.2268  20007764.4559]]
68828.000
 [[-12495618.3313  -9479313.4474  21397259.902 ]
 [ 12336590.827  -23147037.8449   3120963.5082]
 [ 24749360.8391  -7106955.5897   7391132.2285]
 [  3315468.0539 -24490261.5496  -9485178.3261]
 [ -6876618.1495 -22545029.2314 -11985823.0464]
 [ 13309969.6791  -7714747.2801  21651418.6049]
 [-11730751.673  -23095833.6431  -6003797.1119]
 [ -4463204.6631 -20279884.2399  16584731.8048]
 [  5488146.8035 -16240579.3126  20010510.1864]]
68829.000
 [[-12494510.7004  -9481807.3309  21396801.3807]
 [ 12336658.6225 -23146565.1333   3124158.5859]
 [ 24750297.5512  -7106806.5929   7388162.8743]
 [  3316167.0549 -24491285.0748  -9482293.2606]
 [ -6875364.0664 -22544029.7072 -11988371.2967]
 [ 13311623.6871  -7712548.6128  21651198.1442]
 [-11730088.2425 -23095378.359   -6006846.9729]
 [ -4462179.7731 -20281706.2415  16582704.6348]
 [  5489590.838  -16238438.7703  20011882.3977]]
68830.000
 [[-12493403.2329  -9484301.224   21396342.4028]
 [ 12336726.2857 -23146092.054    3127353.5961]
 [ 24751233.9035  -7106657.6231   7385193.367 ]
 [  3316865.853  -24492308.3058  -9479407.9914]
 [ -6874109.7258 -22543029.9998 -11990919.2885]
 [ 13313277.8035  -7710350.0638  21650977.2229]
 [-11729424.5593 -23094922.8047  -6009896.7066]
 [ -4461155.0777 -20283528.0698  16580677.1127]
 [  5491035.0943 -16236298.1712  20013254.1729]]
68831.000
 [[-12492295.9289  -9486795.1266  21395882.968 ]
 [ 12336793.8167 -23145618.6069   3130548.5386]
 [ 24752169.896   -7106508.6802   7382223.7064]
 [  3317564.4484 -24493331.2427  -9476522.5183]
 [ -6872855.1277 -22542030.1092 -11993467.0217]
 [ 13314932.0282  -7708151.633   21650755.841 ]
 [-11728760.6232 -23094466.9805  -6012946.3129]
 [ -4460130.5771 -20285349.7246  16578649.2384]
 [  5492479.5725 -16234157.5153  20014625.5121]]
68835.000
 [[-12487868.348   -9496770.8319  21394040.6619]
 [ 12337062.6199 -23143721.1411   3143327.6316]
 [ 24755910.2675  -7105913.1769   7370343.533 ]
 [  3320356.8024 -24497420.0476  -9464978.5891]
 [ -6867834.1599 -22538028.7161 -12003655.3689]
 [ 13321550.0093  -7699359.0925  21649865.7078]
 [-11726102.3502 -23092640.9842  -6025143.4632]
 [ -4456034.5202 -20292634.6088  16570534.2196]
 [  5498259.7031 -16225594.3257  20020106.508 ]]
68837.000
 [[-12485655.5391  -9501758.7404  21393116.7687]
 [ 12337196.2297 -23142770.2014   3149716.7707]
 [ 24757778.2938  -7105615.5857   7364402.5288]
 [  3321751.7633 -24499462.6838  -9459205.4034]
 [ -6865322.1309 -22536026.9219 -12008747.99  ]
 [ 13324859.6486  -7694963.5329  21649417.8779]
 [-11724771.6962 -23091726.3671  -6031241.2722]
 [ -4453987.6594 -20296276.0088  16566474.5981]
 [  5501151.0989 -16221312.3922  20022844.389 ]]
68838.000
 [[-12484549.38    -9504252.7082  21392654.1371]
 [ 12337262.8368 -23142294.1799   3152911.238 ]
 [ 24758711.767   -7105466.83     7361431.7976]
 [  3322448.9398 -24500483.5602  -9456318.5055]
 [ -6864065.7301 -22535025.7507 -12011293.9121]
 [ 13326514.6303  -7692765.9309  21649193.2721]
 [-11724105.9897 -23091268.6539  -6034289.985 ]
 [ -4452964.5209 -20298096.4481  16564444.2594]
 [  5502597.1293 -16219171.341   20024212.6751]]
68839.000
 [[-12483443.3846  -9506746.6851  21392191.0488]
 [ 12337329.3121 -23141817.7906   3156105.6372]
 [ 24759644.8802  -7105318.1009   7358460.9137]
 [  3323145.9138 -24501504.142   -9453431.4044]
 [ -6862809.0718 -22534024.3966 -12013839.5753]
 [ 13328169.7198  -7690568.4477  21648968.2058]
 [-11723440.0303 -23090810.671   -6037338.5698]
 [ -4451941.577  -20299916.7134  16562413.569 ]
 [  5504043.3814 -16217030.2338  20025580.525 ]]
68841.000
 [[-12481231.885   -9511734.6656  21391263.5024]
 [ 12337461.8675 -23140863.9085   3162494.2305]
 [ 24761510.0267  -7105020.7223   7352518.6883]
 [  3324539.2539 -24503544.4217  -9447656.5928]
 [ -6860294.9828 -22532021.1406 -12018930.1244]
 [ 13331480.2225  -7686173.8374  21648516.6917]
 [-11722107.3523 -23089893.8965  -6043435.3551]
 [ -4449896.273  -20303556.7219  16558351.1328]
 [  5506936.5503 -16212747.851   20028314.9157]]
68842.000
 [[-12480126.3808  -9514228.6691  21390799.0442]
 [ 12337527.9477 -23140386.4156   3165688.4245]
 [ 24762442.0598  -7104872.0726   7349547.3468]
 [  3325235.6202 -24504564.1196  -9444768.8823]
 [ -6859037.552  -22531019.2387 -12021475.0102]
 [ 13333135.6356  -7683976.7105  21648290.2439]
 [-11721440.6336 -23089435.1048  -6046483.5556]
 [ -4448873.9129 -20305376.4651  16556319.387 ]
 [  5508383.4673 -16210606.5757  20029681.4565]]
68843.000
 [[-12479021.0402  -9516722.6814  21390334.1295]
 [ 12337593.8963 -23139908.5549   3168882.5502]
 [ 24763373.733   -7104723.4493   7346575.8529]
 [  3325931.7841 -24505583.5227  -9441880.9688]
 [ -6857779.8636 -22530017.1542 -12024019.6369]
 [ 13334791.1565  -7681779.7024  21648063.3355]
 [-11720773.6619 -23088976.0437  -6049531.6279]
 [ -4447851.7472 -20307196.0341  16554287.2896]
 [  5509830.6058 -16208465.2444  20031047.5609]]
68844.000
 [[-12477915.8635  -9519216.7024  21389868.7581]
 [ 12337659.7134 -23139430.3264   3172076.6072]
 [ 24764305.046   -7104574.8523   7343604.2066]
 [  3326627.7455 -24506602.631   -9438992.8523]
 [ -6856521.9177 -22529014.8873 -12026564.0042]
 [ 13336446.785   -7679582.8132  21647835.9667]
 [-11720106.437  -23088516.7132  -6052579.572 ]
 [ -4446829.7761 -20309015.4289  16552254.8405]
 [  5511277.966  -16206323.8573  20032413.2289]]
68846.000
 [[-12475706.0013  -9524204.7702  21388936.6456]
 [ 12337790.9531 -23138472.7656   3178464.5154]
 [ 24766166.5918  -7104277.7371   7337660.4573]
 [  3328019.0612 -24508639.9631  -9433216.0108]
 [ -6854005.2533 -22527009.8062 -12031651.961 ]
 [ 13339758.3651  -7675189.3918  21647379.8475]
 [-11718771.2276 -23087597.2438  -6058675.0749]
 [ -4444786.4176 -20312653.6956  16548188.8877]
 [  5514173.3509 -16202040.916   20035143.2555]]
68847.000
 [[-12474601.316   -9526698.8169  21388469.9045]
 [ 12337856.3759 -23137993.4334   3181658.3664]
 [ 24767096.8246  -7104129.2188   7334688.3544]
 [  3328714.4155 -24509658.1868  -9430327.286 ]
 [ -6852746.5347 -22526006.9922 -12034195.5502]
 [ 13341414.3166  -7672992.8597  21647151.0972]
 [-11718103.2431 -23087137.1052  -6061722.6337]
 [ -4443765.0301 -20314472.5674  16546155.384 ]
 [  5515621.3757 -16199899.3619  20036507.6141]]
68848.000
 [[-12473496.7945  -9529192.872   21388002.7068]
 [ 12337921.6673 -23137513.7332   3184852.1485]
 [ 24768026.6971  -7103980.7266   7331716.0994]
 [  3329409.5675 -24510676.1156  -9427438.3584]
 [ -6851487.5587 -22525003.9959 -12036738.8799]
 [ 13343070.3756  -7670796.4468  21646921.8864]
 [-11717435.0054 -23086676.6972  -6064770.064 ]
 [ -4442743.8372 -20316291.2646  16544121.5288]
 [  5517069.622  -16197757.7523  20037871.5361]]
68849.000
 [[-12472392.4368  -9531686.9355  21387535.0525]
 [ 12337986.8275 -23137033.6652   3188045.8617]
 [ 24768956.2095  -7103832.2605   7328743.6924]
 [  3330104.5172 -24511693.7493  -9424549.2282]
 [ -6850228.325  -22524000.8174 -12039281.95  ]
 [ 13344726.542   -7668600.153   21646692.2151]
 [-11716766.5144 -23086216.02    -6067817.3656]
 [ -4441722.8387 -20318109.7874  16542087.3222]
 [  5518518.0897 -16195616.0872  20039235.0215]]
68850.000
 [[-12471288.2431  -9534181.0072  21387066.9418]
 [ 12338051.8564 -23136553.2292   3191239.5059]
 [ 24769885.3617  -7103683.8205   7325771.1335]
 [  3330799.2646 -24512711.0879  -9421659.8955]
 [ -6848968.8339 -22522997.4567 -12041824.7606]
 [ 13346382.8159  -7666403.9785  21646462.0834]
 [-11716097.7701 -23085755.0736  -6070864.5385]
 [ -4440702.0348 -20319928.1355  16540052.7643]
 [  5519966.7789 -16193474.3667  20040598.0703]]
68851.000
 [[-12470184.2133  -9536675.0871  21386598.3745]
 [ 12338116.754  -23136072.4253   3194433.081 ]
 [ 24770814.1536  -7103535.4064   7322798.4226]
 [  3331493.8098 -24513728.1314  -9418770.3604]
 [ 13348039.1971  -7664207.9234  21646231.4912]
 [-11715428.7726 -23085293.8581  -6073911.5826]
 [ -4439681.4254 -20321746.309   16538017.855 ]
 [  5521415.6895 -16191332.591   20041960.6824]]
68852.000
 [[-12469080.3474  -9539169.1751  21386129.3507]
 [ 12338181.5206 -23135591.2535   3197626.5869]
 [ 24771742.5854  -7103387.0183   7319825.56  ]
 [  3332188.1527 -24514744.8797  -9415880.6228]
 [ 13349695.6857  -7662011.9876  21646000.4385]
 [-11714759.5216 -23084832.3735  -6076958.4979]
 [ -4438661.0106 -20323564.3077  16535982.5944]
 [  5522864.8216 -16189190.76    20043322.8579]]
68853.000
 [[-12467976.6455  -9541663.2713  21385659.8703]
 [ 12338246.1561 -23135109.7136   3200820.0236]
 [ 24772670.6569  -7103238.6561   7316852.5456]
 [  3332882.2935 -24515761.3329  -9412990.6829]
 [ 13351352.2816  -7659816.1712  21645768.9254]
 [-11714090.0173 -23084370.6198  -6080005.2843]
 [ -4437640.7902 -20325382.1316  16533946.9827]
 [  5524314.1751 -16187048.8738  20044684.5967]]
68856.000
 [[-12464666.5235  -9549145.6077  21384248.6904]
 [ 12338439.2766 -23133662.8863   3210399.9181]
 [ 24775452.7097  -7102793.7242   7307932.5922]
 [  3334963.5032 -24518808.9206  -9404319.6495]
 [ 13356322.7127  -7653229.4388  21645071.6234]
 [-11712079.9837 -23082983.7448  -6089144.8696]
 [ -4434581.2956 -20330834.5543  16527838.0401]
 [  5528663.564  -16180622.8848  20048767.1927]]
68857.000
 [[-12463563.4774  -9551639.7357  21383777.3841]
 [ 12338503.3883 -23133179.8744   3213593.0775]
 [ 24776379.3401  -7102645.465    7304958.9712]
 [  3335656.8357 -24519824.1925  -9401428.9006]
 [ 13357979.7375  -7651034.1004  21644838.2686]
 [-11711409.4655 -23082520.9153  -6092191.14  ]
 [ -4433561.8529 -20332651.6786  16525801.0236]
 [  5530113.8031 -16178480.7785  20050127.1844]]
68860.000
 [[-12460255.3236  -9559122.1662  21382360.7266]
 [ 12338694.9389 -23131728.6307   3223172.1381]
 [ 24779157.0692  -7102200.8408   7296037.1996]
 [  3337735.6214 -24522868.2354  -9392755.4419]
 [ 13362951.4542  -7644448.8033  21644135.4415]
 [-11709396.3896 -23081130.814   -6101329.1755]
 [ -4430504.6914 -20338102.0009  16519687.8681]
 [  5534465.8485 -16172054.1307  20054204.5387]]
68862.000
 [[-12458050.7082  -9564110.4912  21381414.006 ]
 [ 12338821.9858 -23130759.2947   3229557.8298]
 [ 24781007.0867  -7101904.5522   7290088.5954]
 [  3339120.4688 -24524896.1196  -9386972.1268]
 [ 13366266.4668  -7640059.2042  21643664.5881]
 [-11708053.071  -23080202.7362  -6107420.5523]
 [ -4428467.5557 -20341734.673   16515610.6764]
 [  5537368.3186 -16167769.4256  20056920.5903]]
68864.000
 [[-12455846.7493  -9569098.846   21380465.4598]
 [ 12338948.5106 -23129788.4864   3235943.242 ]
 [ 24782855.6625  -7101608.3651   7284139.3866]
 [  3340504.5089 -24526922.8211  -9381188.0046]
 [ 13369581.9069  -7635670.0848  21643191.893 ]
 [-11706708.7377 -23079273.584   -6113511.411 ]
 [ -4426431.1976 -20345366.6435  16511532.0814]
 [  5540271.6737 -16163484.5025  20059634.8939]]
68866.000
 [[-12453643.447   -9574087.2302  21379515.0881]
 [ 12339074.5136 -23128816.2056   3242328.374 ]
 [ 24784702.7965  -7101312.2791   7278189.5736]
 [  3341887.7418 -24528948.3395  -9375403.076 ]
 [ 13372897.7742  -7631281.4454  21642717.3565]
 [-11705363.3895 -23078343.3576  -6119601.751 ]
 [ -4424395.6169 -20348997.9121  16507452.0834]
 [  5543175.9138 -16159199.362   20062347.4495]]
68867.000
 [[-12452542.0422  -9576581.4331  21379039.2177]
 [ 12339137.3195 -23128329.513    3245520.8349]
 [ 24785625.8228  -7101164.274    7275214.4407]
 [  3342579.0557 -24529960.655   -9372510.3094]
 [ 13374555.8679  -7629087.3058  21642479.3976]
 [-11704690.3347 -23077877.8417  -6122646.7265]
 [ -4423378.118  -20350813.283   16505411.5583]
 [  5544628.3657 -16157056.7103  20063703.0717]]
68868.000
 [[-12451440.8016  -9579075.6432  21378562.8909]
 [ 12339199.9952 -23127842.4523   3248713.2255]
 [ 24786548.4886  -7101016.2939   7272239.157 ]
 [  3343270.1679 -24530972.6747  -9369617.3413]
 [ 13376214.0683  -7626893.2863  21642240.9784]
 [-11704017.0261 -23077412.0575  -6125691.572 ]
 [ -4422360.8134 -20352628.4783  16503370.6826]
 [  5546081.0388 -16154914.0045  20065058.2567]]
68869.000
 [[-12450339.7252  -9581569.8604  21378086.1078]
 [ 12339262.5406 -23127355.0234   3251905.5458]
 [ 24787470.7938  -7100868.3389   7269263.7224]
 [  3343961.0785 -24531984.3983  -9366724.1719]
 [ 13377872.3754  -7624699.387   21642002.0988]
 [-11703343.4636 -23076946.0049  -6128736.2877]
 [ -4421343.7032 -20354443.4978  16501329.4563]
 [  5547533.9331 -16152771.2445  20066413.0046]]
68871.000
 [[-12448138.0652  -9586558.3159  21377131.1724]
 [ 12339387.2411 -23126379.0612   3258289.9755]
 [ 24789314.3228  -7100572.5038   7263312.401 ]
 [  3345342.2949 -24534006.9577  -9360937.2291]
 [ 13381189.3091  -7620311.9492  21641522.9586]
 [-11701995.5769 -23076013.0949  -6134825.3292]
 [ -4419310.0655 -20358073.0096  16497245.952 ]
 [  5550440.3852 -16148485.5625  20069121.189 ]]
68872.000
 [[-12447037.4816  -9589052.554   21376653.0203]
 [ 12339449.3962 -23125890.5277   3261482.0846]
 [ 24790235.5464  -7100424.6237   7260336.5144]
 [  3346032.6008 -24535017.7933  -9358043.4558]
 [ 13382847.9358  -7618118.4108  21641282.698 ]
 [-11701321.2527 -23075546.2375  -6137869.6549]
 [ -4418293.5381 -20359887.5017  16495203.6741]
 [  5551893.943  -16146342.6407  20070474.6253]]
68873.000
 [[-12445937.0623  -9591546.799   21376174.4118]
 [ 12339511.4213 -23125401.6261   3264674.1232]
 [ 24791156.4095  -7100276.7684   7257360.4771]
 [  3346722.7052 -24536028.3329  -9355149.4814]
 [ 13384506.6689  -7615924.9927  21641041.977 ]
 [-11700646.6745 -23075079.112   -6140913.8504]
 [ -4417277.2049 -20361701.8178  16493161.0458]
 [  5553347.722  -16144199.6649  20071827.6245]]
68874.000
 [[-12444836.8073  -9594041.0508  21375695.3471]
 [ 12339573.3164 -23124912.3562   3267866.0911]
 [ 24792076.9119  -7100128.9379   7254384.2894]
 [  3347412.6081 -24537038.5762  -9352255.3058]
 [ 13386165.5085  -7613731.6951  21640800.7957]
 [-11699971.8422 -23074611.7184  -6143957.9157]
 [ -4416261.066  -20363515.958   16491118.067 ]
 [  5554801.722  -16142056.6354  20073180.1863]]
68875.000
 [[-12443736.7166  -9596535.3094  21375215.826 ]
 [ 12339635.0817 -23124422.7182   3271057.9884]
 [ 24792997.0538  -7099981.1322   7251407.9512]
 [  3348102.3096 -24538048.5234  -9349360.9293]
 [ 13387824.4544  -7611538.5179  21640559.154 ]
 [-11699296.756  -23074144.0566  -6147001.8508]
 [ -4415245.1213 -20365329.9221  16489074.7379]
 [  5556255.9432 -16139913.5522  20074532.3108]]
68879.000
 [[-12439337.9977  -9606512.4095  21373293.1791]
 [ 12339880.8446 -23122460.4833   3283824.8694]
 [ 24796674.0147  -7099390.1559   7239501.0952]
 [  3350859.1019 -24542085.349   -9337781.4141]
 [ 13394461.301   -7602767.0151  21639587.9842]
 [-11696593.8699 -23072270.7299  -6159176.287 ]
 [ -4411183.2846 -20372584.0166  16480897.9187]
 [  5562075.0388 -16131340.6837  20079936.4354]]
68879.000
 [[-12439337.9977  -9606512.4095  21373293.1791]
 [ 12339880.8446 -23122460.4833   3283824.8694]
 [ 24796674.0147  -7099390.1559   7239501.0952]
 [  3350859.1019 -24542085.349   -9337781.4141]
 [ 13394461.301   -7602767.0151  21639587.9842]
 [-11696593.8699 -23072270.7299  -6159176.287 ]
 [ -4411183.2846 -20372584.0166  16480897.9187]
 [  5562075.0388 -16131340.6837  20079936.4354]]
68880.000
 [[-12438238.729   -9609006.7008  21372811.3767]
 [ 12339941.9611 -23121969.0039   3287016.4123]
 [ 24797592.3532  -7099242.4732   7236524.0057]
 [  3351547.7967 -24543093.8145  -9334886.0333]
 [ 13396120.7781  -7600574.4411  21639344.041 ]
 [-11695917.5131 -23071801.7285  -6162219.5698]
 [ -4410168.3109 -20374397.0995  16478852.8384]
 [  5563530.3653 -16129197.333   20081286.3731]]
68882.000
 [[-12436040.6851  -9613995.302   21371846.4033]
 [ 12340063.8054 -23120984.9402   3293399.2844]
 [ 24799427.948   -7098947.1813   7230569.3766]
 [  3352924.5824 -24545109.8559  -9329094.6701]
 [ 13399440.0505  -7596189.6557  21638854.7737]
 [-11694564.0368 -23070862.9222  -6168305.7431]
 [ -4408138.9461 -20378022.7359  16474761.6276]
 [  5566441.6812 -16124910.4719  20083984.9358]]
68883.000
 [[-12434941.9099  -9616489.6119  21371363.2323]
 [ 12340124.5332 -23120492.356    3296590.6136]
 [ 24800345.2042  -7098799.5719   7227591.8372]
 [  3353612.6735 -24546117.4317  -9326198.6876]
 [ 13401099.8458  -7593997.4443  21638609.4496]
 [-11693886.9173 -23070393.1174  -6171348.6335]
 [ -4407124.555  -20379835.2892  16472715.4971]
 [  5567897.6705 -16122766.9616  20085333.5608]]
68884.000
 [[-12433843.2991  -9618983.928   21370879.6051]
 [ 12340185.1316 -23119999.4034   3299781.8715]
 [ 24801262.0997  -7098651.9868   7224614.1479]
 [  3354300.5634 -24547124.7109  -9323302.5048]
 [ 13402759.747   -7591805.3539  21638363.6653]
 [-11693209.5435 -23069923.045   -6174391.3931]
 [ -4406110.358  -20381647.666   16470669.0167]
 [  5569353.8809 -16120623.3982  20086681.7483]]
68886.000
 [[-12431646.5713  -9623972.5783  21369910.9821]
 [ 12340305.9403 -23119012.3932   3306164.1731]
 [ 24803094.8083  -7098356.8894   7218658.3198]
 [  3355675.7399 -24549138.3794  -9317509.5379]
 [ 13406079.8672  -7587421.5361  21637870.7157]
 [-11691854.033  -23068982.0973  -6180476.5195]
 [ -4404082.5465 -20385271.8895  16466575.0061]
 [  5572266.9644 -16116336.1125  20089376.8106]]
68887.000
 [[-12430548.4542  -9626466.9124  21369425.9863]
 [ 12340366.1507 -23118518.3355   3309355.2166]
 [ 24804010.6213  -7098209.377    7215680.1813]
 [  3356363.0265 -24550144.7685  -9314612.754 ]
 [ 13407740.0861  -7585229.8088  21637623.5506]
 [-11691175.8962 -23068511.2221  -6183518.8862]
 [ -4403068.9319 -20387083.7361  16464527.476 ]
 [  5573723.8375 -16114192.3903  20090723.6852]]
68888.000
 [[-12429450.5017  -9628961.2523  21368940.5344]
 [ 12340426.2318 -23118023.9095   3312546.1885]
 [ 24804926.0735  -7098061.8887   7212701.8931]
 [  3357050.1121 -24551150.8608  -9311715.77  ]
 [ 13409400.4107  -7583038.2028  21637375.9252]
 [-11690497.505  -23068040.0794  -6186561.1216]
 [ -4402055.5115 -20388895.4058  16462479.5961]
 [  5575180.9315 -16112048.6154  20092070.1222]]
68889.000
 [[-12428352.7138  -9631455.5981  21368454.6264]
 [ 12340486.1838 -23117529.1152   3315737.0888]
 [ 24805841.1648  -7097914.4245   7209723.4553]
 [  3357736.9966 -24552156.6563  -9308818.5858]
 [ 13411060.8411  -7580846.7179  21637127.8395]
 [-11689818.8595 -23067568.6692  -6189603.2259]
 [ -4401042.2852 -20390706.8986  16460431.3664]
 [  5576638.2464 -16109904.7877  20093416.1214]]
68890.000
 [[-12427255.0906  -9633949.9497  21367968.2622]
 [ 12340546.0067 -23117033.9524   3318927.9173]
 [ 24806755.8953  -7097766.9842   7206744.8681]
 [  3358423.6803 -24553162.1548  -9305921.2016]
 [ 13412721.3772  -7578655.3543  21636879.2936]
 [-11689139.9594 -23067096.9917  -6192645.199 ]
 [ -4400029.2529 -20392518.2144  16458382.787 ]
 [  5578095.7821 -16107760.9073  20094761.683 ]]
68891.000
 [[-12426157.6319  -9636444.3069  21367481.4419]
 [ 12340605.7004 -23116538.4212   3322118.674 ]
 [ 24807670.2648  -7097619.568    7203766.1314]
 [  3359110.163  -24554167.3565  -9303023.6173]
 [ 13414382.019   -7576464.1119  21636630.2874]
 [-11688460.8049 -23066625.0468  -6195687.0408]
 [ -4399016.4148 -20394329.3533  16456333.8579]
 [  5579553.5387 -16105616.9743  20096106.8068]]
68892.000
 [[-12425060.338   -9638938.6697  21366994.1655]
 [ 12340665.2652 -23116042.5217   3325309.3588]
 [ 24808584.2734  -7097472.1756   7200787.2453]
 [  3359796.4447 -24555172.2611  -9300125.833 ]
 [ 13416042.7664  -7574272.991   21636380.8211]
 [-11687781.3959 -23066152.8345  -6198728.7511]
 [ -4398003.7707 -20396140.315   16454284.5792]
 [  5581011.516  -16103472.9888  20097451.4927]]
68893.000
 [[-12423963.2087  -9641433.0381  21366506.433 ]
 [ 12340724.701  -23115546.2537   3328499.9717]
 [ 24809497.9211  -7097324.8072   7197808.2099]
 [  3360482.5256 -24556176.8687  -9297227.8489]
 [ 13417703.6193  -7572081.9915  21636130.8945]
 [-11687101.7323 -23065680.355   -6201770.33  ]
 [ -4396991.3207 -20397951.0996  16452234.9509]
 [  5582469.7142 -16101328.9509  20098795.7409]]
68897.000
 [[-12419576.3389  -9651410.5657  21364550.942 ]
 [ 12340961.1554 -23113557.4973   3341261.7022]
 [ 24813148.9021  -7096735.571    7185890.5766]
 [  3363224.8409 -24560192.328   -9285633.915 ]
 [ 13424348.0859  -7563319.2086  21635126.586 ]
 [-11684380.5324 -23063787.765   -6213935.3297]
 [ -4392943.4613 -20405192.4652  16444032.9425]
 [  5588304.7146 -16092752.276   20104168.3548]]
68899.000
 [[-12417383.8926  -9656399.361   21363570.4602]
 [ 12341078.6101 -23112560.9085   3347642.1337]
 [ 24814972.2264  -7096441.095    7179930.8658]
 [  3364594.7941 -24562198.2742  -9279835.7505]
 [ 13427670.9513  -7558938.5472  21634621.6705]
 [-11683018.4047 -23062839.8674  -6220017.039 ]
 [ -4390920.6958 -20408812.0835  16439929.842 ]
 [  5591223.539  -16088463.6258  20106852.034 ]]
68900.000
 [[-12416287.9167  -9658893.7664  21363079.5353]
 [ 12341137.1445 -23112062.0612   3350832.241 ]
 [ 24815883.347   -7096293.8922   7176950.787 ]
 [  3365279.4697 -24563200.8014  -9276936.369 ]
 [ 13429332.542   -7556748.399   21634368.5225]
 [-11682336.9587 -23062365.5182  -6223057.6959]
 [ -4389909.6041 -20410621.6264  16437877.7676]
 [  5592683.2823 -16086319.2226  20108193.2166]]
68901.000
 [[-12415192.1055  -9661388.1769  21362588.1543]
 [ 12341195.5505 -23111562.8455   3354022.2757]
 [ 24816794.1066  -7096146.7129   7173970.5593]
 [  3365963.9447 -24564203.0311  -9274036.788 ]
 [ 13430994.2379  -7554558.3726  21634114.9143]
 [-11681655.2579 -23061890.9021  -6226098.2208]
 [ -4388898.7062 -20412430.9916  16435825.344 ]
 [  5594143.2463 -16084174.7675  20109533.9612]]
68902.000
 [[-12414096.4592  -9663882.5924  21362096.3173]
 [ 12341253.8279 -23111063.2612   3357212.238 ]
 [ 24817704.5051  -7095999.5569   7170990.1829]
 [  3366648.2192 -24565204.9634  -9271137.0077]
 [ 13432656.039   -7552368.4681  21633860.846 ]
 [-11680973.3024 -23061416.0191  -6229138.6138]
 [ -4387888.0024 -20414240.1792  16433772.5712]
 [  5595603.431  -16082030.2606  20110874.2678]]
68903.000
 [[-12413000.9777  -9666377.0128  21361604.0243]
 [ 12341311.9769 -23110563.3084   3360402.1276]
 [ 24818614.5425  -7095852.4243   7168009.6577]
 [  3367332.2932 -24566206.5983  -9268237.0281]
 [ 13434317.9453  -7550178.6854  21633606.3174]
 [-11680291.0919 -23060940.8692  -6232178.8747]
 [ -4386877.4924 -20416049.1891  16431719.4491]
 [  5597063.8364 -16079885.7018  20112214.1363]]
68905.000
 [[-12410810.5093  -9671365.8683  21360618.0703]
 [ 12341427.8899 -23109562.2971   3366781.6888]
 [ 24820433.534   -7095558.229    7162048.1614]
 [  3368699.8396 -24568208.9753  -9262436.4713]
 [ 13437642.0731  -7545799.4859  21633095.8799]
 [-11678925.9065 -23059989.7693  -6238259.    ]
 [ -4384857.0544 -20419666.6755  16427612.1576]
 [  5599985.3092 -16075596.4292  20114892.5588]]
68906.000
 [[-12409715.5225  -9673860.3032  21360124.4093]
 [ 12341485.6539 -23109061.2386   3369971.3602]
 [ 24821342.488   -7095411.1661   7159067.1905]
 [  3369383.3122 -24569209.7175  -9259535.8942]
 [ 13439304.2946  -7543610.0692  21632839.9709]
 [-11678242.9314 -23059513.8192  -6241298.8643]
 [ -4383847.1262 -20421475.1519  16425557.9882]
 [  5601446.3765 -16073451.7154  20116231.1129]]
68908.000
 [[-12407526.0437  -9678849.1869  21359135.7196]
 [ 12341600.7974 -23108058.0159   3376350.4841]
 [ 24823159.3125  -7095117.1098   7153104.8033]
 [  3370749.6561 -24571210.3087  -9253734.1431]
 [ 13442629.0523  -7539231.6023  21632326.7725]
 [-11676876.2165 -23058561.1192  -6247378.1958]
 [ -4381827.8517 -20425091.5706  16421448.6024]
 [  5604369.1728 -16069162.1336  20118906.9063]]
68909.000
 [[-12406431.5517  -9681343.6356  21358640.6908]
 [ 12341658.1769 -23107555.8516   3379539.9366]
 [ 24824067.1829  -7094970.1163   7150123.3871]
 [  3371432.5275 -24572210.1577  -9250832.9691]
 [ 13444291.5885  -7537042.5521  21632069.4831]
 [-11676192.4765 -23058084.3694  -6250417.6629]
 [ -4380818.5052 -20426899.5128  16419393.3861]
 [  5605830.9018 -16067017.2655  20120244.1457]]
68910.000
 [[-12405337.2247  -9683838.0887  21358145.206 ]
 [ 12341715.4283 -23107053.3188   3382729.3159]
 [ 24824974.6921  -7094823.1458   7147141.8227]
 [  3372115.1985 -24573209.7089  -9247931.5963]
 [ 13445954.2296  -7534853.6241  21631811.7335]
 [-11675508.4816 -23057607.353   -6253456.9974]
 [ -4379809.3527 -20428707.277   16417337.8208]
 [  5607292.8513 -16064872.3462  20121580.9467]]
68911.000
 [[-12404243.0627  -9686332.5463  21357649.2654]
 [ 12341772.5518 -23106550.4173   3385918.622 ]
 [ 24825881.8401  -7094676.1982   7144160.1101]
 [  3372797.6693 -24574208.9623  -9245030.0248]
 [ 13447616.9754  -7532664.8185  21631553.5239]
 [-11674824.2316 -23057130.0701  -6256496.1993]
 [ -4378800.394  -20430514.8628  16415281.9068]
 [  5608755.0213 -16062727.3757  20122917.3094]]
68912.000
 [[-12403149.0658  -9688827.0082  21357152.8689]
 [ 12341829.5472 -23106047.1472   3389107.8549]
 [ 24826788.6268  -7094529.2736   7141178.2494]
 [  3373479.9399 -24575207.9178  -9242128.2545]
 [ 13449279.8259  -7530476.1353  21631294.8541]
 [-11674139.7266 -23056652.5208  -6259535.2686]
 [ -4377791.6292 -20432322.2705  16413225.6439]
 [  5610217.4119 -16060582.354   20124253.2338]]
68914.000
 [[-12400961.567   -9693815.9448  21356158.7081]
 [ 12341943.1545 -23105039.501    3395486.1007]
 [ 24828601.1164  -7094235.4928   7135214.0837]
 [  3374843.8803 -24577204.9349  -9236324.1181]
 [ 13452605.8411  -7526099.1361  21630776.1343]
 [-11672769.9511 -23055696.6232  -6265613.0088]
 [ -4375774.6812 -20435936.5507  16409112.0718]
 [  5613142.8544 -16056292.1573  20126923.7674]]
68915.000
 [[-12399868.0652  -9696310.4194  21355660.9439]
 [ 12341999.7664 -23104535.1249   3398675.1134]
 [ 24829506.8193  -7094088.6366   7132231.7789]
 [  3375525.5503 -24578202.9964  -9233421.752 ]
 [ 13454269.0056  -7523910.8202  21630516.0842]
 [-11672084.6807 -23055218.2749  -6268651.6797]
 [ -4374766.4979 -20437743.4231  16407054.7628]
 [  5614605.9064 -16054146.9826  20128258.3766]]
68916.000
 [[-12398774.7285  -9698804.8981  21355162.7238]
 [ 12342056.2505 -23104030.3802   3401864.0526]
 [ 24830412.1608  -7093941.803    7129249.3261]
 [  3376207.0201 -24579200.7599  -9230519.1875]
 [ 13455932.2747  -7521722.6269  21630255.574 ]
 [-11671399.1551 -23054739.6604  -6271690.2177]
 [ -4373758.5084 -20439550.1171  16404997.105 ]
 [  5616069.1789 -16052001.7569  20129592.5473]]
68918.000
 [[-12396588.5505  -9703793.8675  21354164.9161]
 [ 12342168.8358 -23103019.7846   3408241.7102]
 [ 24832221.7598  -7093648.2038   7123283.9772]
 [  3377569.3596 -24581195.3925  -9224713.4634]
 [ 13459259.1264  -7517346.6082  21629733.1735]
 [-11670027.3381 -23053781.6328  -6277766.8946]
 [ -4371743.1109 -20443162.9692  16400880.7438]
 [  5618996.385  -16047711.1531  20132259.5733]]
68919.000
 [[-12395495.7092  -9706288.358   21353665.3285]
 [ 12342224.937  -23102513.9338   3411430.4284]
 [ 24833126.0173  -7093501.4381   7120301.0812]
 [  3378250.2293 -24582192.2614  -9221810.3039]
 [ 13460922.709   -7515158.7829  21629471.2831]
 [-11669341.0468 -23053302.2197  -6280805.0334]
 [ -4370735.7029 -20444969.1273  16398822.0404]
 [  5620460.3186 -16045565.7752  20133592.4285]]
68920.000
 [[-12394403.0331  -9708782.8524  21353165.2851]
 [ 12342280.9106 -23102007.7143   3414619.0728]
 [ 24834029.9133  -7093354.6949   7117318.0375]
 [  3378930.899  -24583188.8322  -9218906.9462]
 [ 13462586.3959  -7512971.0804  21629208.9326]
 [-11668654.5002 -23052822.5407  -6283843.039 ]
 [ -4369728.4886 -20446775.1066  16396762.9885]
 [  5621924.4726 -16043420.3466  20134924.8451]]
68921.000
 [[-12393310.5222  -9711277.3505  21352664.7858]
 [ 12342336.7568 -23101501.126    3417807.6433]
 [ 24834933.448   -7093207.9742   7114334.8462]
 [  3379611.3686 -24584185.1046  -9216003.3904]
 [ 13464250.1871  -7510783.5007  21628946.1221]
 [-11667967.6983 -23052342.5956  -6286880.9113]
 [ -4368721.4682 -20448580.9071  16394703.5883]
 [  5623388.847  -16041274.8676  20136256.8231]]
68922.000
 [[-12392218.1765  -9713771.8522  21352163.8308]
 [ 12342392.4754 -23100994.1691   3420996.1397]
 [ 24835836.6211  -7093061.2759   7111351.5075]
 [  3380291.6383 -24585181.0787  -9213099.6365]
 [ 13465914.0826  -7508596.044   21628682.8516]
 [-11667280.6411 -23051862.3845  -6289918.6502]
 [ -4367714.6415 -20450386.5287  16392643.8396]
 [  5624853.4416 -16039129.3381  20137588.3625]]
68923.000
 [[-12391125.9961  -9716266.3576  21351662.42  ]
 [ 12342448.0667 -23100486.8434   3424184.5622]
 [ 24836739.4329  -7092914.5999   7108368.0214]
 [  3380971.7081 -24586176.7543  -9210195.6847]
 [ 13467578.0823  -7506408.7102  21628419.121 ]
 [-11666593.3285 -23051381.9075  -6292956.2558]
 [ -4366708.0087 -20452191.9714  16390583.7427]
 [  5626318.2565 -16036983.7582  20138919.4631]]
68925.000
 [[-12388942.1309  -9721255.3791  21350658.2311]
 [ 12342558.8673 -23099471.0857   3430561.1848]
 [ 24838543.9719  -7092621.3149   7102400.6069]
 [  3382331.2482 -24588167.2104  -9204387.1871]
 [ 13470906.3944  -7502034.4115  21627890.2797]
 [-11665217.9371 -23050420.1558  -6299031.0666]
 [ -4364695.3241 -20455802.3197  16386462.5038]
 [  5629248.5473 -16032692.4475  20141580.3485]]
68926.000
 [[-12387850.4462  -9723749.895   21350155.453 ]
 [ 12342614.0767 -23098962.6537   3433749.3848]
 [ 24839445.6992  -7092474.7057   7099416.6787]
 [  3383010.7185 -24589161.9906  -9201482.6416]
 [ 13472570.7066  -7499847.4467  21627625.169 ]
 [-11664529.8583 -23049938.8813  -6302068.2716]
 [ -4363689.2724 -20457607.2252  16384401.3621]
 [  5630714.0231 -16030546.7168  20142910.1331]]
68927.000
 [[-12386758.9269  -9726244.4142  21349652.2191]
 [ 12342669.159  -23098453.853    3436937.5104]
 [ 24840347.065   -7092328.1187   7096432.6034]
 [  3383689.9889 -24590156.4723  -9198577.8983]
 [ 13474235.1229  -7497660.6051  21627359.5983]
 [-11663841.524  -23049457.341   -6305105.343 ]
 [ -4362683.4144 -20459411.9515  16382339.8721]
 [  5632179.7191 -16028400.9361  20144239.4788]]
68928.000
 [[-12385667.5729  -9728738.9368  21349148.5295]
 [ 12342724.1141 -23097944.6834   3440125.5617]
 [ 24841248.0692  -7092181.5538   7093448.3809]
 [  3384369.0597 -24591150.6553  -9195672.9573]
 [ 13475899.6432  -7495473.8867  21627093.5675]
 [-11663152.9341 -23048975.535   -6308142.2806]
 [ -4361677.7502 -20461216.4987  16380278.0341]
 [  5633645.6354 -16026255.1052  20145568.3858]]
68929.000
 [[-12384576.3842  -9731233.4626  21348644.3842]
 [ 12342778.9421 -23097435.145    3443313.5386]
 [ 24842148.7119  -7092035.011    7090464.0113]
 [  3385047.9307 -24592144.5397  -9192767.8187]
 [ 13477564.2675  -7493287.2915  21626827.0768]
 [-11662464.0888 -23048493.4633  -6311179.0845]
 [ -4360672.2796 -20463020.8665  16378215.8479]
 [  5635111.7719 -16024109.2244  20146896.854 ]]
68930.000
 [[-12383485.3609  -9733727.9915  21348139.7832]
 [ 12342833.6431 -23096925.2379   3446501.4409]
 [ 24843048.993   -7091888.4902   7087479.4947]
 [  3385726.6021 -24593138.1253  -9189862.4826]
 [ 13479228.9957  -7491100.8197  21626560.1261]
 [-11661774.9879 -23048011.126   -6314215.7545]
 [ -4359667.0028 -20464825.0549  16376153.3138]
 [  5636578.1286 -16021963.2937  20148224.8833]]
68931.000
 [[-12382394.5029  -9736222.5235  21347634.7265]
 [ 12342888.2171 -23096414.9619   3449689.2686]
 [ 24843948.9125  -7091741.9914   7084494.8313]
 [  3386405.0737 -24594131.4123  -9186956.9489]
 [ 13480893.8277  -7488914.4712  21626292.7154]
 [-11661085.6315 -23047528.5231  -6317252.2906]
 [ -4358661.9197 -20466629.0639  16374090.4316]
 [  5638044.7053 -16019817.3132  20149552.4737]]
68932.000
 [[-12381303.8104  -9738717.0586  21347129.2141]
 [ 12342942.6642 -23095904.3171   3452877.0216]
 [ 24844848.4705  -7091595.5145   7081510.0209]
 [  3387083.3458 -24595124.4004  -9184051.2178]
 [ 13482558.7637  -7486728.2461  21626024.8446]
 [-11660396.0194 -23047045.6547  -6320288.6927]
 [ -4357657.0302 -20468432.8935  16372027.2015]
 [  5639511.5023 -16017671.2828  20150879.6252]]
68936.000
 [[-12376942.6943  -9748695.2285  21345102.6077]
 [ 12343159.1847 -23093858.0492   3465627.2864]
 [ 24848443.0859  -7091009.8246   7069569.3113]
 [  3389794.4388 -24599093.364   -9172426.3199]
 [ 13489219.5453  -7477984.5801  21624948.762 ]
 [-11657635.0141 -23045111.5267  -6332432.9606]
 [ -4353639.4084 -20475646.4162  16363770.8019]
 [  5645380.8919 -16009086.6648  20156183.8418]]
68939.000
 [[-12373673.5946  -9756178.885   21343577.8687]
 [ 12343320.245  -23092319.4748   3475189.198 ]
 [ 24851135.25    -7090570.7847   7060612.2396]
 [  3391825.6643 -24602066.9472  -9163705.5761]
 [ 13494216.2198  -7471428.1285  21624136.8704]
 [-11655561.5747 -23043658.1449  -6341539.7518]
 [ -4350628.2249 -20481054.671   16357574.8506]
 [  5649785.2451 -16002647.6817  20160157.3944]]
68940.000
 [[-12372584.2258  -9758673.4424  21343068.7112]
 [ 12343373.6788 -23091805.8789   3478376.3516]
 [ 24852031.9146  -7090424.4811   7057626.2561]
 [  3392502.3408 -24603057.5434  -9160798.2675]
 [ 13495881.9851  -7469242.892   21623865.32  ]
 [-11654869.9166 -23043173.1539  -6344575.08  ]
 [ -4349624.8842 -20482857.0628  16355508.8381]
 [  5651253.803  -16000501.2554  20161481.0337]]
68941.000
 [[-12371495.0225  -9761168.0023  21342559.098 ]
 [ 12343426.9861 -23091291.914    3481563.4299]
 [ 24852928.2174  -7090278.199    7054640.1263]
 [  3393178.8179 -24604047.8403  -9157890.762 ]
 [ 13497547.8538  -7467057.7794  21623593.3097]
 [-11654178.0026 -23042687.8978  -6347610.2737]
 [ -4348621.7371 -20484659.2746  16353442.4781]
 [  5652722.5809 -15998354.78    20162804.2339]]
68942.000
 [[-12370405.9847  -9763662.5645  21342049.0293]
 [ 12343480.1671 -23090777.5802   3484750.4329]
 [ 24853824.1585  -7090131.9383   7051653.8502]
 [  3393855.0957 -24605037.838   -9154983.0597]
 [ 13499213.8259  -7464872.7907  21623320.8394]
 [-11653485.8327 -23042202.3766  -6350645.3328]
 [ -4347618.7835 -20486461.3064  16351375.7705]
 [  5654191.5787 -15996208.2555  20164126.9949]]
68943.000
 [[-12369317.1125  -9766157.1292  21341538.5049]
 [ 12343533.2217 -23090262.8774   3487937.3605]
 [ 24854719.7378  -7089985.6989   7048667.4279]
 [  3394531.1743 -24606027.5365  -9152075.1606]
 [ 13500879.9015  -7462687.9259  21623047.9092]
 [-11652793.4068 -23041716.5904  -6353680.2572]
 [ -4346616.0235 -20488263.1581  16349308.7154]
 [  5655660.7966 -15994061.6819  20165449.3167]]
68944.000
 [[-12368228.4059  -9768651.6962  21341027.525 ]
 [ 12343586.1501 -23089747.8056   3491124.2128]
 [ 24855614.9554  -7089839.4807   7045680.8593]
 [  3395207.0538 -24607016.9356  -9149167.0646]
 [ 13502546.0804  -7460503.1849  21622774.5191]
 [-11652100.725  -23041230.5392  -6356715.047 ]
 [ -4345613.4569 -20490064.8297  16347241.3128]
 [  5657130.2346 -15991915.0593  20166771.1993]]
68945.000
 [[-12367139.8648  -9771146.2656  21340516.0895]
 [ 12343638.9523 -23089232.3648   3494310.9897]
 [ 24856509.8112  -7089693.2837   7042694.1445]
 [  3395882.7343 -24608006.0353  -9146258.7719]
 [ 13504212.3627  -7458318.5679  21622500.669 ]
 [-11651407.787  -23040744.223   -6359749.7022]
 [ -4344611.0837 -20491866.3211  16345173.5626]
 [  5658599.8926 -15989768.3876  20168092.6427]]
68946.000
 [[-12366051.4893  -9773640.8372  21340004.1985]
 [ 12343691.6284 -23088716.555    3497497.691 ]
 [ 24857404.3052  -7089547.1079   7039707.2836]
 [  3396558.2155 -24608994.8357  -9143350.2826]
 [ 13505878.7482  -7456134.0749  21622226.3591]
 [-11650714.593  -23040257.642   -6362784.2225]
 [ -4343608.904  -20493667.6323  16343105.4651]
 [  5660069.7706 -15987621.6671  20169413.6468]]
68947.000
 [[-12364963.2795  -9776135.4109  21339491.852 ]
 [ 12343744.1784 -23088200.3762   3500684.3166]
 [ 24858298.4374  -7089400.9532   7036720.2767]
 [  3397233.4977 -24609983.3365  -9140441.5968]
 [ 13507545.2369  -7453949.706   21621951.5893]
 [-11650021.143  -23039770.7961  -6365818.6078]
 [ -4342606.9178 -20495468.7631  16341037.0202]
 [  5661539.8685 -15985474.8978  20170734.2116]]
68949.000
 [[-12362787.357   -9781124.5642  21338465.7923]
 [ 12343848.9    -23087166.9116   3507057.3403]
 [ 24860085.616   -7089108.7072   7030745.8256]
 [  3398583.4647 -24611959.4396  -9134623.6361]
 [ 13510878.5237  -7449581.3411  21621400.67  ]
 [-11648633.4749 -23038796.31    -6371886.9734]
 [ -4340603.526  -20499070.4833  16336899.0887]
 [  5664480.7239 -15981181.2134  20173374.0231]]
68950.000
 [[-12361699.6443  -9783619.1436  21337952.0793]
 [ 12343901.0718 -23086649.6258   3510243.7383]
 [ 24860978.6624  -7088962.6158   7027758.3813]
 [  3399258.1495 -24612947.0418  -9131714.3612]
 [ 13512545.3216  -7447397.3451  21621124.5205]
 [-11647939.2567 -23038308.6698  -6374920.9534]
 [ -4339602.1203 -20500871.0726  16334829.6022]
 [  5665951.4813 -15979034.2984  20174693.2697]]
68951.000
 [[-12360612.0974  -9786113.7248  21337437.9108]
 [ 12343953.1177 -23086131.971    3513430.0604]
 [ 24861871.3469  -7088816.5453   7024770.7914]
 [  3399932.6354 -24613934.3443  -9128804.8902]
 [ 13514212.2225  -7445213.4734  21620847.9112]
 [-11647244.7824 -23037820.7649  -6377954.7983]
 [ -4338600.9082 -20502671.4813  16332759.7685]
 [  5667422.4586 -15976887.3349  20176012.0769]]
68952.000
 [[-12359524.7163  -9788608.3078  21336923.2868]
 [ 12344005.0378 -23085613.9472   3516616.3064]
 [ 24862763.6695  -7088670.4957   7021783.0559]
 [  3400606.9223 -24614921.347   -9125895.2229]
 [ 13515879.2264  -7443029.7261  21620570.842 ]
 [-11646550.052  -23037332.5954  -6380988.5078]
 [ -4337599.8895 -20504471.7093  16330689.5877]
 [  5668893.6557 -15974740.3231  20177330.4446]]
68953.000
 [[-12358437.5009  -9791102.8924  21336408.2073]
 [ 12344056.832  -23085095.5543   3519802.4762]
 [ 24863655.6301  -7088524.467    7018795.1747]
 [  3401281.0102 -24615908.0501  -9122985.3595]
 [ 13517546.3331  -7440846.1033  21620293.3129]
 [-11645855.0653 -23036844.1613  -6384022.082 ]
 [ -4336599.0642 -20506271.7566  16328619.0598]
 [  5670365.0726 -15972593.2629  20178648.3728]]
68954.000
 [[-12357350.4513  -9793597.4788  21335892.6724]
 [ 12344108.5005 -23084576.7924   3522988.57  ]
 [ 24864547.2288  -7088378.4591   7015807.148 ]
 [  3401954.8993 -24616894.4533  -9120075.3   ]
 [ 13519213.5428  -7438662.6049  21620015.324 ]
 [-11645159.8224 -23036355.4627  -6387055.521 ]
 [ -4335598.4324 -20508071.6232  16326548.1849]
 [  5671836.7093 -15970446.1544  20179965.8615]]
68955.000
 [[-12356263.5674  -9796092.0668  21335376.682 ]
 [ 12344160.0433 -23084057.6613   3526174.5876]
 [ 24865438.4656  -7088232.4719   7012818.9758]
 [  3402628.5896 -24617880.5568  -9117165.0444]
 [ 13520880.8554  -7436479.231   21619736.8753]
 [-11644464.3232 -23035866.4996  -6390088.8245]
 [ -4334597.9939 -20509871.309   16324476.9629]
 [  5673308.5659 -15968298.9976  20181282.9107]]
68956.000
 [[-12355176.8493  -9798586.6564  21334860.2362]
 [ 12344211.4605 -23083538.1611   3529360.529 ]
 [ 24866329.3403  -7088086.5053   7009830.6581]
 [  3403302.0811 -24618866.3604  -9114254.5928]
 [ 13522548.2708  -7434295.9817  21619457.9667]
 [-11643768.5677 -23035377.2721  -6393121.9925]
 [ -4333597.7487 -20511670.8139  16322405.3939]
 [  5674780.6423 -15966151.7926  20182599.5204]]
68957.000
 [[-12354090.297   -9801081.2475  21334343.335 ]
 [ 12344262.7521 -23083018.2918   3532546.394 ]
 [ 24867219.8531  -7087940.5594   7006842.195 ]
 [  3403975.3739 -24619851.864   -9111343.9453]
 [ 13524215.789   -7432112.8569  21619178.5983]
 [-11643072.5558 -23034887.7802  -6396155.0251]
 [ -4332597.6969 -20513470.138   16320333.478 ]
 [  5676252.9384 -15964004.5395  20183915.6905]]
68959.000
 [[-12351917.69    -9806070.4338  21333308.1663]
 [ 12344364.9588 -23081977.4459   3538917.8948]
 [ 24868999.7926  -7087648.7292   7000864.8329]
 [  3405321.3632 -24621821.9714  -9105522.0628]
 [ 13527551.1334  -7427746.9813  21618618.482 ]
 [-11641679.763  -23033908.0033  -6402220.6832]
 [ -4330598.1735 -20517068.243   16316188.6055]
 [  5679198.19   -15959709.8893  20186546.7118]]
68960.000
 [[-12350831.6354  -9808565.0289  21332789.8988]
 [ 12344415.874  -23081456.4693   3542103.5303]
 [ 24869889.2192  -7087502.8448   6997875.9342]
 [  3405994.0598 -24622806.5751  -9102610.828 ]
 [ 13529218.9595  -7425564.2307  21618337.7341]
 [-11640982.982  -23033417.7184  -6405253.3086]
 [ -4329598.7018 -20518867.0238  16314115.6491]
 [  5680671.1453 -15957562.4924  20187861.5629]]
68961.000
 [[-12349745.7466  -9811059.6251  21332271.176 ]
 [ 12344466.6638 -23080935.1235   3545289.0892]
 [ 24870778.2837  -7087356.981    6994886.8903]
 [  3406666.5577 -24623790.8786  -9099699.3976]
 [ 13530886.8883  -7423381.605   21618056.5264]
 [-11640285.9447 -23032927.1693  -6408285.7982]
 [ -4328599.4234 -20520665.6235  16312042.3459]
 [  5682144.3203 -15955415.0477  20189175.9743]]
68962.000
 [[-12348660.0238  -9813554.2225  21331751.9979]
 [ 12344517.3282 -23080413.4087   3548474.5714]
 [ 24871666.9862  -7087211.1375   6991897.7014]
 [  3407338.8569 -24624774.882   -9096787.7716]
 [ 13532554.9195  -7421199.1041  21617774.8589]
 [-11639588.6509 -23032436.3561  -6411318.1519]
 [ -4327600.3385 -20522464.0419  16309968.6961]
 [  5683617.715  -15953267.5553  20190489.946 ]]
68963.000
 [[-12347574.4669  -9816048.8209  21331232.3644]
 [ 12344567.8674 -23079891.3246   3551659.9767]
 [ 24872555.3265  -7087065.3144   6988908.3676]
 [  3408010.9576 -24625758.5852  -9093875.9501]
 [ 13534223.0531  -7419016.7282  21617492.7317]
 [-11638891.1006 -23031945.2787  -6414350.3696]
 [ -4326601.4469 -20524262.279   16307894.6996]
 [  5685091.3293 -15951120.0153  20191803.4779]]
68964.000
 [[-12346489.076   -9818543.4202  21330712.2755]
 [ 12344618.2813 -23079368.8715   3554845.3051]
 [ 24873443.3047  -7086919.5116   6985918.8889]
 [  3408682.8596 -24626741.9881  -9090963.9332]
 [ 13535891.2892  -7416834.4773  21617210.1446]
 [-11638193.2939 -23031453.9372  -6417382.4512]
 [ -4325602.7486 -20526060.3347  16305820.3565]
 [  5686565.1632 -15948972.4276  20193116.5701]]
68965.000
 [[-12345403.8511  -9821038.0205  21330191.7313]
 [ 12344668.57   -23078846.0491   3558030.5566]
 [ 24874330.9207  -7086773.7291   6982929.2654]
 [  3409354.5631 -24627725.0908  -9088051.7209]
 [ 13537559.6276  -7414652.3515  21616927.0978]
 [-11637495.2306 -23030962.3317  -6420414.3968]
 [ -4324604.2436 -20527858.2089  16303745.6669]
 [  5688039.2166 -15946824.7925  20194429.2224]]
68968.000
 [[-12342149.1724  -9828521.8262  21328627.3669]
 [ 12344818.6856 -23077275.367    3567585.8489]
 [ 24876991.5958  -7086336.5024   6973959.5263]
 [  3411368.4827 -24630672.5966  -9079313.9124]
 [ 13542565.2569  -7408106.7247  21616075.1988]
 [-11635399.5015 -23029485.9313  -6429509.4162]
 [ -4321609.8885 -20533250.7426  16297519.5189]
 [  5692462.6946 -15940381.6026  20198364.5401]]
68969.000
 [[-12341064.6116  -9831016.4296  21328105.0016]
 [ 12344868.4742 -23076751.0678   3570770.792 ]
 [ 24877877.7631  -7086190.8004   6970969.3241]
 [  3412039.3924 -24631654.4977  -9076400.9193]
 [ 13544234.0044  -7405925.0996  21615790.3129]
 [-11634700.4119 -23028993.2701  -6432540.8167]
 [ -4320612.1567 -20535047.8906  16295443.4434]
 [  5693937.6263 -15938233.7781  20199675.4328]]
68970.000
 [[-12339980.2168  -9833511.0335  21327582.1809]
 [ 12344918.1378 -23076226.3995   3573955.6579]
 [ 24878763.5682  -7086045.1183   6967978.9773]
 [  3412710.1037 -24632636.0983  -9073487.731 ]
 [ 13545902.8541  -7403743.5997  21615504.9673]
 [-11634001.0656 -23028500.345   -6435572.0808]
 [ -4319614.6181 -20536844.8569  16293367.0216]
 [  5695412.7776 -15936085.9064  20200985.8856]]
68972.000
 [[-12337811.9256  -9838500.2429  21326535.1738]
 [ 12345017.0905 -23075175.9551   3580325.1574]
 [ 24880534.0915  -7085753.814    6961997.8503]
 [  3414050.9314 -24634598.3977  -9067660.7696]
 [ 13549240.8598  -7399380.976   21614932.8969]
 [-11632601.603  -23027513.7037  -6441634.1994]
 [ -4317620.1207 -20540438.244   16289213.139 ]
 [  5698363.7386 -15931790.0217  20203605.4713]]
68973.000
 [[-12336728.0291  -9840994.8483  21326010.9874]
 [ 12345066.3797 -23074650.1791   3583509.791 ]
 [ 24881418.8098  -7085608.1916   6959007.0703]
 [  3414721.0478 -24635579.0965  -9064746.9966]
 [ 13550910.0157  -7397199.8523  21614646.1721]
 [-11631901.4866 -23027019.9874  -6444665.0539]
 [ -4316623.1618 -20542234.6647  16287135.6783]
 [  5699839.5484 -15929642.0089  20204914.604 ]]
68974.000
 [[-12335644.2988  -9843489.4541  21325486.3458]
 [ 12345115.5442 -23074124.0338   3586694.3471]
 [ 24882303.1658  -7085462.589    6956016.146 ]
 [  3415390.9659 -24636559.4946  -9061833.0287]
 [ 13552579.2736  -7395018.8541  21614358.9876]
 [-11631201.1134 -23026526.0076  -6447695.7716]
 [ -4315626.3962 -20544030.9035  16285057.8714]
 [  5701315.5776 -15927493.9491  20206223.2968]]
68975.000
 [[-12334560.7346  -9845984.0601  21324961.2489]
 [ 12345164.5841 -23073597.5191   3589878.8256]
 [ 24883187.1595  -7085317.0061   6953025.0774]
 [  3416060.6859 -24637539.592   -9058918.866 ]
 [ 13554248.6334  -7392837.9813  21614071.3433]
 [-11630500.4834 -23026031.7641  -6450726.3527]
 [ -4314629.8237 -20545826.9604  16282979.7183]
 [  5702791.8262 -15925345.8425  20207531.5494]]
68976.000
 [[-12333477.3366  -9848478.6665  21324435.6968]
 [ 12345213.4995 -23073070.6352   3593063.2265]
 [ 24884070.7909  -7085171.4429   6950033.8646]
 [  3416730.2078 -24638519.3886  -9056004.5086]
 [ 13555918.0952  -7390657.2342  21613783.2394]
 [-11629799.5965 -23025537.2572  -6453756.7971]
 [ -4313633.4443 -20547622.8351  16280901.2191]
 [  5704268.2944 -15923197.689   20208839.362 ]]
68977.000
 [[-12332394.1047  -9850973.273   21323909.6895]
 [ 12345262.2903 -23072543.382    3596247.5496]
 [ 24884954.06    -7085025.8993   6947042.5077]
 [  3417399.5315 -24639498.8844  -9053089.9565]
 [ 13557587.6589  -7388476.6126  21613494.6758]
 [-11629098.4528 -23025042.4867  -6456787.1046]
 [ -4312637.2581 -20549418.5278  16278822.3738]
 [  5705744.982  -15921049.4889  20210146.7344]]
68978.000
 [[-12331311.039   -9853467.8796  21323383.2271]
 [ 12345310.9566 -23072015.7595   3599431.7949]
 [ 24885836.9667  -7084880.3753   6944051.0068]
 [  3418068.6571 -24640478.0794  -9050175.2099]
 [ 13559257.3243  -7386296.1167  21613205.6524]
 [-11628397.0522 -23024547.4528  -6459817.2751]
 [ -4311641.2651 -20551214.0382  16276743.1826]
 [  5707221.8889 -15918901.2421  20211453.6666]]
68979.000
 [[-12330228.1396  -9855962.4862  21322856.3094]
 [ 12345359.4984 -23071487.7677   3602615.9623]
 [ 24886719.511   -7084734.8709   6941059.3619]
 [  3418737.5846 -24641456.9734  -9047260.2688]
 [ 13560927.0915  -7384115.7466  21612916.1694]
 [-11627695.3947 -23024052.1555  -6462847.3086]
 [ -4310645.4653 -20553009.3664  16274663.6453]
 [  5708699.0152 -15916752.9488  20212760.1586]]
68981.000
 [[-12328062.8395  -9860951.6993  21321801.1087]
 [ 12345456.209  -23070430.6762   3608984.0631]
 [ 24888483.5125  -7084443.9204   6935075.6405]
 [  3420074.8456 -24643413.8585  -9041429.8033]
 [ 13564266.931   -7379755.3837  21612335.8244]
 [-11626291.3089 -23023060.7708  -6468906.9645]
 [ -4308654.445  -20556599.4758  16270503.533 ]
 [  5711653.9258 -15912456.2227  20215371.822 ]]
68982.000
 [[-12326980.4388  -9863446.3057  21321272.8256]
 [ 12345504.3779 -23069901.5764   3612167.9964]
 [ 24889364.9696  -7084298.4742   6932083.564 ]
 [  3420743.1792 -24644391.8496  -9038514.279 ]
 [ 13565937.0033  -7377575.3911  21612044.9624]
 [-11625588.8805 -23022564.6835  -6471936.5867]
 [ -4307659.2245 -20558394.257   16268422.958 ]
 [  5713131.7102 -15910307.79    20216676.9933]]
68983.000
 [[-12325898.2044  -9865940.9119  21320744.0874]
 [ 12345552.4226 -23069372.1072   3615351.8517]
 [ 24890246.0643  -7084153.0474   6929091.3437]
 [  3421411.3148 -24645369.5396  -9035598.5604]
 [ 13567607.1772  -7375395.5243  21611753.6407]
 [-11624886.195  -23022068.333   -6474966.0717]
 [ -4306664.1971 -20560188.8556  16266342.0372]
 [  5714609.7138 -15908159.311   20217981.7243]]
68984.000
 [[-12324816.1362  -9868435.5179  21320214.894 ]
 [ 12345600.3432 -23068842.2686   3618535.6287]
 [ 24891126.7966  -7084007.6398   6926098.9797]
 [  3422079.2526 -24646346.9284  -9032682.6475]
 [ 13569277.4526  -7373215.7834  21611461.8593]
 [-11624183.2524 -23021571.7194  -6477995.4195]
 [ -4305669.3627 -20561983.2718  16264260.7706]
 [  5716087.9369 -15906010.7857  20219286.015 ]]
68985.000
 [[-12323734.2343  -9870930.1237  21319685.2455]
 [ 12345648.1397 -23068312.0606   3621719.3276]
 [ 24892007.1665  -7083862.2514   6923106.4721]
 [  3422746.9926 -24647324.0161  -9029766.5405]
 [ 13570947.8296  -7371036.1685  21611169.6183]
 [-11623480.0528 -23021074.8426  -6481024.6299]
 [ -4304674.7214 -20563777.5054  16262179.1582]
 [  5717566.3792 -15903862.2142  20220589.8653]]
68986.000
 [[-12322652.4988  -9873424.729   21319155.1419]
 [ 12345695.8122 -23067781.4833   3624902.948 ]
 [ 24892887.1739  -7083716.8821   6920113.8209]
 [  3423414.5347 -24648300.8026  -9026850.2393]
 [ 13572618.3081  -7368856.6797  21610876.9177]
 [-11622776.596  -23020577.7027  -6484053.703 ]
 [ -4303680.2731 -20565571.5564  16260097.2001]
 [  5719045.0409 -15901713.5966  20221893.2753]]
68987.000
 [[-12321570.9296  -9875919.3338  21318624.5833]
 [ 12345743.3606 -23067250.5366   3628086.49  ]
 [ 24893766.8187  -7083571.532    6917121.0262]
 [  3424081.879  -24649277.2878  -9023933.7442]
 [ 13574288.8879  -7366677.317   21610583.7574]
 [-11622072.8821 -23020080.2998  -6487082.6385]
 [ -4302686.0179 -20567365.4246  16258014.8963]
 [  5720523.9217 -15899564.933   20223196.2449]]
68988.000
 [[-12320489.5269  -9878413.9381  21318093.5696]
 [ 12345790.785  -23066719.2205   3631269.9535]
 [ 24894646.1011  -7083426.201    6914128.0881]
 [  3424749.0256 -24650253.4717  -9021017.0552]
 [ 13575959.5691  -7364498.0805  21610290.1376]
 [-11621368.911  -23019582.6339  -6490111.4364]
 [ -4301691.9557 -20569159.1101  16255932.247 ]
 [  5722003.0218 -15897416.2235  20224498.774 ]]
68989.000
 [[-12319408.2905  -9880908.5417  21317562.1008]
 [ 12345838.0856 -23066187.5349   3634453.3384]
 [ 24895525.0209  -7083280.889    6911135.0067]
 [  3425415.9744 -24651229.3542  -9018100.1722]
 [ 13577630.3516  -7362318.9703  21609996.0581]
 [-11620664.6828 -23019084.705   -6493140.0967]
 [ -4300698.0867 -20570952.6127  16253849.2521]
 [  5723482.341  -15895267.4681  20225800.8626]]
68990.000
 [[-12318327.2205  -9883403.1447  21317030.1769]
 [ 12345885.2623 -23065655.48     3637636.6447]
 [ 24896403.5781  -7083135.5961   6908141.782 ]
 [  3426082.7255 -24652204.9354  -9015183.0955]
 [ 13579301.2354  -7360139.9863  21609701.5189]
 [-11619960.1974 -23018586.5132  -6496168.6192]
 [ -4299704.4106 -20572745.9323  16251765.9118]
 [  5724961.8794 -15893118.6669  20227102.5107]]
68991.000
 [[-12317246.317   -9885897.7469  21316497.7981]
 [ 12345932.3152 -23065123.0556   3640819.8723]
 [ 24897281.7729  -7082990.322    6905148.414 ]
 [  3426749.2789 -24653180.2151  -9012265.825 ]
 [ 13580972.2204  -7357961.1287  21609406.5202]
 [-11619255.4547 -23018088.0586  -6499197.0041]
 [ -4298710.9275 -20574539.0691  16249682.2259]
 [  5726441.637  -15890969.8199  20228403.7184]]
68992.000
 [[-12316165.5798  -9888392.3484  21315964.9641]
 [ 12345979.2443 -23064590.2618   3644003.021 ]
 [ 24898159.605   -7082845.0668   6902154.9029]
 [  3427415.6347 -24654155.1933  -9009348.3608]
 [ 13582643.3066  -7355782.3974  21609111.0619]
 [-11618550.4548 -23017589.3412  -6502225.2511]
 [ -4297717.6374 -20576332.0228  16247598.1946]
 [  5727921.6138 -15888820.9272  20229704.4854]]
68993.000
 [[-12315085.0092  -9890886.949   21315431.6752]
 [ 12346026.0498 -23064057.0986   3647186.091 ]
 [ 24899037.0745  -7082699.8304   6899161.2487]
 [  3428081.7929 -24655129.87    -9006430.7029]
 [ 13584314.4939  -7353603.7926  21608815.144 ]
 [-11617845.1976 -23017090.361   -6505253.3602]
 [ -4296724.5404 -20578124.7935  16245513.8179]
 [  5729401.8097 -15886671.9889  20231004.8119]]
68995.000
 [[-12312924.3673  -9895876.1474  21314363.7324]
 [ 12346119.2899 -23062989.6637   3653551.994 ]
 [ 24900790.9258  -7082409.4139   6893173.5111]
 [  3429413.5166 -24657078.3186  -9000594.8066]
 [ 13587657.1718  -7349246.9623  21608221.9295]
 [-11616433.9111 -23016091.6124  -6511309.1646]
 [ -4294738.9251 -20581709.7854  16241344.0285]
 [  5732362.8588 -15882373.9757  20233604.1431]]
68996.000
 [[-12311844.2961  -9898370.7451  21313829.0785]
 [ 12346165.7247 -23062455.392    3656734.8271]
 [ 24901667.3075  -7082264.2337   6890179.4278]
 [  3430079.0822 -24658052.0904  -8997676.5681]
 [ 13589328.6624  -7347068.7369  21607924.6328]
 [-11615727.8817 -23015591.8442  -6514336.8598]
 [ -4293746.4069 -20583502.0065  16239258.6158]
 [  5733843.7121 -15880224.9009  20234903.1478]]
69000.000
 [[-12307525.6765  -9908349.1246  21311685.9131]
 [ 12346350.2298 -23060314.6101   3669465.3678]
 [ 24905169.2077  -7081683.6982   6878201.6663]
 [  3432739.3707 -24661944.1604  -8986001.6808]
 [ 13596015.634   -7338357.1019  21606730.8507]
 [-11612901.1899 -23013590.1459  -6526446.2588]
 [ -4289778.2629 -20590669.0577  16230913.5131]
 [  5739769.316  -15871628.1487  20240094.7594]]
69001.000
 [[-12306446.438   -9910843.7161  21311148.9844]
 [ 12346396.0478 -23059778.4908   3672647.8046]
 [ 24906043.776   -7081538.6106   6875206.8693]
 [  3433403.9494 -24662916.4233  -8983082.4759]
 [ 13597687.629   -7336179.51    21606431.2563]
 [-11612193.8732 -23013089.0652  -6529473.2627]
 [ -4288786.7093 -20592460.3618  16228826.3747]
 [  5741251.2645 -15869478.8478  20241391.5604]]
69002.000
 [[-12305367.3662  -9913338.3062  21310611.6009]
 [ 12346441.7425 -23059242.002    3675830.162 ]
 [ 24906917.9815  -7081393.5413   6872211.9297]
 [  3434068.3308 -24663888.3842  -8980163.0781]
 [ 13599359.7247  -7334002.0451  21606131.2024]
 [-11611486.299  -23012587.7221  -6532500.1281]
 [ -4287795.3485 -20594251.4822  16226738.8913]
 [  5742733.432  -15867329.5019  20242687.9205]]
69003.000
 [[-12304288.461   -9915832.8948  21310073.7624]
 [ 12346487.3141 -23058705.1437   3679012.4398]
 [ 24907791.8243  -7081248.4903   6869216.8476]
 [  3434732.5148 -24664860.0432  -8977243.4872]
 [ 13601031.921   -7331824.7071  21605830.6889]
 [-11610778.4673 -23012086.1167  -6535526.855 ]
 [ -4286804.1806 -20596042.419   16224651.063 ]
 [  5744215.8184 -15865180.1111  20243983.8398]]
69004.000
 [[-12303209.7225  -9918327.4818  21309535.469 ]
 [ 12346532.7625 -23058167.9159   3682194.6379]
 [ 24908665.3043  -7081103.4576   6866221.6232]
 [  3435396.5017 -24665831.4001  -8974323.7035]
 [ 13602704.218   -7329647.4961  21605529.716 ]
 [-11610070.378  -23011584.2491  -6538553.4432]
 [ -4285813.2055 -20597833.1721  16222562.8897]
 [  5745698.4237 -15863030.6755  20245279.3183]]
69005.000
 [[-12302131.1506  -9920822.0672  21308996.7208]
 [ 12346578.0879 -23057630.3185   3685376.7564]
 [ 24909538.4215  -7080958.4432   6863226.2564]
 [  3436060.2912 -24666802.455   -8971403.7268]
 [ 13604376.6156  -7327470.4122  21605228.2835]
 [-11609362.0311 -23011082.1192  -6541579.8928]
 [ -4284822.4234 -20599623.7413  16220474.3716]
 [  5747181.2479 -15860881.1951  20246574.3558]]
69006.000
 [[-12301052.7455  -9923316.6508  21308457.5177]
 [ 12346623.2903 -23057092.3515   3688558.7951]
 [ 24910411.1759  -7080813.447    6860230.7473]
 [  3436723.8837 -24667773.2077  -8968483.5574]
 [ 13606049.1137  -7325293.4553  21604926.3916]
 [-11608653.4266 -23010579.7271  -6544606.2036]
 [ -4283831.8341 -20601414.1267  16218385.5087]
 [  5748664.291  -15858731.6699  20247868.9523]]
69008.000
 [[-12298896.4352  -9928305.8128  21307377.7469]
 [ 12346713.3263 -23056015.3088   3694922.6331]
 [ 24912155.5963  -7080523.5087   6854239.3024]
 [  3438050.4772 -24669713.8067  -8962642.6402]
 [ 13609394.4115  -7320939.9229  21604321.2292]
 [-11607235.4444 -23009574.1567  -6550658.409 ]
 [ -4281851.2339 -20604994.3458  16214206.7483]
 [  5751631.0341 -15854432.4856  20250456.8227]]
69009.000
 [[-12297818.5301  -9930800.3911  21306837.1792]
 [ 12346758.1601 -23055476.233    3698104.4323]
 [ 24913027.2623  -7080378.5666   6851243.3666]
 [  3438713.4784 -24670683.6529  -8959721.8926]
 [ 13611067.2111  -7318763.3474  21604017.9587]
 [-11606526.0667 -23009070.9784  -6553684.3034]
 [ -4280861.223  -20606784.1794  16212116.8511]
 [  5753114.7339 -15852282.8267  20251750.0963]]
69010.000
 [[-12296740.7918  -9933294.9674  21306296.1567]
 [ 12346802.8711 -23054936.7876   3701286.1514]
 [ 24913898.5654  -7080233.6424   6848247.2889]
 [  3439376.2826 -24671653.1968  -8956800.9524]
 [ 13612740.1111  -7316586.8992  21603714.2289]
 [-11605816.4312 -23008567.5381  -6556710.0588]
 [ -4279871.4049 -20608573.8289  16210026.6091]
 [  5754598.6526 -15850133.1232  20253042.929 ]]
69013.000
 [[-12293508.5775  -9940778.6841  21304670.3604]
 [ 12346936.2678 -23053316.2336   3710830.8281]
 [ 24916510.2973  -7079798.9772   6839258.2038]
 [  3441363.5131 -24674560.0144  -8948036.977 ]
 [ 13617759.4129  -7310058.3187  21602800.2824]
 [-11603685.978  -23007055.6457  -6565786.4906]
 [ -4276903.1071 -20613941.6725  16203753.8157]
 [  5759051.7215 -15843683.7468  20256918.7805]]
69014.000
 [[-12292431.5064  -9943273.2519  21304127.5188]
 [ 12346980.4881 -23052775.3097   3714012.2264]
 [ 24917380.1488  -7079654.1244   6836261.5584]
 [  3442025.5295 -24675528.3487  -8945115.2672]
 [ 13619432.7139  -7307882.3801  21602494.7147]
 [-11602975.3113 -23006551.1578  -6568811.6895]
 [ -4275914.0601 -20615730.5851  16201662.1955]
 [  5760536.5153 -15841533.8662  20258209.8487]]
69016.000
 [[-12290277.8647  -9948262.3806  21303040.4712]
 [ 12347068.5612 -23051692.353    3720374.7818]
 [ 24919118.7629  -7079364.4721   6830267.8427]
 [  3443348.9714 -24677464.1097  -8939271.271 ]
 [ 13622779.6163  -7303530.8857  21601882.201 ]
 [-11601553.2043 -23005541.3969  -6574861.6691]
 [ -4273936.5443 -20619307.857   16197477.9219]
 [  5763506.7591 -15837233.9729  20260790.6616]]
69018.000
 [[-12288124.8906  -9953251.4994  21301951.6047]
 [ 12347156.1445 -23050607.9177   3726737.015 ]
 [ 24920855.9249  -7079074.8903   6824273.5607]
 [  3444671.626  -24679398.6603  -8933426.5066]
 [ 13626126.9188  -7299179.9019  21601267.8496]
 [-11600130.0657 -23004530.5893  -6580911.0908]
 [ -4271959.7996 -20622884.3909  16193292.271 ]
 [  5766477.8776 -15832933.9039  20263369.7094]]
69019.000
 [[-12287048.6539  -9955746.0551  21301406.4894]
 [ 12347199.7527 -23050065.1455   3729918.0107]
 [ 24921723.9615  -7078930.1257   6821276.2074]
 [  3445332.6582 -24680365.4815  -8930503.8362]
 [ 13627800.7201  -7297004.6015  21600959.9848]
 [-11599418.1094 -23004024.7931  -6583935.5924]
 [ -4270971.7162 -20624672.381   16191198.9291]
 [  5767963.7649 -15830783.8036  20264658.5715]]
69020.000
 [[-12285972.5841  -9958240.6082  21300860.9193]
 [ 12347243.2387 -23049522.0035   3733098.9258]
 [ 24922591.6351  -7078785.3784   6818278.7126]
 [  3445993.4938 -24681332.0001  -8927580.9739]
 [ 13629474.6213  -7294829.4288  21600651.6605]
 [-11598705.895  -23003518.7353  -6586959.9545]
 [ -4269983.8254 -20626460.1865  16189105.2428]
 [  5769449.871  -15828633.6594  20265946.9923]]
69022.000
 [[-12283820.9451  -9963229.7067  21299768.4151]
 [ 12347329.8442 -23048434.6104   3739460.5138]
 [ 24924325.8932  -7078495.9361   6812283.2987]
 [  3447314.575  -24683264.129   -8921734.6735]
 [ 13632822.7235  -7290479.4667  21600033.6339]
 [-11597280.692  -23002505.8354  -6593008.2597]
 [ -4268008.6218 -20630035.2433  16184916.8377]
 [  5772422.7391 -15824333.2398  20268522.5099]]
69023.000
 [[-12282745.376   -9965724.2519  21299221.481 ]
 [ 12347372.9638 -23047890.3592   3742641.1865]
 [ 24925192.4776  -7078351.2408   6809285.3798]
 [  3447974.8208 -24684229.7391  -8918811.2356]
 [ 13634496.9244  -7288304.6774  21599723.9315]
 [-11596567.7032 -23001998.9934  -6596032.2026]
 [ -4267021.3089 -20631822.4945  16182822.1189]
 [  5773909.5011 -15822182.9646  20269809.6067]]
69024.000
 [[-12281669.974   -9968218.7942  21298674.0922]
 [ 12347415.9613 -23047345.7383   3745821.7781]
 [ 24926058.699   -7078206.5629   6806287.3198]
 [  3448634.8699 -24685195.0464  -8915887.606 ]
 [ 13636171.225   -7286130.0162  21599413.7697]
 [-11595854.4564 -23001491.89    -6599056.0057]
 [ -4266034.1887 -20633609.5608  16180727.0561]
 [  5775396.4817 -15820032.646   20271096.2621]]
69027.000
 [[-12278444.7699  -9975702.4031  21297029.198 ]
 [ 12347544.2221 -23045709.6571   3755363.0665]
 [ 24928655.1845  -7077772.6321   6797292.2934]
 [  3450613.8383 -24688089.1502  -8907115.5679]
 [ 13641194.7247  -7279606.8007  21598480.5283]
 [-11593713.167  -22999969.012   -6608126.5749]
 [ -4263073.9837 -20638969.6497  16174439.8036]
 [  5779858.7348 -15813581.4297  20274953.5794]]
69028.000
 [[-12277370.036   -9978196.9333  21296479.9907]
 [ 12347586.732  -23045163.5572   3758543.3335]
 [ 24929519.9534  -7077628.0227   6794293.6693]
 [  3451273.1015 -24689053.2454  -8904191.1722]
 [ 13642869.4238  -7277432.6518  21598168.5291]
 [-11592998.8874 -22999460.8636  -6611149.8177]
 [ -4262087.6339 -20640755.9758  16172343.365 ]
 [  5781346.5896 -15811430.9377  20276238.4688]]
69029.000
 [[-12276295.4691  -9980691.4603  21295930.3288]
 [ 12347629.1201 -23044617.0875   3761723.5193]
 [ 24930384.3592  -7077483.4303   6791294.9042]
 [  3451932.1683 -24690017.0374  -8901266.5851]
 [ 13644544.2225  -7275258.631   21597856.0705]
 [-11592284.3496 -22998952.4541  -6614172.9205]
 [ -4261101.4766 -20642542.1167  16170246.5824]
 [  5782834.6629 -15809280.4026  20277522.9167]]
69033.000
 [[-12271998.8722  -9990669.5361  21293727.1353]
 [ 12347797.4562 -23042427.5103   3774443.4481]
 [ 24933838.3505  -7076905.2293   6779298.4361]
 [  3454566.4728 -24693869.1736  -8889566.3238]
 [ 13651244.4118  -7266563.8306  21596601.6431]
 [-11589423.6145 -22996916.2058  -6626263.9287]
 [ -4257158.7727 -20649684.8276  16161856.0141]
 [  5788789.1412 -15800677.8313  20282656.2926]]
69034.000
 [[-12270925.1408  -9993164.0465  21293175.2005]
 [ 12347839.2363 -23041879.1914   3777623.2264]
 [ 24934700.9403  -7076760.721    6776298.9675]
 [  3455224.5582 -24694831.4494  -8886640.7807]
 [ 13652919.7076  -7264390.4515  21596286.888 ]
 [-11588707.7848 -22996406.4914  -6629286.3297]
 [ -4256173.5779 -20651470.0418  16159757.5127]
 [  5790278.3069 -15798527.0812  20283938.5324]]
69035.000
 [[-12269851.5766  -9995658.5534  21292622.8112]
 [ 12347880.895  -23041330.5027   3780802.9229]
 [ 24935563.1669  -7076616.2294   6773299.3584]
 [  3455882.4475 -24695793.4218  -8883715.0465]
 [ 13654595.1025  -7262217.2008  21595971.6736]
 [-11587991.6967 -22995896.5161  -6632308.5901]
 [ -4255188.5757 -20653255.0705  16157658.6678]
 [  5791767.691  -15796376.2883  20285220.3306]]
69036.000
 [[-12268778.1796  -9998153.0565  21292069.9674]
 [ 12347922.4322 -23040781.4441   3783982.5376]
 [ 24936425.0301  -7076471.7545   6770299.6089]
 [  3456540.1406 -24696755.0907  -8880789.1214]
 [ 13656270.5967  -7260044.0788  21595655.9998]
 [-11587275.3501 -22995386.28    -6635330.7098]
 [ -4254203.766  -20655039.9135  16155559.4793]
 [  5793257.2935 -15794225.4529  20286501.687 ]]
69037.000
 [[-12267704.9498 -10000647.556   21291516.6691]
 [ 12347963.8481 -23040232.0157   3787162.0703]
 [ 24937286.5301  -7076327.2963   6767299.719 ]
 [  3457197.6375 -24697716.4562  -8877863.0055]
 [ 13657946.19    -7257871.0854  21595339.8669]
 [-11586558.7451 -22994875.7832  -6638352.6888]
 [ -4253219.1488 -20656824.5708  16153459.9474]
 [  5794747.1143 -15792074.5748  20287782.6016]]
69038.000
 [[-12266631.8872 -10003142.0517  21290962.9163]
 [ 12348005.1426 -23039682.2175   3790341.5211]
 [ 24938147.6668  -7076182.8545   6764299.6888]
 [  3457854.9383 -24698677.5181  -8874936.6988]
 [ 13659621.8825  -7255698.2206  21595023.2746]
 [-11585841.8816 -22994365.0256  -6641374.527 ]
 [ -4252234.7241 -20658609.0424  16151360.072 ]
 [  5796237.1534 -15789923.6542  20289063.0745]]
69039.000
 [[-12265558.9919 -10005636.5436  21290408.709 ]
 [ 12348046.3159 -23039132.0494   3793520.8899]
 [ 24939008.4401  -7076038.4293   6761299.5184]
 [  3458512.0431 -24699638.2765  -8872010.2014]
 [ 13661297.674   -7253525.4846  21594706.2231]
 [-11585124.7596 -22993854.0074  -6644396.2244]
 [ -4251250.4919 -20660393.3282  16149259.8531]
 [  5797727.4108 -15787772.6911  20290343.1055]]
69040.000
 [[-12264486.2639 -10008131.0316  21289854.0472]
 [ 12348087.368  -23038581.5114   3796700.1766]
 [ 24939868.8502  -7075894.0206   6758299.2078]
 [  3459168.9518 -24700598.7313  -8869083.5132]
 [ 13662973.5645  -7251352.8773  21594388.7123]
 [-11584407.3791 -22993342.7285  -6647417.7808]
 [ -4250266.4521 -20662177.4282  16147159.2909]
 [  5799217.8865 -15785621.6856  20291622.6947]]
69041.000
 [[-12263413.7031 -10010625.5156  21289298.931 ]
 [ 12348128.299  -23038030.6035   3799879.3811]
 [ 24940728.8968  -7075749.6282   6755298.7571]
 [  3459825.6645 -24701558.8824  -8866156.6345]
 [ 13664649.554   -7249180.3988  21594070.7423]
 [-11583689.7399 -22992831.1891  -6650439.1963]
 [ -4249282.6047 -20663961.3422  16145058.3853]
 [  5800708.5805 -15783470.6378  20292901.8421]]
69042.000
 [[-12262341.3095 -10013119.9956  21288743.3603]
 [ 12348169.1089 -23037479.3257   3803058.5034]
 [ 24941588.5802  -7075605.2521   6752298.1663]
 [  3460482.1813 -24702518.7298  -8863229.5652]
 [ 13666325.6424  -7247008.0492  21593752.313 ]
 [-11582971.8421 -22992319.3891  -6653460.4708]
 [ -4248298.9497 -20665745.0703  16142957.1365]
 [  5802199.4928 -15781319.5477  20294180.5475]]
69043.000
 [[-12261269.0833 -10015614.4716  21288187.3352]
 [ 12348209.7977 -23036927.678    3806237.5435]
 [ 24942447.9001  -7075460.8924   6749297.4356]
 [  3461138.5021 -24703478.2734  -8860302.3054]
 [ 13668001.8297  -7244835.8284  21593433.4245]
 [-11582253.6857 -22991807.3286  -6656481.6042]
 [ -4247315.4872 -20667528.6124  16140855.5443]
 [  5803690.6234 -15779168.4154  20295458.811 ]]
69045.000
 [[-12259125.1328 -10020603.4111  21287073.9217]
 [ 12348290.8126 -23035823.2729   3812595.3764]
 [ 24944165.4499  -7075172.2216   6743295.5542]
 [  3462450.5561 -24705396.4494  -8854447.2145]
 [ 13671354.5009  -7240491.7738  21592794.2698]
 [-11580816.5969 -22990782.4265  -6662523.4475]
 [ -4245349.1392 -20671095.1383  16136651.3304]
 [  5806673.5392 -15774866.0245  20298014.0123]]
69046.000
 [[-12258053.4086 -10023097.8745  21286516.5334]
 [ 12348331.1387 -23035270.5154   3815774.1692]
 [ 24945023.6796  -7075027.9104   6740294.4037]
 [  3463106.2894 -24706355.0815  -8851519.3835]
 [ 13673030.9847  -7238319.9399  21592474.0036]
 [-11580097.6644 -22990269.5849  -6665544.1573]
 [ -4244366.2538 -20672878.122   16134548.7087]
 [  5808165.3245 -15772714.7659  20299290.9499]]
69047.000
 [[-12256981.8518 -10025592.3335  21285958.6906]
 [ 12348371.3439 -23034717.3879   3818952.8795]
 [ 24945881.546   -7074883.6153   6737293.1135]
 [  3463761.8269 -24707313.4098  -8848591.3624]
 [ 13674707.5672  -7236148.2352  21592153.2782]
 [-11579378.4732 -22989756.4829  -6668564.7257]
 [ -4243383.5607 -20674660.9195  16132445.7439]
 [  5809657.3279 -15770563.4654  20300567.4455]]
69048.000
 [[-12255910.4623 -10028086.7882  21285400.3935]
 [ 12348411.4284 -23034163.8905   3822131.507 ]
 [ 24946739.0488  -7074739.3363   6734291.6836]
 [  3464417.1686 -24708271.4341  -8845663.151 ]
 [ 13676384.2483  -7233976.6597  21591832.0936]
 [-11578659.0232 -22989243.1208  -6671585.1527]
 [ -4242401.06   -20676443.5306  16130342.4361]
 [  5811149.5494 -15768412.1231  20301843.4991]]
69049.000
 [[-12254839.2402 -10030581.2384  21284841.642 ]
 [ 12348451.3922 -23033610.0232   3825310.0519]
 [ 24947596.1882  -7074595.0732   6731290.1141]
 [  3465072.3146 -24709229.1543  -8842734.7495]
 [ 13678061.0281  -7231805.2133  21591510.4499]
 [-11577939.3144 -22988729.4984  -6674605.4382]
 [ -4241418.7516 -20678225.9554  16128238.7853]
 [  5812641.9891 -15766260.739   20303119.1105]]
69050.000
 [[-12253768.1856 -10033075.684   21284282.4362]
 [ 12348491.2353 -23033055.7859   3828488.514 ]
 [ 24948452.9641  -7074450.8261   6728288.4051]
 [  3465727.2648 -24710186.5705  -8839806.158 ]
 [ 13679737.9064  -7229633.8962  21591188.3469]
 [-11577219.3468 -22988215.6158  -6677625.5822]
 [ -4240436.6355 -20680008.1937  16126134.7916]
 [  5814134.647  -15764109.3132  20304394.2799]]
69051.000
 [[-12252697.2984 -10035570.1251  21283722.776 ]
 [ 12348530.9578 -23032501.1786   3831666.8932]
 [ 24949309.3765  -7074306.5949   6725286.5565]
 [  3466382.0194 -24711143.6827  -8836877.3765]
 [ 13681414.8833  -7227462.7084  21590865.7848]
 [-11576499.1204 -22987701.4732  -6680645.5845]
 [ -4239454.7118 -20681790.2455  16124030.4549]
 [  5815627.5229 -15761957.8457  20305669.0072]]
69052.000
 [[-12251626.5787 -10038064.5615  21283162.6615]
 [ 12348570.5597 -23031946.2013   3834845.1896]
 [ 24950165.4254  -7074162.3796   6722284.5686]
 [  3467036.5784 -24712100.4906  -8833948.4051]
 [ 13683091.9586  -7225291.65    21590542.7635]
 [-11575778.6351 -22987187.0704  -6683665.4452]
 [ -4238472.9804 -20683572.1108  16121925.7754]
 [  5817120.6169 -15759806.3367  20306943.2922]]
69054.000
 [[-12249485.6416 -10043053.42    21282041.0696]
 [ 12348649.4021 -23030835.1367   3841201.5332]
 [ 24951876.4326  -7073873.9962   6716280.1745]
 [  3468345.1096 -24714013.194   -8828089.8928]
 [ 13686446.4046  -7220949.9213  21589895.3434]
 [-11574336.8878 -22986157.4849  -6689704.7413]
 [ -4236510.0944 -20687135.2814  16117715.3879]
 [  5820107.4591 -15755503.194   20309490.5358]]
69055.000
 [[-12248415.4243 -10045547.8421  21281479.5922]
 [ 12348688.6427 -23030279.0494   3844379.5804]
 [ 24952731.3909  -7073729.828    6713277.7686]
 [  3468999.0819 -24714969.0893  -8825160.3519]
 [ 13688123.7751  -7218779.2511  21589570.9446]
 [-11573615.6257 -22985642.3022  -6692724.1766]
 [ -4235528.9397 -20688916.5867  16115609.68  ]
 [  5821601.2073 -15753351.5606  20310763.4943]]
69056.000
 [[-12247345.3745 -10048042.2592  21280917.6605]
 [ 12348727.763  -23029722.5921   3847557.5444]
 [ 24953585.9856  -7073585.6755   6710275.2234]
 [  3469652.8588 -24715924.6803  -8822230.6214]
 [ 13689801.2439  -7216608.7105  21589246.0867]
 [-11572894.1046 -22985126.8597  -6695743.4701]
 [ -4234547.9774 -20690697.7052  16113503.6294]
 [  5823095.1735 -15751199.8858  20312036.0105]]
69057.000
 [[-12246275.4923 -10050536.6714  21280355.2745]
 [ 12348766.763  -23029165.7647   3850735.4252]
 [ 24954440.2168  -7073441.5385   6707272.5392]
 [  3470306.4401 -24716879.9669  -8819300.7013]
 [ 13691478.811   -7214438.2994  21588920.7697]
 [-11572172.3245 -22984611.1573  -6698762.6215]
 [ -4233567.2072 -20692478.6369  16111397.2361]
 [  5824589.3577 -15749048.1698  20313308.0844]]
69058.000
 [[-12245205.7775 -10053031.0786  21279792.4342]
 [ 12348805.6427 -23028608.5673   3853913.2226]
 [ 24955294.0843  -7073297.4171   6704269.7158]
 [  3470959.8261 -24717834.9491  -8816370.5916]
 [ 13693156.4764  -7212268.018   21588594.9935]
 [-11571450.2854 -22984095.1951  -6701781.6309]
 [ -4232586.6293 -20694259.3817  16109290.5002]
 [  5826083.7599 -15746896.4126  20314579.716 ]]
69059.000
 [[-12244136.2304 -10055525.4806  21279229.1398]
 [ 12348844.4023 -23028050.9998   3857090.9367]
 [ 24956147.5882  -7073153.3112   6701266.7535]
 [  3471613.0167 -24718789.6269  -8813440.2924]
 [ 13694834.2399  -7210097.8662  21588268.7582]
 [-11570727.9872 -22983578.9731  -6704800.4981]
 [ -4231606.2436 -20696039.9395  16107183.4217]
 [  5827578.3801 -15744744.6143  20315850.9053]]
69060.000
 [[-12243066.8508 -10058019.8775  21278665.3911]
 [ 12348883.0417 -23027493.0623   3860268.5673]
 [ 24957000.7285  -7073009.2207   6698263.6522]
 [  3472266.0119 -24719744.0001  -8810509.8038]
 [ 13696512.1015  -7207927.8442  21587942.0638]
 [-11570005.4299 -22983062.4915  -6707819.2232]
 [ -4230626.0501 -20697820.3103  16105076.0007]
 [  5829073.2182 -15742592.7749  20317121.6522]]
69061.000
 [[-12241997.6389 -10060514.2691  21278101.1881]
 [ 12348921.561  -23026934.7547   3863446.1144]
 [ 24957853.5051  -7072865.1456   6695260.412 ]
 [  3472918.8118 -24720698.0689  -8807579.1259]
 [ 13698190.0612  -7205757.952   21587614.9103]
 [-11569282.6136 -22982545.7502  -6710837.806 ]
 [ -4229646.0488 -20699600.494   16102968.2373]
 [  5830568.2742 -15740440.8946  20318391.9567]]
69062.000
 [[-12240928.5946 -10063008.6554  21277536.531 ]
 [ 12348959.9603 -23026376.0771   3866623.5778]
 [ 24958705.9181  -7072721.0858   6692257.0331]
 [  3473571.4163 -24721651.833   -8804648.2586]
 [ 13699868.1189  -7203588.1897  21587287.2977]
 [-11568559.5381 -22982028.7493  -6713856.2465]
 [ -4228666.2397 -20701380.4906  16100860.1314]
 [  5832063.5481 -15738288.9733  20319661.8188]]
69063.000
 [[-12239859.7179 -10065503.0364  21276971.4196]
 [ 12348998.2397 -23025817.0293   3869800.9576]
 [ 24959557.9673  -7072577.0413   6689253.5153]
 [  3474223.8257 -24722605.2926  -8801717.2022]
 [ 13701546.2746  -7201418.5572  21586959.226 ]
 [-11567836.2034 -22981511.4888  -6716874.5447]
 [ -4227686.6227 -20703160.3     16098751.6831]
 [  5833559.0399 -15736137.0113  20320931.2384]]
69064.000
 [[-12238791.0088 -10067997.4119  21276405.8541]
 [ 12349036.3991 -23025257.6115   3872978.2537]
 [ 24960409.6529  -7072433.0121   6686249.8589]
 [  3474876.0398 -24723558.4474  -8798785.9565]
 [ 13703224.5282  -7199249.0546  21586630.6953]
 [-11567112.6096 -22980993.9688  -6719892.7004]
 [ -4226707.1979 -20704939.9221  16096642.8924]
 [  5835054.7496 -15733985.0084  20322200.2156]]
69065.000
 [[-12237722.4674 -10070491.782   21275839.8344]
 [ 12349074.4386 -23024697.8235   3876155.466 ]
 [ 24961260.9748  -7072288.998    6683246.0639]
 [  3475528.0587 -24724511.2976  -8795854.5217]
 [ 13704902.8798  -7197079.682   21586301.7055]
 [-11566388.7565 -22980476.1893  -6722910.7136]
 [ -4225727.9653 -20706719.3569  16094533.7594]
 [  5836550.6771 -15731832.9649  20323468.7502]]
69067.000
 [[-12235585.8877 -10075480.5054  21274706.4326]
 [ 12349150.1584 -23023577.1373   3882509.6388]
 [ 24962962.5274  -7072001.0152   6677238.0581]
 [  3476831.5112 -24726416.0836  -8789991.0851]
 [ 13708259.8764  -7192741.327   21585642.3486]
 [-11564940.2726 -22979439.8521  -6728946.3123]
 [ -4223770.0763 -20710277.6644  16090314.4667]
 [  5839543.1857 -15727528.7559  20326004.492 ]]
