67875.000000 1.256637 5.000000 2.654547 2.924218 2.959151
67884.000000 1.256637 5.000000 2.452843 2.671045 2.961614
67885.000000 -1.884956 5.000000 4.939631 4.939631 5.180109
67886.000000 -1.884956 5.000000 4.940260 4.940260 5.180911
67888.000000 -1.884956 5.000000 4.941520 4.941520 5.182518
67889.000000 -1.884956 5.000000 4.942150 4.942150 5.183321
67890.000000 -1.884956 5.000000 4.942781 4.942781 5.184126
67891.000000 -1.884956 5.000000 4.943412 4.943412 5.184931
67893.000000 -1.884956 5.000000 4.944676 4.944676 5.186544
67894.000000 -1.884956 5.000000 4.945309 4.945309 5.187352
67895.000000 -1.884956 5.000000 4.945942 4.945942 5.188158
67897.000000 -1.884956 5.000000 4.947210 4.947210 5.189776
67898.000000 -1.884956 5.000000 4.947845 4.947845 5.190585
67899.000000 -1.884956 5.000000 4.948480 4.948480 5.191396
67900.000000 -1.884956 5.000000 4.949115 4.949116 5.192206
67902.000000 -1.884956 5.000000 4.950388 4.950388 5.193829
67903.000000 -1.884956 5.000000 4.951025 4.951025 5.194641
67905.000000 -1.884956 5.000000 4.952300 4.952300 5.196268
67906.000000 -1.884956 5.000000 4.952939 4.952939 5.197083
67907.000000 -1.884956 5.000000 4.953577 4.953577 5.197897
67909.000000 -1.884956 5.000000 4.954857 4.954857 5.199529
