67875.000
 [[-13622338.6176  -7116114.9088  21625529.762 ]
 [ 11788877.0595  -9856151.0193  21651727.9291]
 [ 12204428.62   -23432567.0771     55375.3462]
 [ -5529392.9333 -18473441.9878  18350832.3842]
 [  4214533.4569 -18244760.1813  18509073.3483]]
67884.000
 [[-13611066.1769  -7138223.694   21625331.1275]
 [ 11802674.612   -9835570.5579  21653686.2499]
 [ 12206375.0633 -23431387.6773     84426.4228]
 [ -5518482.705  -18491074.9043  18335752.8555]
 [  4225591.2487 -18226259.1368  18525018.4203]]
67885.000
 [[-13609814.3843  -7140680.5674  21625306.7491]
 [ 11804208.3983  -9833284.172   21653901.5354]
 [ 12206590.4361 -23431254.8809     87654.3119]
 [ -5517271.4494 -18493033.5394  18334075.4143]
 [  4226821.0426 -18224202.8557  18526788.0725]]
67886.000
 [[-13608562.7319  -7143137.509   21625281.909 ]
 [ 11805742.3295  -9830997.8527  21654116.3597]
 [ 12206805.6294 -23431121.7341     90882.1991]
 [ -5516060.3922 -18494992.0587  18332397.5856]
 [  4228051.0666 -18222146.453   18528557.3201]]
67888.000
 [[-13606059.8479  -7148051.5963  21625230.8442]
 [ 11808810.6265  -9826425.4142  21654544.6249]
 [ 12207235.4775 -23430854.3888     97337.9677]
 [ -5513638.8731 -18498908.7496  18329040.766 ]
 [  4230511.805  -18218033.2828  18532094.6013]]
67889.000
 [[-13604808.6163  -7150508.742   21625204.6195]
 [ 11810344.9921  -9824139.2951  21654758.0658]
 [ 12207450.1324 -23430720.1902    100565.8489]
 [ -5512428.411  -18500866.9212  18327361.775 ]
 [  4231742.5193 -18215976.5155  18533862.6349]]
67890.000
 [[-13603557.5252  -7152965.9556  21625177.9331]
 [ 11811879.5026  -9821853.2428  21654971.0454]
 [ 12207664.608  -23430585.6412    103793.7279]
 [ -5511218.1474 -18502824.9768  18325682.3968]
 [  4232973.4637 -18213919.6267  18535630.2637]]
67891.000
 [[-13602306.5744  -7155423.237   21625150.7852]
 [ 11813414.1577  -9819567.2574  21655183.564 ]
 [ 12207878.9042 -23430450.7415    107021.6047]
 [ -5510008.0823 -18504782.9162  18324002.6312]
 [  4234204.6381 -18211862.6167  18537397.4877]]
67893.000
 [[-13599805.0943  -7160338.0029  21625095.1045]
 [ 11816483.9018  -9814995.4877  21655607.2174]
 [ 12208306.9589 -23430179.8902    113477.3511]
 [ -5507588.5472 -18508698.4465  18320641.9382]
 [  4236667.6772 -18207748.2331  18540930.721 ]]
67894.000
 [[-13598554.5649  -7162795.4875  21625066.5718]
 [ 11818018.9909  -9812709.7033  21655818.3524]
 [ 12208520.7175 -23430043.9385    116705.2207]
 [ -5506379.0772 -18510656.0372  18318961.0109]
 [  4237899.5418 -18205690.8596  18542696.7303]]
67895.000
 [[-13597304.176   -7165253.0397  21625037.5776]
 [ 11819554.2245  -9810423.9861  21656029.0261]
 [ 12208734.297  -23429907.6361    119933.0879]
 [ -5505169.8056 -18512613.5117  18317279.6963]
 [  4239131.6366 -18203633.365   18544462.3347]]
67897.000
 [[-13594803.82    -7170168.3467  21624978.2043]
 [ 11822625.1253  -9805852.7533  21656448.9901]
 [ 12209160.9188 -23429633.9791    126388.8143]
 [ -5502751.8578 -18516528.1112  18313915.9059]
 [  4241596.5162 -18199518.013   18547992.3284]]
67898.000
 [[-13593553.8529  -7172626.1013  21624947.8253]
 [ 11824160.7924  -9803567.2378  21656658.2802]
 [ 12209373.9612 -23429496.6244    129616.6734]
 [ -5501543.1814 -18518485.2363  18312233.43  ]
 [  4242829.3012 -18197460.1556  18549756.7177]]
67899.000
 [[-13592304.0264  -7175083.9233  21624916.9847]
 [ 11825696.604   -9801281.7897  21656867.1092]
 [ 12209586.8247 -23429358.919     132844.5298]
 [ -5500334.7035 -18520442.2447  18310550.5671]
 [  4244062.3161 -18195402.1776  18551520.7019]]
67900.000
 [[-13591054.3405  -7177541.8126  21624885.6825]
 [ 11827232.56    -9798996.4089  21657075.4769]
 [ 12209799.5093 -23429220.8627    136072.3832]
 [ -5499126.424  -18522399.1365  18308867.3171]
 [  4245295.5612 -18193344.0788  18553284.281 ]]
67902.000
 [[-13588555.391   -7182457.7928  21624821.6934]
 [ 11830304.9049  -9794425.8501  21657490.8288]
 [ 12210224.3419 -23428943.6975    142528.0812]
 [ -5496710.4604 -18526312.5697  18305499.6564]
 [  4247762.7413 -18189227.5195  18556810.2234]]
67903.000
 [[-13587306.1274  -7184915.8836  21624789.0065]
 [ 11831841.2939  -9792140.6721  21657697.8129]
 [ 12210436.4901 -23428804.5886    145755.9256]
 [ -5495502.7762 -18528269.1111  18303815.2457]
 [  4248996.6764 -18187169.0591  18558572.5867]]
67905.000
 [[-13584808.0226  -7189832.2663  21624722.248 ]
 [ 11834914.5045  -9787570.519   21658110.3974]
 [ 12210860.2504 -23428525.318     152211.6048]
 [ -5493088.0032 -18532181.8431  18300445.2636]
 [  4251465.2368 -18183051.7771  18562096.0975]]
67906.000
 [[-13583559.1814  -7192290.5581  21624688.1764]
 [ 11836451.3261  -9785285.5441  21658315.9978]
 [ 12211071.8627 -23428385.1562    155439.4396]
 [ -5491880.9143 -18534138.0336  18298759.6923]
 [  4252699.862  -18180992.9557  18563857.2448]]
67907.000
 [[-13582310.4811  -7194748.9168  21624653.6431]
 [ 11837988.2919  -9783000.637   21658521.1369]
 [ 12211283.2963 -23428244.6434    158667.2709]
 [ -5490674.0239 -18536094.107   18297073.7343]
 [  4253934.7173 -18178934.014   18565617.9868]]
67909.000
 [[-13579813.5032  -7199665.8346  21624583.192 ]
 [ 11841062.6558  -9778431.0265  21658930.0315]
 [ 12211705.6283 -23427962.5648    165122.9234]
 [ -5488260.8382 -18540005.9023  18293700.6579]
 [  4256405.1179 -18174815.7702  18569138.2543]]
