68722.000 [  856541.93232303 -4842966.81077968  4047985.15671625] [-0.30901699  0.95105652  0.        ]
68724.000 [  856542.16298819 -4842968.02805724  4047983.73358375] [-0.30901699 -0.95105652  0.        ]
68726.000 [  856543.134977   -4842968.25092031  4047984.18948376] [ 0.30901699 -0.95105652  0.        ]
68727.000 [  856542.48408822 -4842968.33795726  4047984.18538376] [-0.30901699 -0.95105652  0.        ]
68729.000 [  856542.74777697 -4842967.87082032  4047983.67398375] [ 0.30901699 -0.95105652  0.        ]
68731.000 [  856543.12886848 -4842967.57140074  4047983.96190366] [ 0.80901699 -0.58778525  0.        ]
68733.000 [  856543.19291734 -4842967.19943984  4047984.4148    ] [ 1.  0.  0.]
68736.000 [  856542.90133765 -4842966.8583022   4047984.84419634] [ 0.80901699  0.58778525  0.        ]
68738.000 [  856543.21811734 -4842967.16513984  4047984.43      ] [ 1.  0.  0.]
68739.000 [  856543.12266848 -4842967.56770074  4047983.96820367] [ 0.80901699 -0.58778525  0.        ]
68743.000 [  856543.26056849 -4842967.53210072  4047983.95420366] [ 0.80901699 -0.58778525  0.        ]
68745.000 [  856543.20626848 -4842967.57320072  4047983.92460366] [ 0.80901699 -0.58778525  0.        ]
