66135.000
 [[-12715153.8624 -23219353.8252   2456522.673 ]
 [  9367742.1233 -13882638.3597  20578837.4869]
 [ -7934464.2109 -14943589.7629  20650115.7354]
 [ 21006785.9678  -7759557.1498  14638781.3744]
 [  2423638.7382 -21576511.6216  14847875.9476]]
66136.000
 [[-12715036.7589 -23219754.0493   2453370.1191]
 [  9368980.6365 -13880328.541   20579844.4373]
 [ -7932919.0929 -14945656.2351  20649159.4265]
 [ 21008587.4466  -7759169.4186  14636436.0608]
 [  2424474.4894 -21574770.0523  14850287.6307]]
66137.000
 [[-12714919.5117 -23220153.9214   2450217.5133]
 [  9370219.3365 -13878018.6806  20580850.9485]
 [ -7931374.1522 -14947722.699   20648202.685 ]
 [ 21010388.6564  -7758781.8299  14634090.4425]
 [  2425310.4545 -21573028.2472  14852698.9884]]
66139.000
 [[-12714684.5857 -23220952.6098   2443912.1456]
 [  9372697.2967 -13873398.8351  20582862.6532]
 [ -7928284.8032 -14951855.6018  20646287.9042]
 [ 21013990.2688  -7758007.0797  14629398.2921]
 [  2426983.026  -21569543.9294  14857520.7277]]
66140.000
 [[-12714566.9068 -23221351.4261   2440759.384 ]
 [  9373936.5569 -13871088.85    20583867.8467]
 [ -7926740.3949 -14953922.0406  20645329.865 ]
 [ 21015790.6713  -7757619.9183  14627051.7601]
 [  2427819.6326 -21567801.417   14859931.1092]]
66141.000
 [[-12714449.0841 -23221749.8904   2437606.5706]
 [  9375176.0039 -13868778.8235  20584872.601 ]
 [ -7925196.164  -14955988.4709  20644371.3932]
 [ 21017590.8046  -7757232.8991  14624704.9235]
 [  2428656.453  -21566058.6689  14862341.1651]]
66142.000
 [[-12714331.1173 -23222148.0028   2434453.7055]
 [  9376415.6376 -13866468.7556  20585876.9159]
 [ -7923652.1107 -14958054.8926  20643412.4889]
 [ 21019390.6687  -7756846.0223  14622357.7826]
 [  2429493.4874 -21564315.6853  14864750.8955]]
66143.000
 [[-12714213.0065 -23222545.7634   2431300.7887]
 [  9377655.458  -13864158.6464  20586880.7915]
 [ -7922108.2349 -14960121.3058  20642453.1521]
 [ 21021190.2634  -7756459.2878  14620010.3372]
 [  2430330.7356 -21562572.4661  14867160.3003]]
66144.000
 [[-12714094.7516 -23222943.1721   2428147.8203]
 [  9378895.4651 -13861848.4959  20587884.2278]
 [ -7920564.5367 -14962187.7102  20641493.3829]
 [ 21022989.5889  -7756072.6955  14617662.5875]
 [  2431168.1979 -21560829.0115  14869569.3794]]
66145.000
 [[-12713976.3525 -23223340.2289   2424994.8005]
 [  9380135.6589 -13859538.3042  20588887.2248]
 [ -7919021.016  -14964254.106   20640533.1812]
 [ 21024788.6449  -7755686.2454  14615314.5335]
 [  2432005.8741 -21559085.3214  14871978.1328]]
66146.000
 [[-12713857.8092 -23223736.9338   2421841.7291]
 [  9381376.0394 -13857228.0713  20589889.7824]
 [ -7917477.6729 -14966320.4929  20639572.547 ]
 [ 21026587.4315  -7755299.9375  14612966.1753]
 [  2432843.7643 -21557341.396   14874386.5604]]
66147.000
 [[-12713739.1217 -23224133.287    2418688.6064]
 [  9382616.6065 -13854917.7975  20590891.9005]
 [ -7915934.5075 -14968386.871   20638611.4804]
 [ 21028385.9487  -7754913.7717  14610617.5128]
 [  2433681.8685 -21555597.2354  14876794.6622]]
66148.000
 [[-12713620.2899 -23224529.2883   2415535.4324]
 [  9383857.3603 -13852607.4826  20591893.5793]
 [ -7914391.5197 -14970453.2402  20637649.9814]
 [ 21030184.1963  -7754527.7481  14608268.5463]
 [  2434520.1867 -21553852.8395  14879202.4381]]
66149.000
 [[-12713501.3138 -23224924.9378   2412382.2071]
 [  9385098.3006 -13850297.1268  20592894.8186]
 [ -7912848.7095 -14972519.6004  20636688.0501]
 [ 21031982.1743  -7754141.8666  14605919.2757]
 [  2435358.7189 -21552108.2085  14881609.8881]]
66151.000
 [[-12713262.9283 -23225715.1814   2406075.6032]
 [  9387580.7412 -13845676.2928  20594895.9788]
 [ -7909763.6224 -14976652.2936  20634762.8902]
 [ 21035577.3213  -7753370.5296  14601219.8223]
 [  2437036.4256 -21548618.2413  14886423.8099]]
66152.000
 [[-12713143.5188 -23226109.7755   2402922.2246]
 [  9388822.2413 -13843365.8146  20595895.8997]
 [ -7908221.3454 -14978718.6266  20633799.6618]
 [ 21037374.4903  -7752985.0741  14598869.6397]
 [  2437875.6002 -21546872.9052  14888830.2818]]
66152.000
 [[-12713143.5188 -23226109.7755   2402922.2246]
 [  9388822.2413 -13843365.8146  20595895.8997]
 [ -7908221.3454 -14978718.6266  20633799.6618]
 [ 21037374.4903  -7752985.0741  14598869.6397]
 [  2437875.6002 -21546872.9052  14888830.2818]]
66153.000
 [[-12713023.9648 -23226504.018    2399768.795 ]
 [  9390063.9281 -13841055.2958  20596895.3811]
 [ -7906679.2462 -14980784.9503  20632836.001 ]
 [ 21039171.3896  -7752599.7606  14596519.1532]
 [  2438714.9888 -21545127.3342  14891236.4275]]
66153.000
 [[-12713023.9648 -23226504.018    2399768.795 ]
 [  9390063.9281 -13841055.2958  20596895.3811]
 [ -7906679.2462 -14980784.9503  20632836.001 ]
 [ 21039171.3896  -7752599.7606  14596519.1532]
 [  2438714.9888 -21545127.3342  14891236.4275]]
66154.000
 [[-12712904.2662 -23226897.9087   2396615.3145]
 [  9391305.8014 -13838744.7363  20597894.4229]
 [ -7905137.3247 -14982851.2648  20631871.908 ]
 [ 21040968.019   -7752214.589   14594168.3628]
 [  2439554.5916 -21543381.5283  14893642.247 ]]
66154.000
 [[-12712904.2662 -23226897.9087   2396615.3145]
 [  9391305.8014 -13838744.7363  20597894.4229]
 [ -7905137.3247 -14982851.2648  20631871.908 ]
 [ 21040968.019   -7752214.589   14594168.3628]
 [  2439554.5916 -21543381.5283  14893642.247 ]]
66155.000
 [[-12712784.4229 -23227291.4477   2393461.7832]
 [  9392547.8612 -13836434.1363  20598893.0251]
 [ -7903595.581  -14984917.5699  20630907.3827]
 [ 21042764.3785  -7751829.5592  14591817.2687]
 [  2440394.4086 -21541635.4876  14896047.7402]]
66155.000
 [[-12712784.4229 -23227291.4477   2393461.7832]
 [  9392547.8612 -13836434.1363  20598893.0251]
 [ -7903595.581  -14984917.5699  20630907.3827]
 [ 21042764.3785  -7751829.5592  14591817.2687]
 [  2440394.4086 -21541635.4876  14896047.7402]]
66155.000
 [[-12712784.4229 -23227291.4477   2393461.7832]
 [  9392547.8612 -13836434.1363  20598893.0251]
 [ -7903595.581  -14984917.5699  20630907.3827]
 [ 21042764.3785  -7751829.5592  14591817.2687]
 [  2440394.4086 -21541635.4876  14896047.7402]]
