60650.000 [  856539.07111232 -4842967.50404309  4047983.14711641] [ 0.30901699  0.95105652  0.        ]
60659.000 [  856539.82937659 -4842968.83592036  4047981.51108356] [ 0.30901699 -0.95105652  0.        ]
60669.000 [  856539.9433766  -4842969.00662036  4047981.80278357] [ 0.30901699 -0.95105652  0.        ]
60673.000 [  856539.83447659 -4842969.06752037  4047981.77848357] [ 0.30901699 -0.95105652  0.        ]
60682.000 [  856539.79437657 -4842969.51232036  4047981.95248355] [ 0.30901699 -0.95105652  0.        ]
60692.000 [  856540.1367683  -4842969.19850116  4047982.16840354] [ 0.80901699 -0.58778525  0.        ]
60701.000 [  856540.0672683  -4842969.22850117  4047982.11520354] [ 0.80901699 -0.58778525  0.        ]
60706.000 [  856539.97156829 -4842969.25700118  4047982.06320354] [ 0.80901699 -0.58778525  0.        ]
60710.000 [  856539.93076829 -4842969.36420119  4047982.04430353] [ 0.80901699 -0.58778525  0.        ]
60714.000 [  856539.85226829 -4842969.4272012   4047981.99860353] [ 0.80901699 -0.58778525  0.        ]
