62997.000
 [[-10542811.6891 -23852106.0494   5248399.3974]
 [-12640239.8817 -20207086.2654  11755859.257 ]
 [ 14305737.6285  -9805904.5286  20269513.077 ]
 [  6420797.1663 -20594142.761   15401058.7176]
 [ 17274466.1502 -19047716.5547   6563400.0862]
 [-13500010.1125  -8705078.7035  21464711.7769]
 [   702237.0187 -25602961.9776   5975017.2105]]
62999.000
 [[-10542412.5279 -23853539.5039   5242400.9481]
 [-12640397.8286 -20210104.7909  11750517.3474]
 [ 14310484.0842  -9804019.2586  20267151.9228]
 [  6422096.3271 -20590412.0356  15405528.9458]
 [ 17276073.1958 -19048251.694    6557320.1054]
 [-13496130.9274  -8708732.5823  21465596.5665]
 [   702882.7773 -25601461.1781   5981299.4327]]
