66135.000000 1.884956 5.000000 2.576620 3.131872 3.222460
66136.000000 1.884956 5.000000 2.574686 3.127768 3.222917
66137.000000 1.884956 5.000000 2.571852 3.127781 3.223374
66139.000000 1.884956 5.000000 2.603343 3.177162 3.224291
66140.000000 1.884956 5.000000 2.624469 3.187841 3.224751
66141.000000 -1.256637 5.000000 4.100223 4.100224 4.737281
66142.000000 1.884956 5.000000 2.388162 2.917348 3.225674
66143.000000 1.884956 5.000000 2.410690 2.947262 3.226137
66144.000000 1.884956 5.000000 2.398024 2.930601 3.226601
66145.000000 -1.256637 5.000000 4.101216 4.101217 4.740044
66146.000000 1.884956 5.000000 2.404281 3.012496 3.227531
66147.000000 1.884956 5.000000 2.422081 3.059393 3.227997
66148.000000 1.884956 5.000000 2.420092 3.026850 3.228464
66149.000000 1.884956 5.000000 2.431870 3.084196 3.228933
66151.000000 1.884956 5.000000 2.415050 3.146621 3.229872
66152.000000 -1.256637 5.000000 4.102984 4.102984 4.744935
66152.000000 -1.256637 5.000000 4.102984 4.102984 4.744935
66153.000000 -1.256637 5.000000 4.103240 4.103240 4.745640
66153.000000 -1.256637 5.000000 4.103240 4.103240 4.745640
66154.000000 -1.256637 5.000000 4.103496 4.103496 4.746346
66154.000000 -1.256637 5.000000 4.103496 4.103496 4.746346
66155.000000 -1.256637 5.000000 4.103753 4.103754 4.747053
66155.000000 -1.256637 5.000000 4.103753 4.103754 4.747053
66155.000000 -1.256637 5.000000 4.103753 4.103754 4.747053
