60971.000
 [[-12584467.5496 -16510257.6683  16579527.4158]
 [  5410814.7774 -23816937.4341  10266042.1016]
 [  9408543.4202 -12098287.4689  21757035.7078]
 [ 22083014.4755  -1502906.4278  14654482.8916]
 [-10885255.5113 -21696634.107   11011170.725 ]
 [ 14989116.2305 -18194688.0466  12348575.2342]
 [ 20402443.2196 -16600313.3212   3402105.596 ]
 [   176939.4965 -26320858.3822   -560808.9296]]
60975.000
 [[-12584252.5664 -16518709.2582  16571299.3628]
 [  5412298.9849 -23811795.8216  10277226.758 ]
 [  9418213.3742 -12093050.5996  21755925.6042]
 [ 22076892.5921  -1498630.7979  14664139.3388]
 [-10884572.1664 -21702230.074   11000573.2277]
 [ 14994922.4078 -18196833.6754  12338052.7502]
 [ 20404528.3553 -16600288.6961   3389570.4803]
 [   177868.7353 -26321052.1426   -547759.7362]]
60980.000
 [[-12583986.2566 -16529267.9977  16561006.3705]
 [  5414156.5021 -23805361.3894  10291202.6206]
 [  9430301.7579 -12086508.1406  21754527.6236]
 [ 22069235.8045  -1493280.6977  14676202.8659]
 [-10883718.7209 -21709217.9115  10987321.1456]
 [ 15002173.0283 -18199513.99    12324893.773 ]
 [ 20407127.4277 -16600253.6277   3373899.9562]
 [   179030.0618 -26321285.3172   -531447.9755]]
60989.000
 [[-12583513.6586 -16548257.6161  16542456.8089]
 [  5417506.3706 -23793758.6585  10316345.2681]
 [  9452063.4609 -12074741.882   21751982.2781]
 [ 22055441.1971  -1483634.9375  14697897.5053]
 [-10882184.5626 -21721776.0687  10963452.8297]
 [ 15015204.2562 -18204333.715   12301191.1936]
 [ 20411785.1926 -16600178.4832   3345688.4757]
 [   181119.8481 -26321679.7575   -502086.0811]]
60998.000
 [[-12583049.7295 -16567226.4872  16523878.7632]
 [  5420864.413  -23782129.2679  10341470.    ]
 [  9473828.484  -12062988.7137  21749399.6769]
 [ 22041630.6979  -1473969.1391  14719566.772 ]
 [-10880653.0047 -21734308.558   10939565.8181]
 [ 15028209.9045 -18209147.181   12277467.5361]
 [ 20416416.5281 -16600087.8531   3317471.204 ]
 [   183208.895  -26322041.7009   -472723.299 ]]
61002.000
 [[-12582846.3144 -16575650.4276  16515612.7194]
 [  5422359.5081 -23776952.0992  10352630.7855]
 [  9483502.8816 -12057769.2904  21748239.897 ]
 [ 22035487.6086  -1469666.7946  14729189.403 ]
 [-10879973.1386 -21739870.3088  10928943.3778]
 [ 15033981.9794 -18211284.4795  12266916.933 ]
 [ 20418466.4197 -16600042.5934   3304928.3482]
 [   184137.1334 -26322192.1328   -459672.9023]]
61008.000
 [[-12582544.3872 -16588278.6345  16503203.1219]
 [  5424605.1957 -23769176.4865  10369365.3043]
 [  9498015.6833 -12049945.0146  21746486.432 ]
 [ 22026267.1135  -1463205.8511  14743613.9317]
 [-10878954.284  -21748203.4173  10913002.8154]
 [ 15042630.613  -18214488.0859  12251083.2437]
 [ 20421531.4767 -16599968.9486   3286111.9465]
 [   185529.2398 -26322405.7435   -440097.007 ]]
