68586.000
 [[-12768424.8544  -8876227.5799  21494770.572 ]
 [ 12316170.3652 -23250652.8331   2345932.8743]
 [ 24512141.435   -7143926.7482   8105064.047 ]
 [  3140270.3292 -24234031.4004 -10177223.998 ]
 [ -7172554.5879 -22781402.2022 -11361679.6852]
 [ 12912986.7586  -8250177.1895  21691216.6802]
 [-11883941.0867 -23197967.081   -5262140.4077]
 [ -4716973.3654 -19834004.8192  17064853.4978]
 [  5145246.0603 -16756757.1005  19665684.6054]]
68589.000
 [[-12764985.5108  -8883696.74    21493726.0173]
 [ 12316473.9395 -23249499.4139   2355560.9162]
 [ 24515210.0615  -7143455.8608   8096272.1306]
 [  3142516.7095 -24237310.5415 -10168721.5481]
 [ -7168977.7954 -22778540.6546 -11369506.4257]
 [ 12917866.7471  -8243500.2471  21690888.6841]
 [-11882130.9296 -23196800.2937  -5271376.4105]
 [ -4713757.1908 -19839590.9405  17059030.185 ]
 [  5149416.5768 -16750382.5277  19670113.9068]]
68591.000
 [[-12762693.408   -8888676.304   21493027.3535]
 [ 12316675.5985 -23248728.6456   2361979.3559]
 [ 24517254.0367  -7143142.1308   8090410.0135]
 [  3144013.2453 -24239495.2216 -10163052.1555]
 [ -7166591.9898 -22776631.9777 -11374723.0277]
 [ 12921120.6649  -8239049.4809  21690667.7123]
 [-11880922.9308 -23196021.0333  -5277533.1866]
 [ -4711614.0578 -19843314.2265  17055146.1671]
 [  5152198.0462 -16746132.4462  19673064.6301]]
68593.000
 [[-12760401.9394  -8893655.967   21492326.8545]
 [ 12316876.6792 -23247956.4193   2368397.5914]
 [ 24519296.5913  -7142828.556    8084547.2249]
 [  3145508.9408 -24241678.7701 -10157381.8889]
 [ -7164205.162  -22774722.5184 -11379938.6494]
 [ 12924375.0563  -8234599.1378  21690444.8943]
 [-11879713.9495 -23195240.6516  -5283689.5152]
 [ -4709471.711  -19847036.8763  17051260.702 ]
 [  5154980.4158 -16741882.0721  19676013.6378]]
68594.000
 [[-12759256.4431  -8896145.8354  21491975.9168]
 [ 12316977.0027 -23247569.7593   2371606.6324]
 [ 24520317.3357  -7142671.8268   8081615.579 ]
 [  3146256.4735 -24242770.1198 -10154546.4281]
 [ -7163011.3649 -22773767.4955 -11382546.0924]
 [ 12926002.4294  -8232374.1251  21690332.793 ]
 [-11879109.0904 -23194850.0404  -5286767.5116]
 [ -4708400.8325 -19848897.9624  17049317.4268]
 [  5156371.9382 -16739756.7755  19677487.4982]]
68595.000
 [[-12758111.1056  -8898635.7282  21491624.5204]
 [ 12317077.1817 -23247182.7348   2374815.622 ]
 [ 24521337.7249  -7142515.1363   8078683.7656]
 [  3147003.796  -24243861.1865 -10151710.7491]
 [ -7161817.3122 -22772812.2772 -11385153.2901]
 [ 12927629.9207  -8230149.2184  21690220.2301]
 [-11878503.9857 -23194459.1489  -5289845.3957]
 [ -4707330.1506 -19850758.8892  17047373.7901]
 [  5157763.6854 -16737631.4061  19678960.9296]]
68597.000
 [[-12755820.9064  -8903615.5872  21490920.3513]
 [ 12317277.1066 -23246407.5921   2381233.4471]
 [ 24523377.4375  -7142201.8711   8072819.636 ]
 [  3148497.8113 -24246042.4706 -10146038.7364]
 [ -7159428.4402 -22770901.2545 -11390366.9496]
 [ 12930885.258   -8225699.7231  21689993.7198]
 [-11877293.0389 -23193676.5256  -5296000.8275]
 [ -4705189.3765 -19854480.2649  17043485.4315]
 [  5160547.855  -16733380.4486  19681906.5053]]
68598.000
 [[-12754676.0449  -8906105.5532  21490567.5786]
 [ 12317376.8526 -23246019.4739   2384442.2825]
 [ 24524396.7609  -7142045.2964   8069887.32  ]
 [  3149244.5041 -24247132.6879 -10143202.4028]
 [ -7158233.6208 -22769945.4501 -11392973.4112]
 [ 12932513.1039  -8223475.1346  21689879.7723]
 [-11876687.1968 -23193284.7937  -5299078.375 ]
 [ -4704119.2843 -19856340.7136  17041540.7099]
 [  5161940.2773 -16731254.8607  19683378.6495]]
68600.000
 [[-12752386.7981  -8911085.5581  21489860.657 ]
 [ 12317575.912  -23245242.1435   2390859.7987]
 [ 24526434.3417  -7141732.2622   8064022.1858]
 [  3150737.26   -24249312.2728 -10137529.0817]
 [ -7155843.2152 -22768033.2559 -11398185.598 ]
 [ 12935769.1499  -8219026.2761  21689650.4928]
 [-11875474.7752 -23192500.49    -5305233.133 ]
 [ -4701979.6894 -19860061.1325  17037650.182 ]
 [  5164725.7967 -16727003.467   19686321.6505]]
68601.000
 [[-12751242.4129  -8913575.5968  21489506.5081]
 [ 12317675.2254 -23244852.9314   2394068.4792]
 [ 24527452.5991  -7141575.8028   8061089.3677]
 [  3151483.3232 -24250401.6402 -10134692.0942]
 [ -7154647.629  -22767076.866  -11400791.323 ]
 [ 12937397.3499  -8216802.0063  21689535.1608]
 [-11874868.1955 -23192107.9182  -5308310.3433]
 [ -4700910.1868 -19861921.1026  17035704.3759]
 [  5166118.8938 -16724877.6613  19687792.5073]]
