63381.000 [  856540.13077666 -4842968.23292045  4047982.53058367] [ 0.30901699 -0.95105652  0.        ]
63383.000 [  856540.13397666 -4842968.19672045  4047982.50698367] [ 0.30901699 -0.95105652  0.        ]
63384.000 [  856540.07257665 -4842968.19912045  4047982.47008367] [ 0.30901699 -0.95105652  0.        ]
63385.000 [  856540.00457664 -4842968.25182045  4047982.43048366] [ 0.30901699 -0.95105652  0.        ]
63386.000 [  856539.30428779 -4842968.39865701  4047982.37168365] [-0.30901699 -0.95105652  0.        ]
63388.000 [  856539.14278776 -4842968.461957    4047982.28598365] [-0.30901699 -0.95105652  0.        ]
63389.000 [  856539.12148776 -4842968.474457    4047982.28908365] [-0.30901699 -0.95105652  0.        ]
63390.000 [  856539.03048775 -4842968.50915699  4047982.27618364] [-0.30901699 -0.95105652  0.        ]
63391.000 [  856539.06318775 -4842968.58665701  4047982.53678366] [-0.30901699 -0.95105652  0.        ]
63392.000 [  856539.33228782 -4842968.23345714  4047983.66168376] [-0.30901699 -0.95105652  0.        ]
63394.000 [  856539.47208794 -4842966.15505751  4047985.95198405] [-0.30901699 -0.95105652  0.        ]
63395.000 [  856539.57858805 -4842964.14535777  4047987.16808426] [-0.30901699 -0.95105652  0.        ]
63396.000 [  856539.80188813 -4842963.07085796  4047988.32018441] [-0.30901699 -0.95105652  0.        ]
63397.000 [  856539.61176237 -4842961.83599828  4047989.73430416] [-0.80901699 -0.58778525  0.        ]
63399.000 [  856541.5872375  -4842958.66040138  4047992.90309566] [ 0.80901699  0.58778525  0.        ]
63400.000 [  856542.16231732 -4842958.01023972  4047993.4276    ] [ 1.  0.  0.]
63401.000 [  856542.24206869 -4842957.65130156  4047993.66420448] [ 0.80901699 -0.58778525  0.        ]
63405.000 [  856542.09688871 -4842957.1743589   4047992.99378508] [-0.30901699 -0.95105652  0.        ]
63408.000 [  856543.21446874 -4842956.87300137  4047993.27360448] [ 0.80901699 -0.58778525  0.        ]
63410.000 [  856542.17038871 -4842957.35895888  4047992.93658506] [-0.30901699 -0.95105652  0.        ]
63413.000 [  856543.26126874 -4842956.96760135  4047993.12800447] [ 0.80901699 -0.58778525  0.        ]
63415.000 [  856542.21048871 -4842957.41135886  4047992.78688505] [-0.30901699 -0.95105652  0.        ]
63418.000 [  856542.25758871 -4842957.47805885  4047992.71368504] [-0.30901699 -0.95105652  0.        ]
63419.000 [  856542.22748871 -4842957.48665885  4047992.72798504] [-0.30901699 -0.95105652  0.        ]
63420.000 [  856542.24058871 -4842957.54145884  4047992.66968503] [-0.30901699 -0.95105652  0.        ]
63421.000 [  856542.25068871 -4842957.59745883  4047992.60288502] [-0.30901699 -0.95105652  0.        ]
63422.000 [  856542.27758871 -4842957.48435883  4047992.49408502] [-0.30901699 -0.95105652  0.        ]
63423.000 [  856542.28298868 -4842958.45275876  4047992.51698496] [-0.30901699 -0.95105652  0.        ]
63424.000 [  856542.30728867 -4842958.85025873  4047992.48728494] [-0.30901699 -0.95105652  0.        ]
63425.000 [  856542.33948868 -4842958.54565874  4047992.34258495] [-0.30901699 -0.95105652  0.        ]
63426.000 [  856542.35158866 -4842959.15795869  4047992.33698491] [-0.30901699 -0.95105652  0.        ]
63427.000 [  856543.55041727 -4842958.43823947  4047992.9872    ] [ 1.  0.  0.]
63429.000 [  856542.42178866 -4842959.25715866  4047992.09888488] [-0.30901699 -0.95105652  0.        ]
63432.000 [  856542.43398867 -4842959.11405867  4047992.07808489] [-0.30901699 -0.95105652  0.        ]
63433.000 [  856542.46848867 -4842959.15045867  4047992.05808489] [-0.30901699 -0.95105652  0.        ]
63434.000 [  856542.47768867 -4842959.23075866  4047991.99818488] [-0.30901699 -0.95105652  0.        ]
63435.000 [  856542.51018867 -4842959.32265864  4047991.92858487] [-0.30901699 -0.95105652  0.        ]
63436.000 [  856542.52478867 -4842959.34175864  4047991.84668486] [-0.30901699 -0.95105652  0.        ]
63437.000 [  856542.55768867 -4842959.27705864  4047991.79168486] [-0.30901699 -0.95105652  0.        ]
63438.000 [  856543.79741726 -4842958.46703942  4047992.4479    ] [ 1.  0.  0.]
63440.000 [  856542.02953128 -4842958.55599883  4047992.73849567] [-0.80901699  0.58778525  0.        ]
63444.000 [  856542.03893128 -4842958.59359883  4047992.80219566] [-0.80901699  0.58778525  0.        ]
63445.000 [  856542.06713128 -4842958.60469884  4047992.83149566] [-0.80901699  0.58778525  0.        ]
63446.000 [  856542.02593128 -4842958.57409883  4047992.88419566] [-0.80901699  0.58778525  0.        ]
63447.000 [  856541.97063128 -4842958.52189881  4047992.96489565] [-0.80901699  0.58778525  0.        ]
63448.000 [  856541.89603128 -4842958.47879879  4047993.03269565] [-0.80901699  0.58778525  0.        ]
63450.000 [  856541.76473129 -4842958.38309876  4047993.19589564] [-0.80901699  0.58778525  0.        ]
63451.000 [  856541.73303129 -4842958.31859875  4047993.26879563] [-0.80901699  0.58778525  0.        ]
63452.000 [  856541.64623129 -4842958.27919873  4047993.35729562] [-0.80901699  0.58778525  0.        ]
63453.000 [  856541.62543129 -4842958.22689872  4047993.40119562] [-0.80901699  0.58778525  0.        ]
63454.000 [  856541.56813129 -4842958.16259871  4047993.45129562] [-0.80901699  0.58778525  0.        ]
63455.000 [  856541.52463129 -4842958.08049869  4047993.55119561] [-0.80901699  0.58778525  0.        ]
63456.000 [  856541.47733129 -4842958.04559868  4047993.5743956 ] [-0.80901699  0.58778525  0.        ]
63457.000 [  856541.43283129 -4842957.97299867  4047993.6493956 ] [-0.80901699  0.58778525  0.        ]
63458.000 [  856541.36513129 -4842957.86259865  4047993.77419559] [-0.80901699  0.58778525  0.        ]
63460.000 [  856541.24493129 -4842957.68429861  4047993.94859557] [-0.80901699  0.58778525  0.        ]
63461.000 [  856541.18083129 -4842957.6161986   4047994.02479557] [-0.80901699  0.58778525  0.        ]
63462.000 [  856541.13193129 -4842957.58619859  4047994.08839556] [-0.80901699  0.58778525  0.        ]
63463.000 [  856541.09903129 -4842957.49949857  4047994.16939556] [-0.80901699  0.58778525  0.        ]
63464.000 [  856541.04853129 -4842957.42859856  4047994.25269555] [-0.80901699  0.58778525  0.        ]
63465.000 [  856540.9771313  -4842957.39319854  4047994.29389554] [-0.80901699  0.58778525  0.        ]
63466.000 [  856540.9164313  -4842957.32609853  4047994.35849554] [-0.80901699  0.58778525  0.        ]
63467.000 [  856540.8968313  -4842957.24509852  4047994.43409553] [-0.80901699  0.58778525  0.        ]
63468.000 [  856540.8464313  -4842957.18449851  4047994.49419553] [-0.80901699  0.58778525  0.        ]
63469.000 [  856540.8164313  -4842957.1482985   4047994.55999552] [-0.80901699  0.58778525  0.        ]
63470.000 [  856540.7725313  -4842957.13719849  4047994.61689552] [-0.80901699  0.58778525  0.        ]
63471.000 [  856540.7106313  -4842957.03929847  4047994.68879551] [-0.80901699  0.58778525  0.        ]
63472.000 [  856541.3402886  -4842957.82605888  4047993.59118509] [-0.30901699 -0.95105652  0.        ]
63475.000 [  856540.5508313  -4842956.87409842  4047994.94819549] [-0.80901699  0.58778525  0.        ]
63477.000 [  856540.5815313  -4842956.90499843  4047994.8949955 ] [-0.80901699  0.58778525  0.        ]
63478.000 [  856540.5868313  -4842956.89879843  4047994.9183955 ] [-0.80901699  0.58778525  0.        ]
63480.000 [  856540.5033313  -4842956.76939841  4047995.04879548] [-0.80901699  0.58778525  0.        ]
63481.000 [  856540.4386313  -4842956.71119839  4047995.13799548] [-0.80901699  0.58778525  0.        ]
63482.000 [  856540.3801313  -4842956.67649838  4047995.22269547] [-0.80901699  0.58778525  0.        ]
63483.000 [  856540.3307313  -4842956.61229836  4047995.29799547] [-0.80901699  0.58778525  0.        ]
63484.000 [  856540.3243313  -4842956.55849836  4047995.35869546] [-0.80901699  0.58778525  0.        ]
63485.000 [  856540.2557313  -4842956.52329834  4047995.40169546] [-0.80901699  0.58778525  0.        ]
63486.000 [  856540.2074313  -4842956.45249833  4047995.50829545] [-0.80901699  0.58778525  0.        ]
63487.000 [  856540.1668313  -4842956.43739832  4047995.58289545] [-0.80901699  0.58778525  0.        ]
63488.000 [  856540.1037313  -4842956.3691983   4047995.67549544] [-0.80901699  0.58778525  0.        ]
63489.000 [  856540.06543131 -4842956.33629829  4047995.72119543] [-0.80901699  0.58778525  0.        ]
63490.000 [  856540.02263131 -4842956.27849828  4047995.77519543] [-0.80901699  0.58778525  0.        ]
63491.000 [  856539.97023131 -4842956.21849826  4047995.87239542] [-0.80901699  0.58778525  0.        ]
63492.000 [  856539.91173131 -4842956.16769825  4047995.92859542] [-0.80901699  0.58778525  0.        ]
63494.000 [  856539.84253131 -4842956.01359822  4047996.07429541] [-0.80901699  0.58778525  0.        ]
63495.000 [  856539.82293131 -4842955.94839822  4047996.1513954 ] [-0.80901699  0.58778525  0.        ]
63496.000 [  856541.48236869 -4842956.3228018   4047995.33260461] [ 0.80901699 -0.58778525  0.        ]
63497.000 [  856541.46886869 -4842956.25570181  4047995.41920461] [ 0.80901699 -0.58778525  0.        ]
63498.000 [  856541.42066869 -4842956.22200182  4047995.48450462] [ 0.80901699 -0.58778525  0.        ]
63499.000 [  856541.4172687  -4842956.16450183  4047995.56460463] [ 0.80901699 -0.58778525  0.        ]
63500.000 [  856541.35266869 -4842956.12110184  4047995.62610463] [ 0.80901699 -0.58778525  0.        ]
63501.000 [  856540.27218854 -4842956.47525911  4047995.40848532] [-0.30901699 -0.95105652  0.        ]
63504.000 [  856541.2879687  -4842955.92950187  4047995.85940465] [ 0.80901699 -0.58778525  0.        ]
63507.000 [  856540.25908854 -4842956.40375913  4047995.56728533] [-0.30901699 -0.95105652  0.        ]
63509.000 [  856541.43121733 -4842955.66273979  4047996.2065    ] [ 1.  0.  0.]
63511.000 [  856541.40101733 -4842955.71173979  4047996.1598    ] [ 1.  0.  0.]
63512.000 [  856541.38301733 -4842955.7241398   4047996.1334    ] [ 1.  0.  0.]
63513.000 [  856541.35461733 -4842955.6973398   4047996.1711    ] [ 1.  0.  0.]
63514.000 [  856541.37541733 -4842955.7770398   4047996.0829    ] [ 1.  0.  0.]
63515.000 [  856541.37001733 -4842955.85183981  4047996.0397    ] [ 1.  0.  0.]
63516.000 [  856541.35111733 -4842955.93343981  4047995.9556    ] [ 1.  0.  0.]
63517.000 [  856541.35671733 -4842955.96943981  4047995.8906    ] [ 1.  0.  0.]
63518.000 [  856541.33111734 -4842956.05973982  4047995.8181    ] [ 1.  0.  0.]
63519.000 [  856541.34031734 -4842956.11923982  4047995.7312    ] [ 1.  0.  0.]
63521.000 [  856539.38638266 -4842956.59476018  4047995.5773    ] [ -1.00000000e+00   1.22464680e-16   0.00000000e+00]
63525.000 [  856540.2215885  -4842957.03475901  4047994.79868524] [-0.30901699 -0.95105652  0.        ]
63529.000 [  856540.1468885  -4842956.98115902  4047994.89288525] [-0.30901699 -0.95105652  0.        ]
63530.000 [  856540.13638849 -4842957.01075902  4047994.88168525] [-0.30901699 -0.95105652  0.        ]
63531.000 [  856540.17428849 -4842957.07795901  4047994.80128524] [-0.30901699 -0.95105652  0.        ]
63532.000 [  856540.17788849 -4842957.126159    4047994.69488523] [-0.30901699 -0.95105652  0.        ]
63533.000 [  856540.20248849 -4842957.19555898  4047994.61718522] [-0.30901699 -0.95105652  0.        ]
63534.000 [  856541.15693745 -4842956.1032011   4047995.72049543] [ 0.80901699  0.58778525  0.        ]
63536.000 [  856540.25268849 -4842957.37755896  4047994.44008519] [-0.30901699 -0.95105652  0.        ]
63538.000 [  856539.70156255 -4842957.16709889  4047994.83790457] [-0.80901699 -0.58778525  0.        ]
63540.000 [  856540.25698849 -4842957.37295896  4047994.46698519] [-0.30901699 -0.95105652  0.        ]
63541.000 [  856541.17543745 -4842956.26630112  4047995.61109544] [ 0.80901699  0.58778525  0.        ]
63543.000 [  856540.28958849 -4842957.52405894  4047994.36408518] [-0.30901699 -0.95105652  0.        ]
63545.000 [  856540.26248849 -4842957.47565895  4047994.44718519] [-0.30901699 -0.95105652  0.        ]
63546.000 [  856541.20923745 -4842956.29320111  4047995.66069544] [ 0.80901699  0.58778525  0.        ]
63548.000 [  856539.80136255 -4842957.43429888  4047994.63820455] [-0.80901699 -0.58778525  0.        ]
63549.000 [  856539.76696255 -4842957.42459887  4047994.62860455] [-0.80901699 -0.58778525  0.        ]
63550.000 [  856540.28578849 -4842957.52025894  4047994.36338518] [-0.30901699 -0.95105652  0.        ]
63552.000 [  856540.33408849 -4842957.62205892  4047994.20728516] [-0.30901699 -0.95105652  0.        ]
63553.000 [  856539.82266255 -4842957.49159887  4047994.43880454] [-0.80901699 -0.58778525  0.        ]
63555.000 [  856539.85316255 -4842957.59189886  4047994.35780453] [-0.80901699 -0.58778525  0.        ]
63556.000 [  856540.98747727 -4842957.64182197  4047994.03548514] [ 0.30901699 -0.95105652  0.        ]
63559.000 [  856541.51706867 -4842957.40190172  4047994.24550452] [ 0.80901699 -0.58778525  0.        ]
63560.000 [  856541.07517727 -4842957.75102195  4047993.94708512] [ 0.30901699 -0.95105652  0.        ]
63562.000 [  856541.15577728 -4842957.80412194  4047993.89288512] [ 0.30901699 -0.95105652  0.        ]
63563.000 [  856541.12457727 -4842957.79442194  4047993.91268512] [ 0.30901699 -0.95105652  0.        ]
63564.000 [  856541.14727727 -4842957.85612193  4047993.85178511] [ 0.30901699 -0.95105652  0.        ]
63566.000 [  856541.27867728 -4842957.9893219   4047993.70768509] [ 0.30901699 -0.95105652  0.        ]
63567.000 [  856541.31697728 -4842958.04402188  4047993.62178508] [ 0.30901699 -0.95105652  0.        ]
63568.000 [  856541.35727728 -4842958.09272187  4047993.55428507] [ 0.30901699 -0.95105652  0.        ]
63569.000 [  856541.37657728 -4842958.14152186  4047993.50308507] [ 0.30901699 -0.95105652  0.        ]
63570.000 [  856541.44147729 -4842958.18822185  4047993.43568506] [ 0.30901699 -0.95105652  0.        ]
63571.000 [  856541.47927729 -4842958.25222183  4047993.35148505] [ 0.30901699 -0.95105652  0.        ]
63572.000 [  856541.51347729 -4842958.28362183  4047993.31998504] [ 0.30901699 -0.95105652  0.        ]
63573.000 [  856541.6011773  -4842958.32442181  4047993.22528503] [ 0.30901699 -0.95105652  0.        ]
63575.000 [  856540.30008269 -4842958.05496031  4047993.8411    ] [ -1.00000000e+00   1.22464680e-16   0.00000000e+00]
63577.000 [  856540.6237626  -4842958.41279885  4047993.33570445] [-0.80901699 -0.58778525  0.        ]
63581.000 [  856541.6665773  -4842958.37512179  4047993.08398502] [ 0.30901699 -0.95105652  0.        ]
63584.000 [  856541.6889773  -4842958.38842178  4047993.05758501] [ 0.30901699 -0.95105652  0.        ]
63585.000 [  856541.7318773  -4842958.41822177  4047993.02758501] [ 0.30901699 -0.95105652  0.        ]
63586.000 [  856541.79717731 -4842958.47302175  4047992.934785  ] [ 0.30901699 -0.95105652  0.        ]
63587.000 [  856541.87427731 -4842958.50982174  4047992.88918499] [ 0.30901699 -0.95105652  0.        ]
63589.000 [  856541.98297732 -4842958.60682172  4047992.78778498] [ 0.30901699 -0.95105652  0.        ]
63590.000 [  856542.04117732 -4842958.6651217   4047992.72648497] [ 0.30901699 -0.95105652  0.        ]
63591.000 [  856542.09507733 -4842958.70782169  4047992.66928496] [ 0.30901699 -0.95105652  0.        ]
63592.000 [  856542.17917733 -4842958.77292167  4047992.62048495] [ 0.30901699 -0.95105652  0.        ]
63593.000 [  856542.25147734 -4842958.82962166  4047992.56868495] [ 0.30901699 -0.95105652  0.        ]
63594.000 [  856542.31927735 -4842958.86172165  4047992.51128494] [ 0.30901699 -0.95105652  0.        ]
63595.000 [  856542.39457735 -4842958.93632163  4047992.41648493] [ 0.30901699 -0.95105652  0.        ]
63596.000 [  856542.48987736 -4842958.98222161  4047992.34398492] [ 0.30901699 -0.95105652  0.        ]
63597.000 [  856542.55647736 -4842959.02242159  4047992.28148491] [ 0.30901699 -0.95105652  0.        ]
63598.000 [  856542.60967737 -4842959.06502158  4047992.2197849 ] [ 0.30901699 -0.95105652  0.        ]
63599.000 [  856542.68077737 -4842959.07762157  4047992.13208489] [ 0.30901699 -0.95105652  0.        ]
63601.000 [  856542.83767738 -4842959.13192154  4047991.97598488] [ 0.30901699 -0.95105652  0.        ]
63602.000 [  856542.87347739 -4842959.16142153  4047991.92508487] [ 0.30901699 -0.95105652  0.        ]
63603.000 [  856542.91637739 -4842959.20692151  4047991.86178486] [ 0.30901699 -0.95105652  0.        ]
63604.000 [  856541.622882