68804.000
 [[-12522250.4764  -9419463.2798  21408127.3653]
 [ 12334923.9146 -23158272.6454   3044261.5399]
 [ 13270306.0902  -7767550.6287  21656571.477 ]
 [ -4487860.4569 -20236104.3347  16633278.1155]
 [  5453556.5474 -16291935.1213  19977446.3812]]
68807.000
 [[-12518916.3178  -9426944.2168  21406783.3245]
 [ 12335136.4718 -23156879.8719   3053851.3802]
 [ 13275260.6051  -7760946.5123  21655941.8787]
 [ -4484772.3453 -20241582.2546  16627220.942 ]
 [  5457873.3355 -16285517.4681  19981593.0773]]
68808.000
 [[-12517805.2577  -9429437.8845  21406334.3971]
 [ 12335207.0572 -23156414.8792   3057047.8616]
 [ 13276912.3286  -7758745.3742  21655731.0912]
 [ -4483743.3646 -20243407.8838  16625201.1779]
 [  5459312.7091 -16283378.1337  19982974.4385]]
68809.000
 [[-12516694.3607  -9431931.5631  21405885.0126]
 [ 12335277.5093 -23155949.5191   3060244.2768]
 [ 13278564.1614  -7756544.3533  21655519.843 ]
 [ -4482714.5788 -20245233.3409  16623181.0607]
 [  5460752.3048 -16281238.7411  19984355.3643]]
68810.000
 [[-12515583.6269  -9434425.2525  21405435.1713]
 [ 12335347.828  -23155483.7915   3063440.6259]
 [ 13280216.1033  -7754343.4496  21655308.1342]
 [ -4481685.9878 -20247058.6258  16621160.5905]
 [  5462192.1226 -16279099.2904  19985735.8547]]
68811.000
 [[-12514473.0562  -9436918.9528  21404984.873 ]
 [ 12335418.0135 -23155017.6965   3066636.9086]
 [ 13281868.1543  -7752142.6632  21655095.9647]
 [ -4480657.5918 -20248883.7384  16619139.7674]
 [  5463632.1625 -16276959.7816  19987115.9096]]
68812.000
 [[-12513362.6486  -9439412.6638  21404534.1178]
 [ 12335488.0657 -23154551.2339   3069833.125 ]
 [ 13283520.3145  -7749941.994   21654883.3345]
 [ -4479629.3906 -20250708.6787  16617118.5912]
 [  5465072.4244 -16274820.2149  19988495.529 ]]
68815.000
 [[-12510032.4049  -9446893.8606  21403179.1108]
 [ 12335697.4237 -23153149.6412   3079421.3755]
 [ 13288477.4492  -7743340.6907  21654242.68  ]
 [ -4476545.9558 -20256182.4652  16611052.9454]
 [  5469394.5425 -16268401.167   19992631.7738]]
68816.000
 [[-12508922.6501  -9449387.6139  21402726.528 ]
 [ 12335766.9437 -23152681.7085   3082617.3259]
 [ 13290130.0453  -7741140.4911  21654028.2072]
 [ -4475518.5338 -20258006.7157  16609030.3578]
 [  5470835.6925 -16266261.3688  19994009.6509]]
68817.000
 [[-12507813.0585  -9451881.3777  21402273.4883]
 [ 12335836.3307 -23152213.4083   3085813.2096]
 [ 13291782.7504  -7738940.4091  21653813.2738]
 [ -4474491.3067 -20259830.7935  16607007.4175]
 [  5472277.0646 -16264121.5129  19995387.0923]]
68818.000
 [[-12506703.6302  -9454375.1518  21401819.9918]
 [ 12335905.5847 -23151744.7406   3089009.0265]
 [ 13293435.5643  -7736740.4447  21653597.8797]
 [ -4473464.2743 -20261654.6987  16604984.1245]
 [  5473718.6586 -16261981.5995  19996764.0981]]
68819.000
 [[-12505594.3652  -9456868.9362  21401366.0385]
 [ 12335974.706  -23151275.7052   3092204.7766]
 [ 13295088.4869  -7734540.5979  21653382.025 ]
 [ -4472437.4368 -20263478.4312  16602960.4788]
 [  5475160.4746 -16259841.6285  19998140.6681]]
68820.000
 [[-12504485.2635  -9459362.7307  21400911.6283]
 [ 12336043.6944 -23150806.3024   3095400.4597]
 [ 13296741.5183  -7732340.8689  21653165.7096]
 [ -4471410.794  -20265301.9908  16600936.4805]
 [  5476602.5125 -16257701.6001  19999516.8024]]
68821.000
 [[-12503376.3251  -9461856.5354  21400456.7613]
 [ 12336112.55   -23150336.5319   3098596.0759]
 [ 13298394.6584  -7730141.2576  21652948.9337]
 [ -4470384.3461 -20267125.3775  16598912.1297]
 [  5478044.7723 -16255561.5143  20000892.5009]]
68822.000
 [[-12502267.5501  -9464350.3502  21400001.4375]
 [ 12336181.273  -23149866.3938   3101791.6251]
 [ 13300047.9071  -7727941.7642  21652731.6971]
 [ -4469358.0928 -20268948.5914  16596887.4262]
 [  5479487.254  -16253421.3712  20002267.7636]]
68824.000
 [[-12500050.4902  -9469338.0099  21399089.4195]
 [ 12336318.321  -23148925.0147   3108182.522 ]
 [ 13303354.7304  -7723543.1308  21652295.8421]
 [ -4467306.1707 -20272594.5001  16592836.962 ]
 [  5482372.8831 -16249140.9132  20005016.9815]]
68825.000
 [[-12498942.2053  -9471831.8546  21398632.7252]
 [ 12336386.6462 -23148453.7737   3111377.8696]
 [ 13305008.3049  -7721343.9911  21652077.2237]
 [ -4466280.5017 -20274417.1949  16590811.2012]
 [  5483816.0305 -16247000.5985  20006390.9367]]
68826.000
 [[-12497834.0838  -9474325.7092  21398175.5742]
 [ 12336454.8389 -23147982.1651   3114573.1499]
 [ 13306661.9879  -7719144.9693  21651858.1447]
 [ -4465255.0274 -20276239.7165  16588785.088 ]
 [  5485259.3997 -16244860.2268  20007764.4559]]
68828.000
 [[-12495618.3313  -9479313.4474  21397259.902 ]
 [ 12336590.827  -23147037.8449   3120963.5082]
 [ 13309969.6791  -7714747.2801  21651418.6049]
 [ -4463204.6631 -20279884.2399  16584731.8048]
 [  5488146.8035 -16240579.3126  20010510.1864]]
68829.000
 [[-12494510.7004  -9481807.3309  21396801.3807]
 [ 12336658.6225 -23146565.1333   3124158.5859]
 [ 13311623.6871  -7712548.6128  21651198.1442]
 [ -4462179.7731 -20281706.2415  16582704.6348]
 [  5489590.838  -16238438.7703  20011882.3977]]
68830.000
 [[-12493403.2329  -9484301.224   21396342.4028]
 [ 12336726.2857 -23146092.054    3127353.5961]
 [ 13313277.8035  -7710350.0638  21650977.2229]
 [ -4461155.0777 -20283528.0698  16580677.1127]
 [  5491035.0943 -16236298.1712  20013254.1729]]
68831.000
 [[-12492295.9289  -9486795.1266  21395882.968 ]
 [ 12336793.8167 -23145618.6069   3130548.5386]
 [ 13314932.0282  -7708151.633   21650755.841 ]
 [ -4460130.5771 -20285349.7246  16578649.2384]
 [  5492479.5725 -16234157.5153  20014625.5121]]
68835.000
 [[-12487868.348   -9496770.8319  21394040.6619]
 [ 12337062.6199 -23143721.1411   3143327.6316]
 [ 13321550.0093  -7699359.0925  21649865.7078]
 [ -4456034.5202 -20292634.6088  16570534.2196]
 [  5498259.7031 -16225594.3257  20020106.508 ]]
68837.000
 [[-12485655.5391  -9501758.7404  21393116.7687]
 [ 12337196.2297 -23142770.2014   3149716.7707]
 [ 13324859.6486  -7694963.5329  21649417.8779]
 [ -4453987.6594 -20296276.0088  16566474.5981]
 [  5501151.0989 -16221312.3922  20022844.389 ]]
68838.000
 [[-12484549.38    -9504252.7082  21392654.1371]
 [ 12337262.8368 -23142294.1799   3152911.238 ]
 [ 13326514.6303  -7692765.9309  21649193.2721]
 [ -4452964.5209 -20298096.4481  16564444.2594]
 [  5502597.1293 -16219171.341   20024212.6751]]
68839.000
 [[-12483443.3846  -9506746.6851  21392191.0488]
 [ 12337329.3121 -23141817.7906   3156105.6372]
 [ 13328169.7198  -7690568.4477  21648968.2058]
 [ -4451941.577  -20299916.7134  16562413.569 ]
 [  5504043.3814 -16217030.2338  20025580.525 ]]
68841.000
 [[-12481231.885   -9511734.6656  21391263.5024]
 [ 12337461.8675 -23140863.9085   3162494.2305]
 [ 13331480.2225  -7686173.8374  21648516.6917]
 [ -4449896.273  -20303556.7219  16558351.1328]
 [  5506936.5503 -16212747.851   20028314.9157]]
68842.000
 [[-12480126.3808  -9514228.6691  21390799.0442]
 [ 12337527.9477 -23140386.4156   3165688.4245]
 [ 13333135.6356  -7683976.7105  21648290.2439]
 [ -4448873.9129 -20305376.4651  16556319.387 ]
 [  5508383.4673 -16210606.5757  20029681.4565]]
68843.000
 [[-12479021.0402  -9516722.6814  21390334.1295]
 [ 12337593.8963 -23139908.5549   3168882.5502]
 [ 13334791.1565  -7681779.7024  21648063.3355]
 [ -4447851.7472 -20307196.0341  16554287.2896]
 [  5509830.6058 -16208465.2444  20031047.5609]]
68844.000
 [[-12477915.8635  -9519216.7024  21389868.7581]
 [ 12337659.7134 -23139430.3264   3172076.6072]
 [ 13336446.785   -7679582.8132  21647835.9667]
 [ -4446829.7761 -20309015.4289  16552254.8405]
 [  5511277.966  -16206323.8573  20032413.2289]]
68846.000
 [[-12475706.0013  -9524204.7702  21388936.6456]
 [ 12337790.9531 -23138472.7656   3178464.5154]
 [ 13339758.3651  -7675189.3918  21647379.8475]
 [ -4444786.4176 -20312653.6956  16548188.8877]
 [  5514173.3509 -16202040.916   20035143.2555]]
68847.000
 [[-12474601.316   -9526698.8169  21388469.9045]
 [ 12337856.3759 -23137993.4334   3181658.3664]
 [ 13341414.3166  -7672992.8597  21647151.0972]
 [ -4443765.0301 -20314472.5674  16546155.384 ]
 [  5515621.3757 -16199899.3619  20036507.6141]]
68848.000
 [[-12473496.7945  -9529192.872   21388002.7068]
 [ 12337921.6673 -23137513.7332   3184852.1485]
 [ 13343070.3756  -7670796.4468  21646921.8864]
 [ -4442743.8372 -20316291.2646  16544121.5288]
 [  5517069.622  -16197757.7523  20037871.5361]]
68849.000
 [[-12472392.4368  -9531686.9355  21387535.0525]
 [ 12337986.8275 -23137033.6652   3188045.8617]
 [ 13344726.542   -7668600.153   21646692.2151]
 [ -4441722.8387 -20318109.7874  16542087.3222]
 [  5518518.0897 -16195616.0872  20039235.0215]]
68850.000
 [[-12471288.2431  -9534181.0072  21387066.9418]
 [ 12338051.8564 -23136553.2292   3191239.5059]
 [ 13346382.8159  -7666403.9785  21646462.0834]
 [ -4440702.0348 -20319928.1355  16540052.7643]
 [  5519966.7789 -16193474.3667  20040598.0703]]
68851.000
 [[-12470184.2133  -9536675.0871  21386598.3745]
 [ 12338116.754  -23136072.4253   3194433.081 ]
 [ 13348039.1971  -7664207.9234  21646231.4912]
 [ -4439681.4254 -20321746.309   16538017.855 ]
 [  5521415.6895 -16191332.591   20041960.6824]]
68852.000
 [[-12469080.3474  -9539169.1751  21386129.3507]
 [ 12338181.5206 -23135591.2535   3197626.5869]
 [ 13349695.6857  -7662011.9876  21646000.4385]
 [ -4438661.0106 -20323564.3077  16535982.5944]
 [  5522864.8216 -16189190.76    20043322.8579]]
68853.000
 [[-12467976.6455  -9541663.2713  21385659.8703]
 [ 12338246.1561 -23135109.7136   3200820.0236]
 [ 13351352.2816  -7659816.1712  21645768.9254]
 [ -4437640.7902 -20325382.1316  16533946.9827]
 [  5524314.1751 -16187048.8738  20044684.5967]]
68856.000
 [[-12464666.5235  -9549145.6077  21384248.6904]
 [ 12338439.2766 -23133662.8863   3210399.9181]
 [ 13356322.7127  -7653229.4388  21645071.6234]
 [ -4434581.2956 -20330834.5543  16527838.0401]
 [  5528663.564  -16180622.8848  20048767.1927]]
68857.000
 [[-12463563.4774  -9551639.7357  21383777.3841]
 [ 12338503.3883 -23133179.8744   3213593.0775]
 [ 13357979.7375  -7651034.1004  21644838.2686]
 [ -4433561.8529 -20332651.6786  16525801.0236]
 [  5530113.8031 -16178480.7785  20050127.1844]]
68860.000
 [[-12460255.3236  -9559122.1662  21382360.7266]
 [ 12338694.9389 -23131728.6307   3223172.1381]
 [ 13362951.4542  -7644448.8033  21644135.4415]
 [ -4430504.6914 -20338102.0009  16519687.8681]
 [  5534465.8485 -16172054.1307  20054204.5387]]
68862.000
 [[-12458050.7082  -9564110.4912  21381414.006 ]
 [ 12338821.9858 -23130759.2947   3229557.8298]
 [ 13366266.4668  -7640059.2042  21643664.5881]
 [ -4428467.5557 -20341734.673   16515610.6764]
 [  5537368.3186 -16167769.4256  20056920.5903]]
68864.000
 [[-12455846.7493  -9569098.846   21380465.4598]
 [ 12338948.5106 -23129788.4864   3235943.242 ]
 [ 13369581.9069  -7635670.0848  21643191.893 ]
 [ -4426431.1976 -20345366.6435  16511532.0814]
 [  5540271.6737 -16163484.5025  20059634.8939]]
68866.000
 [[-12453643.447   -9574087.2302  21379515.0881]
 [ 12339074.5136 -23128816.2056   3242328.374 ]
 [ 13372897.7742  -7631281.4454  21642717.3565]
 [ -4424395.6169 -20348997.9121  16507452.0834]
 [  5543175.9138 -16159199.362   20062347.4495]]
68867.000
 [[-12452542.0422  -9576581.4331  21379039.2177]
 [ 12339137.3195 -23128329.513    3245520.8349]
 [ 13374555.8679  -7629087.3058  21642479.3976]
 [ -4423378.118  -20350813.283   16505411.5583]
 [  5544628.3657 -16157056.7103  20063703.0717]]
68868.000
 [[-12451440.8016  -9579075.6432  21378562.8909]
 [ 12339199.9952 -23127842.4523   3248713.2255]
 [ 13376214.0683  -7626893.2863  21642240.9784]
 [ -4422360.8134 -20352628.4783  16503370.6826]
 [  5546081.0388 -16154914.0045  20065058.2567]]
68869.000
 [[-12450339.7252  -9581569.8604  21378086.1078]
 [ 12339262.5406 -23127355.0234   3251905.5458]
 [ 13377872.3754  -7624699.387   21642002.0988]
 [ -4421343.7032 -20354443.4978  16501329.4563]
 [  5547533.9331 -16152771.2445  20066413.0046]]
68871.000
 [[-12448138.0652  -9586558.3159  21377131.1724]
 [ 12339387.2411 -23126379.0612   3258289.9755]
 [ 13381189.3091  -7620311.9492  21641522.9586]
 [ -4419310.0655 -20358073.0096  16497245.952 ]
 [  5550440.3852 -16148485.5625  20069121.189 ]]
68872.000
 [[-12447037.4816  -9589052.554   21376653.0203]
 [ 12339449.3962 -23125890.5277   3261482.0846]
 [ 13382847.9358  -7618118.4108  21641282.698 ]
 [ -4418293.5381 -20359887.5017  16495203.6741]
 [  5551893.943  -16146342.6407  20070474.6253]]
68873.000
 [[-12445937.0623  -9591546.799   21376174.4118]
 [ 12339511.4213 -23125401.6261   3264674.1232]
 [ 13384506.6689  -7615924.9927  21641041.977 ]
 [ -4417277.2049 -20361701.8178  16493161.0458]
 [  5553347.722  -16144199.6649  20071827.6245]]
68874.000
 [[-12444836.8073  -9594041.0508  21375695.3471]
 [ 12339573.3164 -23124912.3562   3267866.0911]
 [ 13386165.5085  -7613731.6951  21640800.7957]
 [ -4416261.066  -20363515.958   16491118.067 ]
 [  5554801.722  -16142056.6354  20073180.1863]]
68875.000
 [[-12443736.7166  -9596535.3094  21375215.826 ]
 [ 12339635.0817 -23124422.7182   3271057.9884]
 [ 13387824.4544  -7611538.5179  21640559.154 ]
 [ -4415245.1213 -20365329.9221  16489074.7379]
 [  5556255.9432 -16139913.5522  20074532.3108]]
68879.000
 [[-12439337.9977  -9606512.4095  21373293.1791]
 [ 12339880.8446 -23122460.4833   3283824.8694]
 [ 13394461.301   -7602767.0151  21639587.9842]
 [ -4411183.2846 -20372584.0166  16480897.9187]
 [  5562075.0388 -16131340.6837  20079936.4354]]
68879.000
 [[-12439337.9977  -9606512.4095  21373293.1791]
 [ 12339880.8446 -23122460.4833   3283824.8694]
 [ 13394461.301   -7602767.0151  21639587.9842]
 [ -4411183.2846 -20372584.0166  16480897.9187]
 [  5562075.0388 -16131340.6837  20079936.4354]]
68880.000
 [[-12438238.729   -9609006.7008  21372811.3767]
 [ 12339941.9611 -23121969.0039   3287016.4123]
 [ 13396120.7781  -7600574.4411  21639344.041 ]
 [ -4410168.3109 -20374397.0995  16478852.8384]
 [  5563530.3653 -16129197.333   20081286.3731]]
68882.000
 [[-12436040.6851  -9613995.302   21371846.4033]
 [ 12340063.8054 -23120984.9402   3293399.2844]
 [ 13399440.0505  -7596189.6557  21638854.7737]
 [ -4408138.9461 -20378022.7359  16474761.6276]
 [  5566441.6812 -16124910.4719  20083984.9358]]
68883.000
 [[-12434941.9099  -9616489.6119  21371363.2323]
 [ 12340124.5332 -23120492.356    3296590.6136]
 [ 13401099.8458  -7593997.4443  21638609.4496]
 [ -4407124.555  -20379835.2892  16472715.4971]
 [  5567897.6705 -16122766.9616  20085333.5608]]
68884.000
 [[-12433843.2991  -9618983.928   21370879.6051]
 [ 12340185.1316 -23119999.4034   3299781.8715]
 [ 13402759.747   -7591805.3539  21638363.6653]
 [ -4406110.358  -20381647.666   16470669.0167]
 [  5569353.8809 -16120623.3982  20086681.7483]]
68886.000
 [[-12431646.5713  -9623972.5783  21369910.9821]
 [ 12340305.9403 -23119012.3932   3306164.1731]
 [ 13406079.8672  -7587421.5361  21637870.7157]
 [ -4404082.5465 -20385271.8895  16466575.0061]
 [  5572266.9644 -16116336.1125  20089376.8106]]
68887.000
 [[-12430548.4542  -9626466.9124  21369425.9863]
 [ 12340366.1507 -23118518.3355   3309355.2166]
 [ 13407740.0861  -7585229.8088  21637623.5506]
 [ -4403068.9319 -20387083.7361  16464527.476 ]
 [  5573723.8375 -16114192.3903  20090723.6852]]
68888.000
 [[-12429450.5017  -9628961.2523  21368940.5344]
 [ 12340426.2318 -23118023.9095   3312546.1885]
 [ 13409400.4107  -7583038.2028  21637375.9252]
 [ -4402055.5115 -20388895.4058  16462479.5961]
 [  5575180.9315 -16112048.6154  20092070.1222]]
68889.000
 [[-12428352.7138  -9631455.5981  21368454.6264]
 [ 12340486.1838 -23117529.1152   3315737.0888]
 [ 13411060.8411  -7580846.7179  21637127.8395]
 [ -4401042.2852 -20390706.8986  16460431.3664]
 [  5576638.2464 -16109904.7877  20093416.1214]]
68890.000
 [[-12427255.0906  -9633949.9497  21367968.2622]
 [ 12340546.0067 -23117033.9524   3318927.9173]
 [ 13412721.3772  -7578655.3543  21636879.2936]
 [ -4400029.2529 -20392518.2144  16458382.787 ]
 [  5578095.7821 -16107760.9073  20094761.683 ]]
68891.000
 [[-12426157.6319  -9636444.3069  21367481.4419]
 [ 12340605.7004 -23116538.4212   3322118.674 ]
 [ 13414382.019   -7576464.1119  21636630.2874]
 [ -4399016.4148 -20394329.3533  16456333.8579]
 [  5579553.5387 -16105616.9743  20096106.8068]]
68892.000
 [[-12425060.338   -9638938.6697  21366994.1655]
 [ 12340665.2652 -23116042.5217   3325309.3588]
 [ 13416042.7664  -7574272.991   21636380.8211]
 [ -4398003.7707 -20396140.315   16454284.5792]
 [  5581011.516  -16103472.9888  20097451.4927]]
68893.000
 [[-12423963.2087  -9641433.0381  21366506.433 ]
 [ 12340724.701  -23115546.2537   3328499.9717]
 [ 13417703.6193  -7572081.9915  21636130.8945]
 [ -4396991.3207 -20397951.0996  16452234.9509]
 [  5582469.7142 -16101328.9509  20098795.7409]]
68897.000
 [[-12419576.3389  -9651410.5657  21364550.942 ]
 [ 12340961.1554 -23113557.4973   3341261.7022]
 [ 13424348.0859  -7563319.2086  21635126.586 ]
 [ -4392943.4613 -20405192.4652  16444032.9425]
 [  5588304.7146 -16092752.276   20104168.3548]]
68899.000
 [[-12417383.8926  -9656399.361   21363570.4602]
 [ 12341078.6101 -23112560.9085   3347642.1337]
 [ 13427670.9513  -7558938.5472  21634621.6705]
 [ -4390920.6958 -20408812.0835  16439929.842 ]
 [  5591223.539  -16088463.6258  20106852.034 ]]
68900.000
 [[-12416287.9167  -9658893.7664  21363079.5353]
 [ 12341137.1445 -23112062.0612   3350832.241 ]
 [ 13429332.542   -7556748.399   21634368.5225]
 [ -4389909.6041 -20410621.6264  16437877.7676]
 [  5592683.2823 -16086319.2226  20108193.2166]]
68901.000
 [[-12415192.1055  -9661388.1769  21362588.1543]
 [ 12341195.5505 -23111562.8455   3354022.2757]
 [ 13430994.2379  -7554558.3726  21634114.9143]
 [ -4388898.7062 -20412430.9916  16435825.344 ]
 [  5594143.2463 -16084174.7675  20109533.9612]]
68902.000
 [[-12414096.4592  -9663882.5924  21362096.3173]
 [ 12341253.8279 -23111063.2612   3357212.238 ]
 [ 13432656.039   -7552368.4681  21633860.846 ]
 [ -4387888.0024 -20414240.1792  16433772.5712]
 [  5595603.431  -16082030.2606  20110874.2678]]
68903.000
 [[-12413000.9777  -9666377.0128  21361604.0243]
 [ 12341311.9769 -23110563.3084   3360402.1276]
 [ 13434317.9453  -7550178.6854  21633606.3174]
 [ -4386877.4924 -20416049.1891  16431719.4491]
 [  5597063.8364 -16079885.7018  20112214.1363]]
68905.000
 [[-12410810.5093  -9671365.8683  21360618.0703]
 [ 12341427.8899 -23109562.2971   3366781.6888]
 [ 13437642.0731  -7545799.4859  21633095.8799]
 [ -4384857.0544 -20419666.6755  16427612.1576]
 [  5599985.3092 -16075596.4292  20114892.5588]]
68906.000
 [[-12409715.5225  -9673860.3032  21360124.4093]
 [ 12341485.6539 -23109061.2386   3369971.3602]
 [ 13439304.2946  -7543610.0692  21632839.9709]
 [ -4383847.1262 -20421475.1519  16425557.9882]
 [  5601446.3765 -16073451.7154  20116231.1129]]
68908.000
 [[-12407526.0437  -9678849.1869  21359135.7196]
 [ 12341600.7974 -23108058.0159   3376350.4841]
 [ 13442629.0523  -7539231.6023  21632326.7725]
 [ -4381827.8517 -20425091.5706  16421448.6024]
 [  5604369.1728 -16069162.1336  20118906.9063]]
68909.000
 [[-12406431.5517  -9681343.6356  21358640.6908]
 [ 12341658.1769 -23107555.8516   3379539.9366]
 [ 13444291.5885  -7537042.5521  21632069.4831]
 [ -4380818.5052 -20426899.5128  16419393.3861]
 [  5605830.9018 -16067017.2655  20120244.1457]]
68910.000
 [[-12405337.2247  -9683838.0887  21358145.206 ]
 [ 12341715.4283 -23107053.3188   3382729.3159]
 [ 13445954.2296  -7534853.6241  21631811.7335]
 [ -4379809.3527 -20428707.277   16417337.8208]
 [  5607292.8513 -16064872.3462  20121580.9467]]
68911.000
 [[-12404243.0627  -9686332.5463  21357649.2654]
 [ 12341772.5518 -23106550.4173   3385918.622 ]
 [ 13447616.9754  -7532664.8185  21631553.5239]
 [ -4378800.394  -20430514.8628  16415281.9068]
 [  5608755.0213 -16062727.3757  20122917.3094]]
68912.000
 [[-12403149.0658  -9688827.0082  21357152.8689]
 [ 12341829.5472 -23106047.1472   3389107.8549]
 [ 13449279.8259  -7530476.1353  21631294.8541]
 [ -4377791.6292 -20432322.2705  16413225.6439]
 [  5610217.4119 -16060582.354   20124253.2338]]
68914.000
 [[-12400961.567   -9693815.9448  21356158.7081]
 [ 12341943.1545 -23105039.501    3395486.1007]
 [ 13452605.8411  -7526099.1361  21630776.1343]
 [ -4375774.6812 -20435936.5507  16409112.0718]
 [  5613142.8544 -16056292.1573  20126923.7674]]
68915.000
 [[-12399868.0652  -9696310.4194  21355660.9439]
 [ 12341999.7664 -23104535.1249   3398675.1134]
 [ 13454269.0056  -7523910.8202  21630516.0842]
 [ -4374766.4979 -20437743.4231  16407054.7628]
 [  5614605.9064 -16054146.9826  20128258.3766]]
68916.000
 [[-12398774.7285  -9698804.8981  21355162.7238]
 [ 12342056.2505 -23104030.3802   3401864.0526]
 [ 13455932.2747  -7521722.6269  21630255.574 ]
 [ -4373758.5084 -20439550.1171  16404997.105 ]
 [  5616069.1789 -16052001.7569  20129592.5473]]
68918.000
 [[-12396588.5505  -9703793.8675  21354164.9161]
 [ 12342168.8358 -23103019.7846   3408241.7102]
 [ 13459259.1264  -7517346.6082  21629733.1735]
 [ -4371743.1109 -20443162.9692  16400880.7438]
 [  5618996.385  -16047711.1531  20132259.5733]]
68919.000
 [[-12395495.7092  -9706288.358   21353665.3285]
 [ 12342224.937  -23102513.9338   3411430.4284]
 [ 13460922.709   -7515158.7829  21629471.2831]
 [ -4370735.7029 -20444969.1273  16398822.0404]
 [  5620460.3186 -16045565.7752  20133592.4285]]
68920.000
 [[-12394403.0331  -9708782.8524  21353165.2851]
 [ 12342280.9106 -23102007.7143   3414619.0728]
 [ 13462586.3959  -7512971.0804  21629208.9326]
 [ -4369728.4886 -20446775.1066  16396762.9885]
 [  5621924.4726 -16043420.3466  20134924.8451]]
68921.000
 [[-12393310.5222  -9711277.3505  21352664.7858]
 [ 12342336.7568 -23101501.126    3417807.6433]
 [ 13464250.1871  -7510783.5007  21628946.1221]
 [ -4368721.4682 -20448580.9071  16394703.5883]
 [  5623388.847  -16041274.8676  20136256.8231]]
68922.000
 [[-12392218.1765  -9713771.8522  21352163.8308]
 [ 12342392.4754 -23100994.1691   3420996.1397]
 [ 13465914.0826  -7508596.044   21628682.8516]
 [ -4367714.6415 -20450386.5287  16392643.8396]
 [  5624853.4416 -16039129.3381  20137588.3625]]
68923.000
 [[-12391125.9961  -9716266.3576  21351662.42  ]
 [ 12342448.0667 -23100486.8434   3424184.5622]
 [ 13467578.0823  -7506408.7102  21628419.121 ]
 [ -4366708.0087 -20452191.9714  16390583.7427]
 [  5626318.2565 -16036983.7582  20138919.4631]]
68925.000
 [[-12388942.1309  -9721255.3791  21350658.2311]
 [ 12342558.8673 -23099471.0857   3430561.1848]
 [ 13470906.3944  -7502034.4115  21627890.2797]
 [ -4364695.3241 -20455802.3197  16386462.5038]
 [  5629248.5473 -16032692.4475  20141580.3485]]
68926.000
 [[-12387850.4462  -9723749.895   21350155.453 ]
 [ 12342614.0767 -23098962.6537   3433749.3848]
 [ 13472570.7066  -7499847.4467  21627625.169 ]
 [ -4363689.2724 -20457607.2252  16384401.3621]
 [  5630714.0231 -16030546.7168  20142910.1331]]
68927.000
 [[-12386758.9269  -9726244.4142  21349652.2191]
 [ 12342669.159  -23098453.853    3436937.5104]
 [ 13474235.1229  -7497660.6051  21627359.5983]
 [ -4362683.4144 -20459411.9515  16382339.8721]
 [  5632179.7191 -16028400.9361  20144239.4788]]
68928.000
 [[-12385667.5729  -9728738.9368  21349148.5295]
 [ 12342724.1141 -23097944.6834   3440125.5617]
 [ 13475899.6432  -7495473.8867  21627093.5675]
 [ -4361677.7502 -20461216.4987  16380278.0341]
 [  5633645.6354 -16026255.1052  20145568.3858]]
68929.000
 [[-12384576.3842  -9731233.4626  21348644.3842]
 [ 12342778.9421 -23097435.145    3443313.5386]
 [ 13477564.2675  -7493287.2915  21626827.0768]
 [ -4360672.2796 -20463020.8665  16378215.8479]
 [  5635111.7719 -16024109.2244  20146896.854 ]]
68930.000
 [[-12383485.3609  -9733727.9915  21348139.7832]
 [ 12342833.6431 -23096925.2379   3446501.4409]
 [ 13479228.9957  -7491100.8197  21626560.1261]
 [ -4359667.0028 -20464825.0549  16376153.3138]
 [  5636578.1286 -16021963.2937  20148224.8833]]
68931.000
 [[-12382394.5029  -9736222.5235  21347634.7265]
 [ 12342888.2171 -23096414.9619   3449689.2686]
 [ 13480893.8277  -7488914.4712  21626292.7154]
 [ -4358661.9197 -20466629.0639  16374090.4316]
 [  5638044.7053 -16019817.3132  20149552.4737]]
68932.000
 [[-12381303.8104  -9738717.0586  21347129.2141]
 [ 12342942.6642 -23095904.3171   3452877.0216]
 [ 13482558.7637  -7486728.2461  21626024.8446]
 [ -4357657.0302 -20468432.8935  16372027.2015]
 [  5639511.5023 -16017671.2828  20150879.6252]]
68936.000
 [[-12376942.6943  -9748695.2285  21345102.6077]
 [ 12343159.1847 -23093858.0492   3465627.2864]
 [ 13489219.5453  -7477984.5801  21624948.762 ]
 [ -4353639.4084 -20475646.4162  16363770.8019]
 [  5645380.8919 -16009086.6648  20156183.8418]]
68939.000
 [[-12373673.5946  -9756178.885   21343577.8687]
 [ 12343320.245  -23092319.4748   3475189.198 ]
 [ 13494216.2198  -7471428.1285  21624136.8704]
 [ -4350628.2249 -20481054.671   16357574.8506]
 [  5649785.2451 -16002647.6817  20160157.3944]]
68940.000
 [[-12372584.2258  -9758673.4424  21343068.7112]
 [ 12343373.6788 -23091805.8789   3478376.3516]
 [ 13495881.9851  -7469242.892   21623865.32  ]
 [ -4349624.8842 -20482857.0628  16355508.8381]
 [  5651253.803  -16000501.2554  20161481.0337]]
68941.000
 [[-12371495.0225  -9761168.0023  21342559.098 ]
 [ 12343426.9861 -23091291.914    3481563.4299]
 [ 13497547.8538  -7467057.7794  21623593.3097]
 [ -4348621.7371 -20484659.2746  16353442.4781]
 [  5652722.5809 -15998354.78    20162804.2339]]
68942.000
 [[-12370405.9847  -9763662.5645  21342049.0293]
 [ 12343480.1671 -23090777.5802   3484750.4329]
 [ 13499213.8259  -7464872.7907  21623320.8394]
 [ -4347618.7835 -20486461.3064  16351375.7705]
 [  5654191.5787 -15996208.2555  20164126.9949]]
68943.000
 [[-12369317.1125  -9766157.1292  21341538.5049]
 [ 12343533.2217 -23090262.8774   3487937.3605]
 [ 13500879.9015  -7462687.9259  21623047.9092]
 [ -4346616.0235 -20488263.1581  16349308.7154]
 [  5655660.7966 -15994061.6819  20165449.3167]]
68944.000
 [[-12368228.4059  -9768651.6962  21341027.525 ]
 [ 12343586.1501 -23089747.8056   3491124.2128]
 [ 13502546.0804  -7460503.1849  21622774.5191]
 [ -4345613.4569 -20490064.8297  16347241.3128]
 [  5657130.2346 -15991915.0593  20166771.1993]]
68945.000
 [[-12367139.8648  -9771146.2656  21340516.0895]
 [ 12343638.9523 -23089232.3648   3494310.9897]
 [ 13504212.3627  -7458318.5679  21622500.669 ]
 [ -4344611.0837 -20491866.3211  16345173.5626]
 [  5658599.8926 -15989768.3876  20168092.6427]]
68946.000
 [[-12366051.4893  -9773640.8372  21340004.1985]
 [ 12343691.6284 -23088716.555    3497497.691 ]
 [ 13505878.7482  -7456134.0749  21622226.3591]
 [ -4343608.904  -20493667.6323  16343105.4651]
 [  5660069.7706 -15987621.6671  20169413.6468]]
68947.000
 [[-12364963.2795  -9776135.4109  21339491.852 ]
 [ 12343744.1784 -23088200.3762   3500684.3166]
 [ 13507545.2369  -7453949.706   21621951.5893]
 [ -4342606.9178 -20495468.7631  16341037.0202]
 [  5661539.8685 -15985474.8978  20170734.2116]]
68949.000
 [[-12362787.357   -9781124.5642  21338465.7923]
 [ 12343848.9    -23087166.9116   3507057.3403]
 [ 13510878.5237  -7449581.3411  21621400.67  ]
 [ -4340603.526  -20499070.4833  16336899.0887]
 [  5664480.7239 -15981181.2134  20173374.0231]]
68950.000
 [[-12361699.6443  -9783619.1436  21337952.0793]
 [ 12343901.0718 -23086649.6258   3510243.7383]
 [ 13512545.3216  -7447397.3451  21621124.5205]
 [ -4339602.1203 -20500871.0726  16334829.6022]
 [  5665951.4813 -15979034.2984  20174693.2697]]
68951.000
 [[-12360612.0974  -9786113.7248  21337437.9108]
 [ 12343953.1177 -23086131.971    3513430.0604]
 [ 13514212.2225  -7445213.4734  21620847.9112]
 [ -4338600.9082 -20502671.4813  16332759.7685]
 [  5667422.4586 -15976887.3349  20176012.0769]]
68952.000
 [[-12359524.7163  -9788608.3078  21336923.2868]
 [ 12344005.0378 -23085613.9472   3516616.3064]
 [ 13515879.2264  -7443029.7261  21620570.842 ]
 [ -4337599.8895 -20504471.7093  16330689.5877]
 [  5668893.6557 -15974740.3231  20177330.4446]]
68953.000
 [[-12358437.5009  -9791102.8924  21336408.2073]
 [ 12344056.832  -23085095.5543   3519802.4762]
 [ 13517546.3331  -7440846.1033  21620293.3129]
 [ -4336599.0642 -20506271.7566  16328619.0598]
 [  5670365.0726 -15972593.2629  20178648.3728]]
68954.000
 [[-12357350.4513  -9793597.4788  21335892.6724]
 [ 12344108.5005 -23084576.7924   3522988.57  ]
 [ 13519213.5428  -7438662.6049  21620015.324 ]
 [ -4335598.4324 -20508071.6232  16326548.1849]
 [  5671836.7093 -15970446.1544  20179965.8615]]
68955.000
 [[-12356263.5674  -9796092.0668  21335376.682 ]
 [ 12344160.0433 -23084057.6613   3526174.5876]
 [ 13520880.8554  -7436479.231   21619736.8753]
 [ -4334597.9939 -20509871.309   16324476.9629]
 [  5673308.5659 -15968298.9976  20181282.9107]]
68956.000
 [[-12355176.8493  -9798586.6564  21334860.2362]
 [ 12344211.4605 -23083538.1611   3529360.529 ]
 [ 13522548.2708  -7434295.9817  21619457.9667]
 [ -4333597.7487 -20511670.8139  16322405.3939]
 [  5674780.6423 -15966151.7926  20182599.5204]]
68957.000
 [[-12354090.297   -9801081.2475  21334343.335 ]
 [ 12344262.7521 -23083018.2918   3532546.394 ]
 [ 13524215.789   -7432112.8569  21619178.5983]
 [ -4332597.6969 -20513470.138   16320333.478 ]
 [  5676252.9384 -15964004.5395  20183915.6905]]
68959.000
 [[-12351917.69    -9806070.4338  21333308.1663]
 [ 12344364.9588 -23081977.4459   3538917.8948]
 [ 13527551.1334  -7427746.9813  21618618.482 ]
 [ -4330598.1735 -20517068.243   16316188.6055]
 [  5679198.19   -15959709.8893  20186546.7118]]
68960.000
 [[-12350831.6354  -9808565.0289  21332789.8988]
 [ 12344415.874  -23081456.4693   3542103.5303]
 [ 13529218.9595  -7425564.2307  21618337.7341]
 [ -4329598.7018 -20518867.0238  16314115.6491]
 [  5680671.1453 -15957562.4924  20187861.5629]]
68961.000
 [[-12349745.7466  -9811059.6251  21332271.176 ]
 [ 12344466.6638 -23080935.1235   3545289.0892]
 [ 13530886.8883  -7423381.605   21618056.5264]
 [ -4328599.4234 -20520665.6235  16312042.3459]
 [  5682144.3203 -15955415.0477  20189175.9743]]
68962.000
 [[-12348660.0238  -9813554.2225  21331751.9979]
 [ 12344517.3282 -23080413.4087   3548474.5714]
 [ 13532554.9195  -7421199.1041  21617774.8589]
 [ -4327600.3385 -20522464.0419  16309968.6961]
 [  5683617.715  -15953267.5553  20190489.946 ]]
68963.000
 [[-12347574.4669  -9816048.8209  21331232.3644]
 [ 12344567.8674 -23079891.3246   3551659.9767]
 [ 13534223.0531  -7419016.7282  21617492.7317]
 [ -4326601.4469 -20524262.279   16307894.6996]
 [  5685091.3293 -15951120.0153  20191803.4779]]
68964.000
 [[-12346489.076   -9818543.4202  21330712.2755]
 [ 12344618.2813 -23079368.8715   3554845.3051]
 [ 13535891.2892  -7416834.4773  21617210.1446]
 [ -4325602.7486 -20526060.3347  16305820.3565]
 [  5686565.1632 -15948972.4276  20193116.5701]]
68965.000
 [[-12345403.8511  -9821038.0205  21330191.7313]
 [ 12344668.57   -23078846.0491   3558030.5566]
 [ 13537559.6276  -7414652.3515  21616927.0978]
 [ -4324604.2436 -20527858.2089  16303745.6669]
 [  5688039.2166 -15946824.7925  20194429.2224]]
68968.000
 [[-12342149.1724  -9828521.8262  21328627.3669]
 [ 12344818.6856 -23077275.367    3567585.8489]
 [ 13542565.2569  -7408106.7247  21616075.1988]
 [ -4321609.8885 -20533250.7426  16297519.5189]
 [  5692462.6946 -15940381.6026  20198364.5401]]
68969.000
 [[-12341064.6116  -9831016.4296  21328105.0016]
 [ 12344868.4742 -23076751.0678   3570770.792 ]
 [ 13544234.0044  -7405925.0996  21615790.3129]
 [ -4320612.1567 -20535047.8906  16295443.4434]
 [  5693937.6263 -15938233.7781  20199675.4328]]
68970.000
 [[-12339980.2168  -9833511.0335  21327582.1809]
 [ 12344918.1378 -23076226.3995   3573955.6579]
 [ 13545902.8541  -7403743.5997  21615504.9673]
 [ -4319614.6181 -20536844.8569  16293367.0216]
 [  5695412.7776 -15936085.9064  20200985.8856]]
68972.000
 [[-12337811.9256  -9838500.2429  21326535.1738]
 [ 12345017.0905 -23075175.9551   3580325.1574]
 [ 13549240.8598  -7399380.976   21614932.8969]
 [ -4317620.1207 -20540438.244   16289213.139 ]
 [  5698363.7386 -15931790.0217  20203605.4713]]
68973.000
 [[-12336728.0291  -9840994.8483  21326010.9874]
 [ 12345066.3797 -23074650.1791   3583509.791 ]
 [ 13550910.0157  -7397199.8523  21614646.1721]
 [ -4316623.1618 -20542234.6647  16287135.6783]
 [  5699839.5484 -15929642.0089  20204914.604 ]]
68974.000
 [[-12335644.2988  -9843489.4541  21325486.3458]
 [ 12345115.5442 -23074124.0338   3586694.3471]
 [ 13552579.2736  -7395018.8541  21614358.9876]
 [ -4315626.3962 -20544030.9035  16285057.8714]
 [  5701315.5776 -15927493.9491  20206223.2968]]
68975.000
 [[-12334560.7346  -9845984.0601  21324961.2489]
 [ 12345164.5841 -23073597.5191   3589878.8256]
 [ 13554248.6334  -7392837.9813  21614071.3433]
 [ -4314629.8237 -20545826.9604  16282979.7183]
 [  5702791.8262 -15925345.8425  20207531.5494]]
68976.000
 [[-12333477.3366  -9848478.6665  21324435.6968]
 [ 12345213.4995 -23073070.6352   3593063.2265]
 [ 13555918.0952  -7390657.2342  21613783.2394]
 [ -4313633.4443 -20547622.8351  16280901.2191]
 [  5704268.2944 -15923197.689   20208839.362 ]]
68977.000
 [[-12332394.1047  -9850973.273   21323909.6895]
 [ 12345262.2903 -23072543.382    3596247.5496]
 [ 13557587.6589  -7388476.6126  21613494.6758]
 [ -4312637.2581 -20549418.5278  16278822.3738]
 [  5705744.982  -15921049.4889  20210146.7344]]
68978.000
 [[-12331311.039   -9853467.8796  21323383.2271]
 [ 12345310.9566 -23072015.7595   3599431.7949]
 [ 13559257.3243  -7386296.1167  21613205.6524]
 [ -4311641.2651 -20551214.0382  16276743.1826]
 [  5707221.8889 -15918901.2421  20211453.6666]]
68979.000
 [[-12330228.1396  -9855962.4862  21322856.3094]
 [ 12345359.4984 -23071487.7677   3602615.9623]
 [ 13560927.0915  -7384115.7466  21612916.1694]
 [ -4310645.4653 -20553009.3664  16274663.6453]
 [  5708699.0152 -15916752.9488  20212760.1586]]
68981.000
 [[-12328062.8395  -9860951.6993  21321801.1087]
 [ 12345456.209  -23070430.6762   3608984.0631]
 [ 13564266.931   -7379755.3837  21612335.8244]
 [ -4308654.445  -20556599.4758  16270503.533 ]
 [  5711653.9258 -15912456.2227  20215371.822 ]]
68982.000
 [[-12326980.4388  -9863446.3057  21321272.8256]
 [ 12345504.3779 -23069901.5764   3612167.9964]
 [ 13565937.0033  -7377575.3911  21612044.9624]
 [ -4307659.2245 -20558394.257   16268422.958 ]
 [  5713131.7102 -15910307.79    20216676.9933]]
68983.000
 [[-12325898.2044  -9865940.9119  21320744.0874]
 [ 12345552.4226 -23069372.1072   3615351.8517]
 [ 13567607.1772  -7375395.5243  21611753.6407]
 [ -4306664.1971 -20560188.8556  16266342.0372]
 [  5714609.7138 -15908159.311   20217981.7243]]
68984.000
 [[-12324816.1362  -9868435.5179  21320214.894 ]
 [ 12345600.3432 -23068842.2686   3618535.6287]
 [ 13569277.4526  -7373215.7834  21611461.8593]
 [ -4305669.3627 -20561983.2718  16264260.7706]
 [  5716087.9369 -15906010.7857  20219286.015 ]]
68985.000
 [[-12323734.2343  -9870930.1237  21319685.2455]
 [ 12345648.1397 -23068312.0606   3621719.3276]
 [ 13570947.8296  -7371036.1685  21611169.6183]
 [ -4304674.7214 -20563777.5054  16262179.1582]
 [  5717566.3792 -15903862.2142  20220589.8653]]
68986.000
 [[-12322652.4988  -9873424.729   21319155.1419]
 [ 12345695.8122 -23067781.4833   3624902.948 ]
 [ 13572618.3081  -7368856.6797  21610876.9177]
 [ -4303680.2731 -20565571.5564  16260097.2001]
 [  5719045.0409 -15901713.5966  20221893.2753]]
68987.000
 [[-12321570.9296  -9875919.3338  21318624.5833]
 [ 12345743.3606 -23067250.5366   3628086.49  ]
 [ 13574288.8879  -7366677.317   21610583.7574]
 [ -4302686.0179 -20567365.4246  16258014.8963]
 [  5720523.9217 -15899564.933   20223196.2449]]
68988.000
 [[-12320489.5269  -9878413.9381  21318093.5696]
 [ 12345790.785  -23066719.2205   3631269.9535]
 [ 13575959.5691  -7364498.0805  21610290.1376]
 [ -4301691.9557 -20569159.1101  16255932.247 ]
 [  5722003.0218 -15897416.2235  20224498.774 ]]
68989.000
 [[-12319408.2905  -9880908.5417  21317562.1008]
 [ 12345838.0856 -23066187.5349   3634453.3384]
 [ 13577630.3516  -7362318.9703  21609996.0581]
 [ -4300698.0867 -20570952.6127  16253849.2521]
 [  5723482.341  -15895267.4681  20225800.8626]]
68990.000
 [[-12318327.2205  -9883403.1447  21317030.1769]
 [ 12345885.2623 -23065655.48     3637636.6447]
 [ 13579301.2354  -7360139.9863  21609701.5189]
 [ -4299704.4106 -20572745.9323  16251765.9118]
 [  5724961.8794 -15893118.6669  20227102.5107]]
68991.000
 [[-12317246.317   -9885897.7469  21316497.7981]
 [ 12345932.3152 -23065123.0556   3640819.8723]
 [ 13580972.2204  -7357961.1287  21609406.5202]
 [ -4298710.9275 -20574539.0691  16249682.2259]
 [  5726441.637  -15890969.8199  20228403.7184]]
68992.000
 [[-12316165.5798  -9888392.3484  21315964.9641]
 [ 12345979.2443 -23064590.2618   3644003.021 ]
 [ 13582643.3066  -7355782.3974  21609111.0619]
 [ -4297717.6374 -20576332.0228  16247598.1946]
 [  5727921.6138 -15888820.9272  20229704.4854]]
68993.000
 [[-12315085.0092  -9890886.949   21315431.6752]
 [ 12346026.0498 -23064057.0986   3647186.091 ]
 [ 13584314.4939  -7353603.7926  21608815.144 ]
 [ -4296724.5404 -20578124.7935  16245513.8179]
 [  5729401.8097 -15886671.9889  20231004.8119]]
68995.000
 [[-12312924.3673  -9895876.1474  21314363.7324]
 [ 12346119.2899 -23062989.6637   3653551.994 ]
 [ 13587657.1718  -7349246.9623  21608221.9295]
 [ -4294738.9251 -20581709.7854  16241344.0285]
 [  5732362.8588 -15882373.9757  20233604.1431]]
68996.000
 [[-12311844.2961  -9898370.7451  21313829.0785]
 [ 12346165.7247 -23062455.392    3656734.8271]
 [ 13589328.6624  -7347068.7369  21607924.6328]
 [ -4293746.4069 -20583502.0065  16239258.6158]
 [  5733843.7121 -15880224.9009  20234903.1478]]
69000.000
 [[-12307525.6765  -9908349.1246  21311685.9131]
 [ 12346350.2298 -23060314.6101   3669465.3678]
 [ 13596015.634   -7338357.1019  21606730.8507]
 [ -4289778.2629 -20590669.0577  16230913.5131]
 [  5739769.316  -15871628.1487  20240094.7594]]
69001.000
 [[-12306446.438   -9910843.7161  21311148.9844]
 [ 12346396.0478 -23059778.4908   3672647.8046]
 [ 13597687.629   -7336179.51    21606431.2563]
 [ -4288786.7093 -20592460.3618  16228826.3747]
 [  5741251.2645 -15869478.8478  20241391.5604]]
69002.000
 [[-12305367.3662  -9913338.3062  21310611.6009]
 [ 12346441.7425 -23059242.002    3675830.162 ]
 [ 13599359.7247  -7334002.0451  21606131.2024]
 [ -4287795.3485 -20594251.4822  16226738.8913]
 [  5742733.432  -15867329.5019  20242687.9205]]
69003.000
 [[-12304288.461   -9915832.8948  21310073.7624]
 [ 12346487.3141 -23058705.1437   3679012.4398]
 [ 13601031.921   -7331824.7071  21605830.6889]
 [ -4286804.1806 -20596042.419   16224651.063 ]
 [  5744215.8184 -15865180.1111  20243983.8398]]
69004.000
 [[-12303209.7225  -9918327.4818  21309535.469 ]
 [ 12346532.7625 -23058167.9159   3682194.6379]
 [ 13602704.218   -7329647.4961  21605529.716 ]
 [ -4285813.2055 -20597833.1721  16222562.8897]
 [  5745698.4237 -15863030.6755  20245279.3183]]
69005.000
 [[-12302131.1506  -9920822.0672  21308996.7208]
 [ 12346578.0879 -23057630.3185   3685376.7564]
 [ 13604376.6156  -7327470.4122  21605228.2835]
 [ -4284822.4234 -20599623.7413  16220474.3716]
 [  5747181.2479 -15860881.1951  20246574.3558]]
69006.000
 [[-12301052.7455  -9923316.6508  21308457.5177]
 [ 12346623.2903 -23057092.3515   3688558.7951]
 [ 13606049.1137  -7325293.4553  21604926.3916]
 [ -4283831.8341 -20601414.1267  16218385.5087]
 [  5748664.291  -15858731.6699  20247868.9523]]
69008.000
 [[-12298896.4352  -9928305.8128  21307377.7469]
 [ 12346713.3263 -23056015.3088   3694922.6331]
 [ 13609394.4115  -7320939.9229  21604321.2292]
 [ -4281851.2339 -20604994.3458  16214206.7483]
 [  5751631.0341 -15854432.4856  20250456.8227]]
69009.000
 [[-12297818.5301  -9930800.3911  21306837.1792]
 [ 12346758.1601 -23055476.233    3698104.4323]
 [ 13611067.2111  -7318763.3474  21604017.9587]
 [ -4280861.223  -20606784.1794  16212116.8511]
 [  5753114.7339 -15852282.8267  20251750.0963]]
69010.000
 [[-12296740.7918  -9933294.9674  21306296.1567]
 [ 12346802.8711 -23054936.7876   3701286.1514]
 [ 13612740.1111  -7316586.8992  21603714.2289]
 [ -4279871.4049 -20608573.8289  16210026.6091]
 [  5754598.6526 -15850133.1232  20253042.929 ]]
69013.000
 [[-12293508.5775  -9940778.6841  21304670.3604]
 [ 12346936.2678 -23053316.2336   3710830.8281]
 [ 13617759.4129  -7310058.3187  21602800.2824]
 [ -4276903.1071 -20613941.6725  16203753.8157]
 [  5759051.7215 -15843683.7468  20256918.7805]]
69014.000
 [[-12292431.5064  -9943273.2519  21304127.5188]
 [ 12346980.4881 -23052775.3097   3714012.2264]
 [ 13619432.7139  -7307882.3801  21602494.7147]
 [ -4275914.0601 -20615730.5851  16201662.1955]
 [  5760536.5153 -15841533.8662  20258209.8487]]
69016.000
 [[-12290277.8647  -9948262.3806  21303040.4712]
 [ 12347068.5612 -23051692.353    3720374.7818]
 [ 13622779.6163  -7303530.8857  21601882.201 ]
 [ -4273936.5443 -20619307.857   16197477.9219]
 [  5763506.7591 -15837233.9729  20260790.6616]]
69018.000
 [[-12288124.8906  -9953251.4994  21301951.6047]
 [ 12347156.1445 -23050607.9177   3726737.015 ]
 [ 13626126.9188  -7299179.9019  21601267.8496]
 [ -4271959.7996 -20622884.3909  16193292.271 ]
 [  5766477.8776 -15832933.9039  20263369.7094]]
69019.000
 [[-12287048.6539  -9955746.0551  21301406.4894]
 [ 12347199.7527 -23050065.1455   3729918.0107]
 [ 13627800.7201  -7297004.6015  21600959.9848]
 [ -4270971.7162 -20624672.381   16191198.9291]
 [  5767963.7649 -15830783.8036  20264658.5715]]
69020.000
 [[-12285972.5841  -9958240.6082  21300860.9193]
 [ 12347243.2387 -23049522.0035   3733098.9258]
 [ 13629474.6213  -7294829.4288  21600651.6605]
 [ -4269983.8254 -20626460.1865  16189105.2428]
 [  5769449.871  -15828633.6594  20265946.9923]]
69022.000
 [[-12283820.9451  -9963229.7067  21299768.4151]
 [ 12347329.8442 -23048434.6104   3739460.5138]
 [ 13632822.7235  -7290479.4667  21600033.6339]
 [ -4268008.6218 -20630035.2433  16184916.8377]
 [  5772422.7391 -15824333.2398  20268522.5099]]
69023.000
 [[-12282745.376   -9965724.2519  21299221.481 ]
 [ 12347372.9638 -23047890.3592   3742641.1865]
 [ 13634496.9244  -7288304.6774  21599723.9315]
 [ -4267021.3089 -20631822.4945  16182822.1189]
 [  5773909.5011 -15822182.9646  20269809.6067]]
69024.000
 [[-12281669.974   -9968218.7942  21298674.0922]
 [ 12347415.9613 -23047345.7383   3745821.7781]
 [ 13636171.225   -7286130.0162  21599413.7697]
 [ -4266034.1887 -20633609.5608  16180727.0561]
 [  5775396.4817 -15820032.646   20271096.2621]]
69027.000
 [[-12278444.7699  -9975702.4031  21297029.198 ]
 [ 12347544.2221 -23045709.6571   3755363.0665]
 [ 13641194.7247  -7279606.8007  21598480.5283]
 [ -4263073.9837 -20638969.6497  16174439.8036]
 [  5779858.7348 -15813581.4297  20274953.5794]]
69028.000
 [[-12277370.036   -9978196.9333  21296479.9907]
 [ 12347586.732  -23045163.5572   3758543.3335]
 [ 13642869.4238  -7277432.6518  21598168.5291]
 [ -4262087.6339 -20640755.9758  16172343.365 ]
 [  5781346.5896 -15811430.9377  20276238.4688]]
69029.000
 [[-12276295.4691  -9980691.4603  21295930.3288]
 [ 12347629.1201 -23044617.0875   3761723.5193]
 [ 13644544.2225  -7275258.631   21597856.0705]
 [ -4261101.4766 -20642542.1167  16170246.5824]
 [  5782834.6629 -15809280.4026  20277522.9167]]
69033.000
 [[-12271998.8722  -9990669.5361  21293727.1353]
 [ 12347797.4562 -23042427.5103   3774443.4481]
 [ 13651244.4118  -7266563.8306  21596601.6431]
 [ -4257158.7727 -20649684.8276  16161856.0141]
 [  5788789.1412 -15800677.8313  20282656.2926]]
69034.000
 [[-12270925.1408  -9993164.0465  21293175.2005]
 [ 12347839.2363 -23041879.1914   3777623.2264]
 [ 13652919.7076  -7264390.4515  21596286.888 ]
 [ -4256173.5779 -20651470.0418  16159757.5127]
 [  5790278.3069 -15798527.0812  20283938.5324]]
69035.000
 [[-12269851.5766  -9995658.5534  21292622.8112]
 [ 12347880.895  -23041330.5027   3780802.9229]
 [ 13654595.1025  -7262217.2008  21595971.6736]
 [ -4255188.5757 -20653255.0705  16157658.6678]
 [  5791767.691  -15796376.2883  20285220.3306]]
69036.000
 [[-12268778.1796  -9998153.0565  21292069.9674]
 [ 12347922.4322 -23040781.4441   3783982.5376]
 [ 13656270.5967  -7260044.0788  21595655.9998]
 [ -4254203.766  -20655039.9135  16155559.4793]
 [  5793257.2935 -15794225.4529  20286501.687 ]]
69037.000
 [[-12267704.9498 -10000647.556   21291516.6691]
 [ 12347963.8481 -23040232.0157   3787162.0703]
 [ 13657946.19    -7257871.0854  21595339.8669]
 [ -4253219.1488 -20656824.5708  16153459.9474]
 [  5794747.1143 -15792074.5748  20287782.6016]]
69038.000
 [[-12266631.8872 -10003142.0517  21290962.9163]
 [ 12348005.1426 -23039682.2175   3790341.5211]
 [ 13659621.8825  -7255698.2206  21595023.2746]
 [ -4252234.7241 -20658609.0424  16151360.072 ]
 [  5796237.1534 -15789923.6542  20289063.0745]]
69039.000
 [[-12265558.9919 -10005636.5436  21290408.709 ]
 [ 12348046.3159 -23039132.0494   3793520.8899]
 [ 13661297.674   -7253525.4846  21594706.2231]
 [ -4251250.4919 -20660393.3282  16149259.8531]
 [  5797727.4108 -15787772.6911  20290343.1055]]
69040.000
 [[-12264486.2639 -10008131.0316  21289854.0472]
 [ 12348087.368  -23038581.5114   3796700.1766]
 [ 13662973.5645  -7251352.8773  21594388.7123]
 [ -4250266.4521 -20662177.4282  16147159.2909]
 [  5799217.8865 -15785621.6856  20291622.6947]]
69041.000
 [[-12263413.7031 -10010625.5156  21289298.931 ]
 [ 12348128.299  -23038030.6035   3799879.3811]
 [ 13664649.554   -7249180.3988  21594070.7423]
 [ -4249282.6047 -20663961.3422  16145058.3853]
 [  5800708.5805 -15783470.6378  20292901.8421]]
69042.000
 [[-12262341.3095 -10013119.9956  21288743.3603]
 [ 12348169.1089 -23037479.3257   3803058.5034]
 [ 13666325.6424  -7247008.0492  21593752.313 ]
 [ -4248298.9497 -20665745.0703  16142957.1365]
 [  5802199.4928 -15781319.5477  20294180.5475]]
69043.000
 [[-12261269.0833 -10015614.4716  21288187.3352]
 [ 12348209.7977 -23036927.678    3806237.5435]
 [ 13668001.8297  -7244835.8284  21593433.4245]
 [ -4247315.4872 -20667528.6124  16140855.5443]
 [  5803690.6234 -15779168.4154  20295458.811 ]]
69045.000
 [[-12259125.1328 -10020603.4111  21287073.9217]
 [ 12348290.8126 -23035823.2729   3812595.3764]
 [ 13671354.5009  -7240491.7738  21592794.2698]
 [ -4245349.1392 -20671095.1383  16136651.3304]
 [  5806673.5392 -15774866.0245  20298014.0123]]
69046.000
 [[-12258053.4086 -10023097.8745  21286516.5334]
 [ 12348331.1387 -23035270.5154   3815774.1692]
 [ 13673030.9847  -7238319.9399  21592474.0036]
 [ -4244366.2538 -20672878.122   16134548.7087]
 [  5808165.3245 -15772714.7659  20299290.9499]]
69047.000
 [[-12256981.8518 -10025592.3335  21285958.6906]
 [ 12348371.3439 -23034717.3879   3818952.8795]
 [ 13674707.5672  -7236148.2352  21592153.2782]
 [ -4243383.5607 -20674660.9195  16132445.7439]
 [  5809657.3279 -15770563.4654  20300567.4455]]
69048.000
 [[-12255910.4623 -10028086.7882  21285400.3935]
 [ 12348411.4284 -23034163.8905   3822131.507 ]
 [ 13676384.2483  -7233976.6597  21591832.0936]
 [ -4242401.06   -20676443.5306  16130342.4361]
 [  5811149.5494 -15768412.1231  20301843.4991]]
69049.000
 [[-12254839.2402 -10030581.2384  21284841.642 ]
 [ 12348451.3922 -23033610.0232   3825310.0519]
 [ 13678061.0281  -7231805.2133  21591510.4499]
 [ -4241418.7516 -20678225.9554  16128238.7853]
 [  5812641.9891 -15766260.739   20303119.1105]]
69050.000
 [[-12253768.1856 -10033075.684   21284282.4362]
 [ 12348491.2353 -23033055.7859   3828488.514 ]
 [ 13679737.9064  -7229633.8962  21591188.3469]
 [ -4240436.6355 -20680008.1937  16126134.7916]
 [  5814134.647  -15764109.3132  20304394.2799]]
69051.000
 [[-12252697.2984 -10035570.1251  21283722.776 ]
 [ 12348530.9578 -23032501.1786   3831666.8932]
 [ 13681414.8833  -7227462.7084  21590865.7848]
 [ -4239454.7118 -20681790.2455  16124030.4549]
 [  5815627.5229 -15761957.8457  20305669.0072]]
69052.000
 [[-12251626.5787 -10038064.5615  21283162.6615]
 [ 12348570.5597 -23031946.2013   3834845.1896]
 [ 13683091.9586  -7225291.65    21590542.7635]
 [ -4238472.9804 -20683572.1108  16121925.7754]
 [  5817120.6169 -15759806.3367  20306943.2922]]
69054.000
 [[-12249485.6416 -10043053.42    21282041.0696]
 [ 12348649.4021 -23030835.1367   3841201.5332]
 [ 13686446.4046  -7220949.9213  21589895.3434]
 [ -4236510.0944 -20687135.2814  16117715.3879]
 [  5820107.4591 -15755503.194   20309490.5358]]
69055.000
 [[-12248415.4243 -10045547.8421  21281479.5922]
 [ 12348688.6427 -23030279.0494   3844379.5804]
 [ 13688123.7751  -7218779.2511  21589570.9446]
 [ -4235528.9397 -20688916.5867  16115609.68  ]
 [  5821601.2073 -15753351.5606  20310763.4943]]
69056.000
 [[-12247345.3745 -10048042.2592  21280917.6605]
 [ 12348727.763  -23029722.5921   3847557.5444]
 [ 13689801.2439  -7216608.7105  21589246.0867]
 [ -4234547.9774 -20690697.7052  16113503.6294]
 [  5823095.1735 -15751199.8858  20312036.0105]]
69057.000
 [[-12246275.4923 -10050536.6714  21280355.2745]
 [ 12348766.763  -23029165.7647   3850735.4252]
 [ 13691478.811   -7214438.2994  21588920.7697]
 [ -4233567.2072 -20692478.6369  16111397.2361]
 [  5824589.3577 -15749048.1698  20313308.0844]]
69058.000
 [[-12245205.7775 -10053031.0786  21279792.4342]
 [ 12348805.6427 -23028608.5673   3853913.2226]
 [ 13693156.4764  -7212268.018   21588594.9935]
 [ -4232586.6293 -20694259.3817  16109290.5002]
 [  5826083.7599 -15746896.4126  20314579.716 ]]
69059.000
 [[-12244136.2304 -10055525.4806  21279229.1398]
 [ 12348844.4023 -23028050.9998   3857090.9367]
 [ 13694834.2399  -7210097.8662  21588268.7582]
 [ -4231606.2436 -20696039.9395  16107183.4217]
 [  5827578.3801 -15744744.6143  20315850.9053]]
69060.000
 [[-12243066.8508 -10058019.8775  21278665.3911]
 [ 12348883.0417 -23027493.0623   3860268.5673]
 [ 13696512.1015  -7207927.8442  21587942.0638]
 [ -4230626.0501 -20697820.3103  16105076.0007]
 [  5829073.2182 -15742592.7749  20317121.6522]]
69061.000
 [[-12241997.6389 -10060514.2691  21278101.1881]
 [ 12348921.561  -23026934.7547   3863446.1144]
 [ 13698190.0612  -7205757.952   21587614.9103]
 [ -4229646.0488 -20699600.494   16102968.2373]
 [  5830568.2742 -15740440.8946  20318391.9567]]
69062.000
 [[-12240928.5946 -10063008.6554  21277536.531 ]
 [ 12348959.9603 -23026376.0771   3866623.5778]
 [ 13699868.1189  -7203588.1897  21587287.2977]
 [ -4228666.2397 -20701380.4906  16100860.1314]
 [  5832063.5481 -15738288.9733  20319661.8188]]
69063.000
 [[-12239859.7179 -10065503.0364  21276971.4196]
 [ 12348998.2397 -23025817.0293   3869800.9576]
 [ 13701546.2746  -7201418.5572  21586959.226 ]
 [ -4227686.6227 -20703160.3     16098751.6831]
 [  5833559.0399 -15736137.0113  20320931.2384]]
69064.000
 [[-12238791.0088 -10067997.4119  21276405.8541]
 [ 12349036.3991 -23025257.6115   3872978.2537]
 [ 13703224.5282  -7199249.0546  21586630.6953]
 [ -4226707.1979 -20704939.9221  16096642.8924]
 [  5835054.7496 -15733985.0084  20322200.2156]]
69065.000
 [[-12237722.4674 -10070491.782   21275839.8344]
 [ 12349074.4386 -23024697.8235   3876155.466 ]
 [ 13704902.8798  -7197079.682   21586301.7055]
 [ -4225727.9653 -20706719.3569  16094533.7594]
 [  5836550.6771 -15731832.9649  20323468.7502]]
69067.000
 [[-12235585.8877 -10075480.5054  21274706.4326]
 [ 12349150.1584 -23023577.1373   3882509.6388]
 [ 13708259.8764  -7192741.327   21585642.3486]
 [ -4223770.0763 -20710277.6644  16090314.4667]
 [  5839543.1857 -15727528.7559  20326004.492 ]]
