63381.000000 -1.256637 7.000000 2.025777 2.036428 3.120682
63383.000000 -1.256637 7.000000 2.021323 2.032058 3.119246
63384.000000 -1.256637 7.000000 2.018026 2.028781 3.118528
63385.000000 -1.256637 7.000000 2.017758 2.028439 3.117811
63386.000000 -1.884956 7.000000 2.314310 2.344600 3.117096
63388.000000 -1.884956 7.000000 2.308112 2.337594 3.115664
63389.000000 -1.884956 7.000000 2.308727 2.338219 3.114949
63390.000000 -1.884956 7.000000 2.308194 2.337507 3.114234
63391.000000 -1.884956 7.000000 2.335339 2.366949 3.113519
63392.000000 -1.884956 7.000000 2.427105 2.468013 3.112805
63394.000000 -1.884956 7.000000 2.561136 2.622334 3.111378
63395.000000 -1.884956 7.000000 2.591870 2.667413 3.110665
63396.000000 -1.884956 7.000000 2.707191 2.799515 3.109952
63397.000000 -2.513274 7.000000 2.846599 2.948795 3.109240
63399.000000 0.628319 7.000000 3.017809 3.093334 3.107817
63400.000000 0.000000 7.000000 2.909798 3.051617 3.107106
63401.000000 -0.628319 7.000000 2.914409 3.044231 3.106395
63405.000000 -1.884956 7.000000 4.906190 4.906190 5.536032
63408.000000 -0.628319 7.000000 2.807509 3.008272 3.101434
63410.000000 -1.884956 7.000000 4.902263 4.902263 5.528740
63413.000000 -0.628319 7.000000 2.779779 2.991198 3.097902
63415.000000 -1.884956 7.000000 4.898345 4.898346 5.521475
63418.000000 -1.884956 7.000000 4.895998 4.895999 5.517126
63419.000000 -1.884956 7.000000 4.895216 4.895216 5.515676
63420.000000 -1.884956 7.000000 4.894435 4.894435 5.514230
63421.000000 -1.884956 7.000000 4.893654 4.893654 5.512785
63422.000000 -1.884956 7.000000 4.892873 4.892873 5.511338
63423.000000 -1.884956 7.000000 4.892093 4.892093 5.509894
63424.000000 -1.884956 7.000000 4.891313 4.891313 5.508451
63425.000000 -1.884956 7.000000 4.890533 4.890533 5.507009
63426.000000 -1.884956 7.000000 4.889754 4.889754 5.505568
63427.000000 0.000000 7.000000 2.821973 2.948494 3.088071
63429.000000 -1.884956 7.000000 4.887418 4.887418 5.501248
63432.000000 -1.884956 7.000000 4.885085 4.885085 5.496938
63433.000000 -1.884956 7.000000 4.884308 4.884308 5.495502
63434.000000 -1.884956 7.000000 4.883531 4.883532 5.494069
63435.000000 -1.884956 7.000000 4.882755 4.882755 5.492635
63436.000000 -1.884956 7.000000 4.881979 4.881979 5.491203
63437.000000 -1.884956 7.000000 4.881204 4.881204 5.489772
63438.000000 0.000000 7.000000 2.958934 3.059271 3.080405
63440.000000 2.513274 7.000000 2.969910 3.041917 3.079017
63444.000000 2.513274 7.000000 2.976310 3.042892 3.076246
63445.000000 2.513274 7.000000 2.858728 2.972142 3.075554
63446.000000 2.513274 7.000000 2.768329 2.891139 3.074863
63447.000000 2.513274 7.000000 2.705077 2.831184 3.074172
63448.000000 2.513274 7.000000 2.785702 2.916359 3.073482
63450.000000 2.513274 7.000000 2.870130 2.985671 3.072103
63451.000000 2.513274 7.000000 2.831869 2.956364 3.071414
63452.000000 2.513274 7.000000 2.774144 2.907131 3.070725
63453.000000 2.513274 7.000000 2.755771 2.891496 3.070037
63454.000000 2.513274 7.000000 2.729967 2.866518 3.069349
63455.000000 2.513274 7.000000 2.762756 2.900989 3.068662
63456.000000 2.513274 7.000000 2.830584 2.965089 3.067975
63457.000000 2.513274 7.000000 2.815745 2.950763 3.067289
63458.000000 2.513274 7.000000 2.916314 3.018977 3.066603
63460.000000 2.513274 7.000000 2.835445 2.957757 3.065233
63461.000000 2.513274 7.000000 2.796714 2.923468 3.064548
63462.000000 2.513274 7.000000 2.781222 2.905889 3.063864
63463.000000 2.513274 7.000000 2.766539 2.889967 3.063180
63464.000000 2.513274 7.000000 2.753308 2.874782 3.062497
63465.000000 2.513274 7.000000 2.803002 2.932878 3.061814
63466.000000 2.513274 7.000000 2.851115 2.971986 3.061132
63467.000000 2.513274 7.000000 2.870126 2.985618 3.060450
63468.000000 2.513274 7.000000 2.855483 2.975946 3.059769
63469.000000 2.513274 7.000000 2.849555 2.969843 3.059088
63470.000000 2.513274 7.000000 2.846102 2.965501 3.058407
63471.000000 2.513274 7.000000 2.823489 2.945541 3.057727
63472.000000 -1.884956 7.000000 4.854284 4.854284 5.440271
63475.000000 2.513274 7.000000 2.771855 2.929983 3.055011
63477.000000 2.513274 7.000000 2.676103 2.828471 3.053656
63478.000000 2.513274 7.000000 2.667241 2.828282 3.052979
63480.000000 2.513274 7.000000 2.635562 2.798510 3.051626
63481.000000 2.513274 7.000000 2.775180 2.922785 3.050951
63482.000000 2.513274 7.000000 2.819704 2.955678 3.050276
63483.000000 2.513274 7.000000 2.803937 2.940692 3.049601
63484.000000 2.513274 7.000000 2.889280 2.990855 3.048927
63485.000000 2.513274 7.000000 2.873219 2.980601 3.048253
63486.000000 2.513274 7.000000 2.860265 2.969815 3.047580
63487.000000 2.513274 7.000000 2.793375 2.917132 3.046907
63488.000000 2.513274 7.000000 2.777767 2.900340 3.046235
63489.000000 2.513274 7.000000 2.769097 2.890865 3.045563
63490.000000 2.513274 7.000000 2.754992 2.875820 3.044891
63491.000000 2.513274 7.000000 2.743778 2.862023 3.044220
63492.000000 2.513274 7.000000 2.730088 2.846651 3.043550
63494.000000 2.513274 7.000000 2.700149 2.811762 3.042210
63495.000000 2.513274 7.000000 2.690298 2.799326 3.041541
63496.000000 -0.628319 7.000000 2.908609 3.001873 3.040872
63497.000000 -0.628319 7.000000 2.816108 2.985415 3.040204
63498.000000 -0.628319 7.000000 2.834645 2.990946 3.039536
63499.000000 -0.628319 7.000000 2.847853 2.992033 3.038869
63500.000000 -0.628319 7.000000 2.818415 2.996192 3.038202
63501.000000 -1.884956 7.000000 4.832323 4.832323 5.400146
63504.000000 -0.628319 7.000000 2.803967 3.002806 3.035539
63507.000000 -1.884956 7.000000 4.827820 4.827820 5.391944
63509.000000 0.000000 7.000000 2.862848 3.009481 3.032221
63511.000000 0.000000 7.000000 2.850124 3.009879 3.030896
63512.000000 0.000000 7.000000 2.852319 3.009819 3.030235
63513.000000 0.000000 7.000000 2.864141 3.008450 3.029574
63514.000000 0.000000 7.000000 2.847029 3.009596 3.028914
63515.000000 0.000000 7.000000 2.838274 3.008661 3.028254
63516.000000 0.000000 7.000000 2.827017 3.008912 3.027594
63517.000000 0.000000 7.000000 2.813885 3.008391 3.026935
63518.000000 0.000000 7.000000 2.825230 3.010946 3.026277
63519.000000 0.000000 7.000000 2.828448 3.011635 3.025619
63521.000000 3.141593 7.000000 2.828105 2.988586 3.024304
63525.000000 -1.884956 7.000000 4.814397 4.814398 5.367555
63529.000000 -1.884956 7.000000 4.811433 4.811433 5.362181
63530.000000 -1.884956 7.000000 4.810693 4.810693 5.360838
63531.000000 -1.884956 7.000000 4.809953 4.809953 5.359499
63532.000000 -1.884956 7.000000 4.809213 4.809213 5.358158
63533.000000 -1.884956 7.000000 4.808474 4.808474 5.356819
63534.000000 0.628319 7.000000 2.805037 3.000989 3.015804
63536.000000 -1.884956 7.000000 4.806260 4.806260 5.352809
63538.000000 -2.513274 7.000000 2.856505 2.997803 3.013204
63540.000000 -1.884956 7.000000 4.803313 4.803314 5.347477
63541.000000 0.628319 7.000000 2.857982 2.998380 3.011260
63543.000000 -1.884956 7.000000 4.801108 4.801108 5.343488
63545.000000 -1.884956 7.000000 4.799639 4.799639 5.340833
63546.000000 0.628319 7.000000 2.860415 2.995135 3.008028
63548.000000 -2.513274 7.000000 2.745471 2.935446 3.006739
63549.000000 -2.513274 7.000000 2.680880 2.888124 3.006095
63550.000000 -1.884956 7.000000 4.795975 4.795976 5.334214
63552.000000 -1.884956 7.000000 2.821646 2.961937 3.004166
63553.000000 -2.513274 7.000000 2.813948 2.956014 3.003524
63555.000000 -2.513274 7.000000 2.848102 2.977828 3.002242
63556.000000 -1.256637 7.000000 4.791594 4.791594 5.326306
63559.000000 -0.628319 7.000000 2.861873 2.975012 2.999682
63560.000000 -1.256637 7.000000 4.788681 4.788681 5.321052
63562.000000 -1.256637 7.000000 4.787227 4.787227 5.318432
63563.000000 -1.256637 7.000000 4.786501 4.786501 5.317124
63564.000000 -1.256637 7.000000 4.785774 4.785775 5.315815
63566.000000 -1.256637 7.000000 4.784324 4.784324 5.313203
63567.000000 -1.256637 7.000000 4.783600 4.783600 5.311899
63568.000000 -1.256637 7.000000 4.782876 4.782876 5.310595
63569.000000 -1.256637 7.000000 4.782152 4.782152 5.309292
63570.000000 -1.256637 7.000000 4.781429 4.781429 5.307991
63571.000000 -1.256637 7.000000 4.780705 4.780705 5.306689
63572.000000 -1.256637 7.000000 4.779983 4.779983 5.305389
63573.000000 -1.256637 7.000000 4.779261 4.779262 5.304092
63575.000000 3.141593 7.000000 3347952.027627 3364742.