61231.000000 -1.256637 7.000000 5.337033 5.337033 5.451271
61233.000000 -1.256637 7.000000 5.335766 5.335766 5.449945
61234.000000 -1.256637 7.000000 5.335133 5.335133 5.449283
61235.000000 -1.256637 7.000000 5.334499 5.334499 5.448619
61236.000000 -1.256637 7.000000 5.333865 5.333865 5.447956
61237.000000 -1.256637 7.000000 5.333231 5.333231 5.447292
61238.000000 -1.256637 7.000000 5.332596 5.332597 5.446629
61240.000000 -1.256637 7.000000 5.331327 5.331327 5.445300
61241.000000 -1.256637 7.000000 5.330692 5.330692 5.444635
61242.000000 -1.256637 7.000000 5.330057 5.330057 5.443971
61243.000000 -1.256637 7.000000 5.329422 5.329422 5.443306
61244.000000 -1.256637 7.000000 5.328785 5.328786 5.442639
61245.000000 -1.256637 7.000000 5.328149 5.328149 5.441973
61246.000000 -1.256637 7.000000 5.327513 5.327513 5.441307
61247.000000 -1.256637 7.000000 5.326877 5.326877 5.440641
61248.000000 -1.256637 7.000000 5.326240 5.326240 5.439975
61249.000000 -1.256637 7.000000 5.325603 5.325603 5.439307
61250.000000 -1.256637 7.000000 5.324966 5.324966 5.438640
61251.000000 3.141593 7.000000 2.830417 3.069113 3.227150
61254.000000 -1.256637 7.000000 5.322413 5.322413 5.435966
61256.000000 -1.256637 7.000000 5.321136 5.321136 5.434629
61258.000000 -1.256637 7.000000 5.319858 5.319858 5.433291
61259.000000 -1.256637 7.000000 5.319219 5.319219 5.432621
61260.000000 3.141593 7.000000 2.856639 3.067730 3.224340
61262.000000 -1.256637 7.000000 5.317299 5.317299 5.430610
61265.000000 -1.256637 7.000000 5.315377 5.315377 5.428596
61266.000000 -1.256637 7.000000 5.314735 5.314735 5.427923
61267.000000 -1.256637 7.000000 5.314093 5.314093 5.427250
61268.000000 -1.256637 7.000000 5.313452 5.313453 5.426579
61269.000000 0.000000 7.000000 2029830.286025 2033554.506317 2083977.513777
61272.000000 -1.256637 7.000000 5.310884 5.310884 5.423887
61275.000000 -1.256637 7.000000 5.308955 5.308955 5.421865
61276.000000 -1.256637 7.000000 5.308311 5.308311 5.421190
61277.000000 -1.256637 7.000000 5.307667 5.307667 5.420515
61278.000000 -1.256637 7.000000 5.307023 5.307023 5.419839
61279.000000 -1.256637 7.000000 5.306380 5.306380 5.419165
61280.000000 -1.256637 7.000000 5.305735 5.305735 5.418489
61281.000000 -1.256637 7.000000 5.305091 5.305091 5.417814
61282.000000 -1.256637 7.000000 5.304446 5.304446 5.417138
61283.000000 -1.256637 7.000000 5.303800 5.303800 5.416460
61284.000000 -1.256637 7.000000 5.303155 5.303155 5.415784
61285.000000 -1.256637 7.000000 5.302509 5.302510 5.415106
61286.000000 -1.256637 7.000000 5.301864 5.301864 5.414429
61288.000000 -1.256637 7.000000 5.300572 5.300572 5.413075
61289.000000 -1.256637 7.000000 5.299926 5.299926 5.412397
61290.000000 -1.256637 7.000000 5.299279 5.299279 5.411718
61291.000000 -1.256637 7.000000 5.298632 5.298632 5.411039
61292.000000 2.513274 7.000000 2.281755 2.325172 3.214272
61293.000000 -1.256637 7.000000 5.297339 5.297339 5.409684
61295.000000 -1.256637 7.000000 5.296043 5.296043 5.408323
61296.000000 -1.256637 7.000000 5.295395 5.295395 5.407644
61297.000000 -1.256637 7.000000 5.294747 5.294747 5.406964
61298.000000 -1.256637 7.000000 5.294099 5.294099 5.406284
61299.000000 -1.256637 7.000000 5.293450 5.293450 5.405603
61300.000000 -1.256637 7.000000 5.292802 5.292803 5.404923
61301.000000 -1.256637 7.000000 5.292153 5.292153 5.404242
61302.000000 -1.256637 7.000000 5.291504 5.291504 5.403561
61304.000000 -1.256637 7.000000 5.290206 5.290206 5.402198
61305.000000 -1.256637 7.000000 5.289556 5.289556 5.401516
61306.000000 -1.256637 7.000000 5.288906 5.288906 5.400834
61307.000000 -1.256637 7.000000 5.288255 5.288255 5.400150
61308.000000 -1.256637 7.000000 5.287605 5.287605 5.399468
61309.000000 -1.256637 7.000000 5.286954 5.286954 5.398784
61310.000000 -1.256637 7.000000 5.286304 5.286304 5.398103
61311.000000 -1.256637 7.000000 5.285654 5.285654 5.397419
61312.000000 -1.256637 7.000000 5.285002 5.285002 5.396736
61313.000000 -1.256637 7.000000 5.284351 5.284351 5.396051
61314.000000 -1.256637 7.000000 5.283699 5.283699 5.395367
61315.000000 -1.256637 7.000000 5.283047 5.283047 5.394682
61316.000000 -1.256637 7.000000 5.282396 5.282396 5.393999
61317.000000 -1.256637 7.000000 5.281745 5.281745 5.393315
61318.000000 -1.256637 7.000000 5.281091 5.281091 5.392628
61319.000000 -1.256637 7.000000 5.280438 5.280438 5.391943
61321.000000 -1.256637 7.000000 5.279132 5.279132 5.390571
61322.000000 -1.256637 7.000000 5.278480 5.278480 5.389887
61323.000000 -1.256637 7.000000 5.277827 5.277827 5.389201
61324.000000 -1.256637 7.000000 5.277173 5.277173 5.388514
61325.000000 -1.256637 7.000000 5.276518 5.276519 5.387826
61326.000000 -1.256637 7.000000 5.275866 5.275866 5.387140
61327.000000 -1.256637 7.000000 5.275210 5.275210 5.386452
61328.000000 3.141593 7.000000 2.454670 2.594986 3.202815
61331.000000 3.141593 7.000000 2.468618 2.606576 3.201854
61332.000000 -1.256637 7.000000 5.271937 5.271937 5.383013
61334.000000 -1.256637 7.000000 5.270626 5.270626 5.381635
61335.000000 -1.256637 7.000000 5.269972 5.269972 5.380947
61336.000000 -1.256637 7.000000 5.269316 5.269316 5.380258
61337.000000 -1.256637 7.000000 5.268660 5.268660 5.379569
61338.000000 -1.256637 7.000000 5.268004 5.268004 5.378880
61339.000000 -1.256637 7.000000 5.267346 5.267346 5.378188
61340.000000 -1.256637 7.000000 5.266690 5.266690 5.377499
61341.000000 -1.256637 7.000000 5.266032 5.266033 5.376807
61342.000000 -1.256637 7.000000 5.265376 5.265376 5.376118
61343.000000 -1.256637 7.000000 5.264718 5.264718 5.375426
61345.000000 -1.256637 7.000000 5.263404 5.263404 5.374044
61346.000000 -1.256637 7.000000 5.262747 5.262747 5.373355
61347.000000 -1.256637 7.000000 5.262089 5.262089 5.372663
61348.000000 -1.256637 7.000000 5.261430 5.261431 5.371970
61349.000000 -1.256637 7.000000 5.260772 5.260772 5.371278
61350.000000 -1.256637 7.000000 5.260114 5.260114 5.370586
61351.000000 -1.256637 7.000000 5.259455 5.259455 5.369893
61352.000000 -1.256637 7.000000 5.258797 5.258797 5.369202
61353.000000 -1.256637 7.000000 5.258138 5.258138 5.368509
61354.000000 -1.256637 7.000000 5.257478 5.257478 5.367814
61355.000000 -1.256637 7.000000 5.256819 5.256819 5.367122
61356.000000 -1.256637 7.000000 5.256160 5.256160 5.366428
61357.000000 -1.256637 7.000000 5.255500 5.255500 5.365735
61358.000000 -1.256637 7.000000 5.254839 5.254839 5.365039
61359.000000 2.513274 7.000000 2.270211 2.346180 3.192846
61361.000000 2.513274 7.000000 2.286869 2.357116 3.192200
61362.000000 2.513274 7.000000 2.288878 2.360308 3.191877
61363.000000 2.513274 7.000000 2.279272 2.353750 3.191554
61364.000000 2.513274 7.000000 2.274528 2.350625 3.191230
61365.000000 2.513274 7.000000 2.263700 2.342105 3.190907
61366.000000 2.513274 7.000000 2.250604 2.330623 3.190583
61367.000000 -1.256637 7.000000 5.248894 5.248894 5.358786
61369.000000 -1.256637 7.000000 5.247569 5.247570 5.357392
61370.000000 -1.256637 7.000000 5.246908 5.246908 5.356696
61371.000000 -1.256637 7.000000 5.246246 5.246246 5.356000
61372.000000 -1.256637 7.000000 5.245584 5.245584 5.355304
61373.000000 -1.256637 7.000000 5.244921 5.244922 5.354606
61374.000000 -1.256637 7.000000 5.244259 5.244259 5.353909
61375.000000 -1.256637 7.000000 5.243596 5.243596 5.353212
61376.000000 -1.256637 7.000000 5.242933 5.242933 5.352514
61378.000000 -1.256637 7.000000 5.241606 5.241606 5.351117
61379.000000 -1.256637 7.000000 5.240943 5.240943 5.350419
61380.000000 -1.256637 7.000000 5.240279 5.240279 5.349721
61381.000000 -1.256637 7.000000 5.239616 5.239616 5.349022
61382.000000 -1.256637 7.000000 5.238952 5.238952 5.348323
61383.000000 -1.256637 7.000000 5.238288 5.238288 5.347625
61384.000000 -1.256637 7.000000 5.237625 5.237625 5.346927
61385.000000 -1.256637 7.000000 5.236960 5.236961 5.346228
61386.000000 -1.256637 7.000000 5.236296 5.236296 5.345528
61387.000000 -1.256637 7.000000 5.235630 5.235630 5.344826
61388.000000 -1.256637 7.000000 5.234965 5.234965 5.344127
61389.000000 -1.256637 7.000000 5.234300 5.234300 5.343427
61390.000000 -1.256637 7.000000 5.233635 5.233635 5.342727
61391.000000 -1.256637 7.000000 5.232970 5.232970 5.342027
61392.000000 -1.256637 7.000000 5.232304 5.232304 5.341326
61393.000000 -1.256637 7.000000 5.231639 5.231639 5.340625
61394.000000 -1.256637 7.000000 5.230974 5.230974 5.339925
61395.000000 -1.256637 7.000000 5.230308 5.230308 5.339224
61397.000000 -1.256637 7.000000 5.228975 5.228975 5.337820
61398.000000 -1.256637 7.000000 5.228308 5.228308 5.337118
61399.000000 -1.256637 7.000000 5.227641 5.227642 5.336416
61400.000000 -1.256637 7.000000 5.226976 5.226976 5.335715
61401.000000 -1.256637 7.000000 5.226308 5.226308 5.335012
61402.000000 -1.256637 7.000000 5.225641 5.225642 5.334310
61403.000000 -1.256637 7.000000 5.224975 5.224975 5.333608
61404.000000 -1.256637 7.000000 5.224308 5.224308 5.332905
61405.000000 -1.256637 7.000000 5.223640 5.223640 5.332201
61406.000000 -1.256637 7.000000 5.222972 5.222972 5.331498
61407.000000 -1.256637 7.000000 5.222306 5.222306 5.330797
61408.000000 -1.256637 7.000000 5.221636 5.221637 5.330091
61409.000000 -1.256637 7.000000 5.220969 5.220969 5.329388
61410.000000 -1.256637 7.000000 5.220301 5.220301 5.328684
61411.000000 -1.256637 7.000000 5.219632 5.219632 5.327980
61412.000000 -1.256637 7.000000 5.218964 5.218964 5.327276
61413.000000 -1.256637 7.000000 5.218295 5.218295 5.326572
61414.000000 -1.256637 7.000000 5.217627 5.217627 5.325867
61415.000000 -1.256637 7.000000 5.216958 5.216958 5.325163
61416.000000 -1.256637 7.000000 5.216288 5.216288 5.324457
61417.000000 -1.256637 7.000000 5.215620 5.215620 5.323753
61419.000000 -1.256637 7.000000 5.214282 5.214282 5.322343
61420.000000 -1.256637 7.000000 5.213612 5.213612 5.321637
61421.000000 -1.256637 7.000000 5.212942 5.212942 5.320931
61422.000000 -1.256637 7.000000 5.212273 5.212273 5.320226
61423.000000 -1.256637 7.000000 5.211603 5.211603 5.319520
61424.000000 -1.256637 7.000000 5.210933 5.210933 5.318814
61425.000000 -1.256637 7.000000 5.210263 5.210263 5.318108
61426.000000 -1.256637 7.000000 5.209592 5.209592 5.317402
61427.000000 -1.256637 7.000000 5.208922 5.208922 5.316695
61428.000000 -1.256637 7.000000 5.208251 5.208251 5.315988
61429.000000 -1.256637 7.000000 5.207580 5.207580 5.315281
61430.000000 -1.256637 7.000000 5.206909 5.206909 5.314574
61431.000000 -1.256637 7.000000 5.206238 5.206238 5.313866
61432.000000 -1.256637 7.000000 5.205567 5.205567 5.313159
61433.000000 -1.256637 7.000000 5.204896 5.204896 5.312452
61434.000000 -1.256637 7.000000 5.204224 5.204224 5.311743
61435.000000 -1.256637 7.000000 5.203553 5.203553 5.311036
61436.000000 -1.256637 7.000000 5.202881 5.202881 5.310328
61437.000000 -1.256637 7.000000 5.202209 5.202209 5.309619
61438.000000 -1.256637 7.000000 5.201537 5.201537 5.308911
61439.000000 -1.256637 7.000000 5.200864 5.200864 5.308202
61440.000000 -1.256637 7.000000 5.200192 5.200192 5.307493
61441.000000 -1.256637 7.000000 5.199519 5.199519 5.306784
61442.000000 -1.256637 7.000000 5.198848 5.198848 5.306075
61443.000000 -1.256637 7.000000 5.198176 5.198176 5.305367
61444.000000 -1.256637 7.000000 5.197502 5.197502 5.304657
61445.000000 3.141593 7.000000 2.307112 2.327698 3.164773
61448.000000 -1.256637 7.000000 5.194812 5.194812 5.301820
61451.000000 -1.256637 7.000000 5.192791 5.192791 5.299689
61452.000000 -1.256637 7.000000 5.192118 5.192119 5.298980
61453.000000 -1.256637 7.000000 5.191443 5.191443 5.298268
61454.000000 -1.256637 7.000000 5.190770 5.190770 5.297558
61455.000000 -1.256637 7.000000 5.190096 5.190096 5.296847
61456.000000 -1.256637 7.000000 5.189421 5.189422 5.296135
61457.000000 -1.256637 7.000000 5.188748 5.188749 5.295426
61458.000000 -1.256637 7.000000 5.188074 5.188074 5.294715
61459.000000 -1.256637 7.000000 5.187400 5.187400 5.294004
61460.000000 -1.256637 7.000000 5.186724 5.186725 5.293291
61461.000000 -1.256637 7.000000 5.186050 5.186050 5.292579
61463.000000 -1.256637 7.000000 5.184701 5.184701 5.291156
61464.000000 -1.256637 7.000000 5.184026 5.184026 5.290444
61465.000000 -1.256637 7.000000 5.183351 5.183351 5.289732
61466.000000 -1.256637 7.000000 5.182676 5.182676 5.289020
61467.000000 3.141593 7.000000 2.379250 2.420231 3.157508
61469.000000 -2.513274 7.000000 2.394957 2.435790 3.156846
61473.000000 -1.256637 7.000000 5.177947 5.177947 5.284032
61476.000000 -1.256637 7.000000 5.175918 5.175918 5.281890
61477.000000 -1.256637 7.000000 5.175241 5.175241 5.281176
61478.000000 -1.256637 7.000000 5.174565 5.174565 5.280462
61479.000000 -1.256637 7.000000 5.173888 5.173888 5.279748
61480.000000 -1.256637 7.000000 5.173212 5.173212 5.279034
61481.000000 -1.256637 7.000000 5.172535 5.172535 5.278320
61482.000000 -1.256637 7.000000 5.171858 5.171858 5.277606
61483.000000 -1.256637 7.000000 5.171181 5.171181 5.276892
61484.000000 -1.256637 7.000000 5.170504 5.170504 5.276177
61485.000000 -1.256637 7.000000 5.169827 5.169827 5.275463
61486.000000 -1.256637 7.000000 5.169150 5.169150 5.274748
61487.000000 -1.256637 7.000000 5.168474 5.168474 5.274035
61488.000000 -1.256637 7.000000 5.167796 5.167796 5.273319
61489.000000 -1.256637 7.000000 5.167118 5.167118 5.272604
61490.000000 -1.256637 7.000000 5.166441 5.166441 5.271889
61491.000000 -1.256637 7.000000 5.165763 5.165763 5.271173
61492.000000 -1.256637 7.000000 5.165085 5.165085 5.270458
61493.000000 -1.256637 7.000000 5.164407 5.164407 5.269742
61494.000000 -1.256637 7.000000 5.163729 5.163729 5.269027
61495.000000 -1.256637 7.000000 5.163051 5.163051 5.268311
61496.000000 -1.256637 7.000000 5.162373 5.162373 5.267596
61498.000000 -1.256637 7.000000 5.161016 5.161017 5.266163
61499.000000 -1.256637 7.000000 5.160338 5.160338 5.265447
61500.000000 -1.256637 7.000000 5.159660 5.159660 5.264731
61501.000000 -1.256637 7.000000 5.158981 5.158981 5.264014
61502.000000 -1.256637 7.000000 5.158302 5.158302 5.263298
61503.000000 -1.256637 7.000000 5.157623 5.157623 5.262581
61504.000000 -1.256637 7.000000 5.156944 5.156945 5.261865
61505.000000 -1.256637 7.000000 5.156265 5.156266 5.261148
61506.000000 -1.256637 7.000000 5.155586 5.155587 5.260431
61507.000000 -1.256637 7.000000 5.154907 5.154907 5.259714
61508.000000 -1.884956 6.000000 9.153718 9.153718 10.163538
61510.000000 -1.884956 6.000000 9.151415 9.151416 10.162284
61511.000000 -1.884956 6.000000 9.150261 9.150262 10.161652
61512.000000 -1.884956 6.000000 9.149104 9.149104 10.161015
61513.000000 -1.884956 6.000000 9.147944 9.147945 10.160375
61514.000000 -1.884956 6.000000 9.146782 9.146783 10.159731
61515.000000 -1.884956 6.000000 9.145617 9.145618 10.159084
61516.000000 -1.884956 6.000000 9.144451 9.144451 10.158433
61518.000000 -1.884956 6.000000 9.142110 9.142111 10.157120
61519.000000 -1.884956 6.000000 9.140936 9.140937 10.156457
61520.000000 -1.884956 6.000000 9.139759 9.139760 10.155792
61521.000000 -1.884956 6.000000 9.138580 9.138581 10.155122
61522.000000 -1.884956 6.000000 9.137399 9.137400 10.154449
61523.000000 -1.884956 6.000000 9.136216 9.136216 10.153772
61524.000000 -1.884956 6.000000 9.135030 9.135030 10.153091
61525.000000 -1.884956 6.000000 9.133841 9.133842 10.152407
61526.000000 -1.884956 6.000000 9.132651 9.132651 10.151718
61527.000000 -1.884956 6.000000 9.131457 9.131458 10.151026
61528.000000 -1.884956 6.000000 9.130261 9.130262 10.150333
61529.000000 -1.884956 6.000000 9.129064 9.129064 10.149634
61530.000000 -1.884956 6.000000 9.127863 9.127864 10.148931
61531.000000 -1.884956 6.000000 9.126661 9.126661 10.148225
61532.000000 -1.884956 6.000000 9.125456 9.125456 10.147515
61534.000000 -1.884956 6.000000 9.123038 9.123039 10.146084
61535.000000 -1.884956 6.000000 9.121826 9.121827 10.145362
61536.000000 -1.884956 6.000000 9.120612 9.120613 10.144638
61537.000000 -1.884956 6.000000 9.119395 9.119396 10.143909
61538.000000 -1.884956 6.000000 9.118176 9.118177 10.143177
61539.000000 -1.884956 6.000000 9.116954 9.116955 10.142441
61540.000000 -1.884956 6.000000 9.115730 9.115731 10.141702
61541.000000 -1.884956 6.000000 9.114504 9.114505 10.140955
61542.000000 -1.884956 6.000000 9.113275 9.113276 10.140208
61543.000000 -1.884956 6.000000 9.112044 9.112045 10.139457
61544.000000 -1.884956 6.000000 9.110811 9.110812 10.138703
61545.000000 -1.884956 6.000000 9.109575 9.109576 10.137945
61546.000000 -1.884956 6.000000 9.108337 9.108338 10.137183
61547.000000 -1.884956 6.000000 9.107096 9.107096 10.136418
61548.000000 -1.884956 6.000000 9.105853 9.105854 10.135649
61549.000000 -1.884956 6.000000 9.104608 9.104609 10.134876
61550.000000 -1.884956 6.000000 9.103360 9.103361 10.134101
61551.000000 -1.884956 6.000000 9.102110 9.102111 10.133320
61552.000000 -1.884956 6.000000 9.100858 9.100859 10.132536
61553.000000 -1.884956 6.000000 9.099604 9.099605 10.131749
61554.000000 -1.884956 6.000000 9.098348 9.098349 10.130954
61555.000000 -1.884956 6.000000 9.097089 9.097089 10.130159
61557.000000 -1.884956 6.000000 9.094563 9.094564 10.128558
61558.000000 -1.884956 6.000000 9.093297 9.093298 10.127751
61559.000000 -1.884956 6.000000 9.092028 9.092029 10.126941
61560.000000 -1.884956 6.000000 9.090758 9.090758 10.126128
61561.000000 -1.884956 6.000000 9.089484 9.089485 10.125310
61562.000000 -1.884956 6.000000 9.088209 9.088209 10.124489
61563.000000 -1.884956 6.000000 9.086930 9.086931 10.123666
61564.000000 -1.884956 6.000000 9.085650 9.085651 10.122837
61565.000000 -1.884956 6.000000 9.084367 9.084368 10.122007
61566.000000 -1.884956 6.000000 9.083082 9.083083 10.121171
61567.000000 -1.884956 6.000000 9.081795 9.081796 10.120332
61568.000000 -1.884956 6.000000 9.080506 9.080507 10.119488
61569.000000 -1.884956 6.000000 9.079214 9.079215 10.118641
61570.000000 -1.884956 6.000000 9.077921 9.077922 10.117787
61571.000000 -1.884956 6.000000 9.076624 9.076625 10.116937
61572.000000 -1.884956 6.000000 9.075325 9.075326 10.116078
61574.000000 -1.884956 6.000000 9.072722 9.072723 10.114349
61575.000000 -1.884956 6.000000 9.071416 9.071417 10.113481
61576.000000 -1.884956 6.000000 9.070109 9.070110 10.112605
61577.000000 -1.884956 6.000000 9.068799 9.068800 10.111728
61578.000000 -1.884956 6.000000 9.067487 9.067488 10.110848
61579.000000 -1.884956 6.000000 9.066172 9.066173 10.109964
61580.000000 -1.884956 6.000000 9.064855 9.064856 10.109076
61581.000000 -1.884956 6.000000 9.063536 9.063537 10.108185
61582.000000 -1.884956 6.000000 9.062215 9.062215 10.107289
61583.000000 -1.884956 6.000000 9.060891 9.060892 10.106390
61584.000000 -1.884956 6.000000 9.059565 9.059566 10.105487
61585.000000 -1.884956 6.000000 9.058237 9.058237 10.104581
61586.000000 -1.884956 6.000000 9.056906 9.056907 10.103670
61587.000000 -1.884956 6.000000 9.055573 9.055574 10.102756
61588.000000 -1.884956 6.000000 9.054238 9.054239 10.101839
61589.000000 -1.884956 6.000000 9.052901 9.052901 10.100917
61590.000000 -1.884956 6.000000 9.051561 9.051562 10.099992
61591.000000 -1.884956 6.000000 9.050219 9.050220 10.099064
61592.000000 -1.884956 6.000000 9.048875 9.048876 10.098131
61593.000000 -1.884956 6.000000 9.047528 9.047529 10.097195
61594.000000 -1.884956 6.000000 9.046180 9.046180 10.096255
61595.000000 -1.884956 6.000000 9.044827 9.044828 10.095314
61597.000000 -1.884956 6.000000 9.042119 9.042120 10.093412
61598.000000 -1.884956 6.000000 9.040761 9.040762 10.092458
61599.000000 -1.884956 6.000000 9.039401 9.039402 10.091500
61600.000000 -1.884956 6.000000 9.038039 9.038039 10.090540
61601.000000 -1.884956 6.000000 9.036674 9.036675 10.089574
61602.000000 -1.884956 6.000000 9.035307 9.035308 10.088604
61603.000000 -1.884956 6.000000 9.033939 9.033939 10.087630
61604.000000 -1.884956 6.000000 9.032567 9.032568 10.086653
61605.000000 -1.884956 6.000000 9.031194 9.031195 10.085672
61606.000000 -1.884956 6.000000 9.029819 9.029820 10.084686
61607.000000 -1.884956 6.000000 9.028441 9.028442 10.083697
61608.000000 -1.884956 6.000000 9.027061 9.027062 10.082704
61609.000000 -1.884956 6.000000 9.025678 9.025679 10.081711
61610.000000 -1.884956 6.000000 9.024294 9.024295 10.080711
61611.000000 -1.884956 6.000000 9.022908 9.022909 10.079706
61612.000000 -1.884956 6.000000 9.021518 9.021519 10.078702
61614.000000 -1.884956 6.000000 9.018734 9.018735 10.076675
61615.000000 -1.884956 6.000000 9.017338 9.017339 10.075658
61616.000000 -1.884956 6.000000 9.015940 9.015941 10.074636
61617.000000 0.000000 6.000000 2.284156 2.343965 5.339782
61619.000000 -1.884956 6.000000 9.011733 9.011734 10.071550
61621.000000 -1.884956 6.000000 9.008918 9.008918 10.069473
61622.000000 -1.884956 6.000000 9.007506 9.007507 10.068430
61623.000000 -1.884956 6.000000 9.006093 9.006094 10.067382
61624.000000 -1.884956 6.000000 9.004678 9.004679 10.066330
61625.000000 -1.884956 6.000000 9.003260 9.003261 10.065275
61626.000000 -1.884956 6.000000 9.001841 9.001841 10.064216
61627.000000 -1.884956 6.000000 9.000419 9.000419 10.063154
61628.000000 -1.884956 6.000000 8.998995 8.998995 10.062087
61630.000000 -1.884956 6.000000 8.996140 8.996141 10.059943
61631.000000 -1.884956 6.000000 8.994709 8.994710 10.058866
61632.000000 -1.884956 6.000000 8.993277 8.993277 10.057784
61633.000000 -1.884956 6.000000 8.991841 8.991842 10.056701
61634.000000 -1.884956 6.000000 8.990405 8.990406 10.055610
61635.000000 -1.884956 6.000000 8.988965 8.988966 10.054519
61636.000000 -1.884956 6.000000 8.987523 8.987524 10.053423
61637.000000 -1.884956 6.000000 8.986080 8.986081 10.052323
61638.000000 -1.884956 6.000000 8.984634 8.984634 10.051222
61639.000000 -1.884956 6.000000 8.983185 8.983186 10.050116
61640.000000 -1.884956 6.000000 8.981736 8.981737 10.049003
61641.000000 -1.884956 6.000000 8.980283 8.980284 10.047890
61642.000000 -1.884956 6.000000 8.978829 8.978830 10.046772
61644.000000 -1.884956 6.000000 8.975914 8.975915 10.044523
61645.000000 -1.884956 6.000000 8.974453 8.974453 10.043396
61646.000000 -1.884956 6.000000 8.972990 8.972991 10.042260
61647.000000 -1.884956 6.000000 8.971525 8.971526 10.041124
61648.000000 -0.628319 6.000000 2.246819 2.283362 5.319316
61650.000000 -1.884956 6.000000 8.967117 8.967118 10.037692
61653.000000 -1.884956 6.000000 8.962690 8.962691 10.034227
61654.000000 -1.884956 6.000000 8.961209 8.961210 10.033066
61655.000000 -1.884956 6.000000 8.959727 8.959728 10.031901
61656.000000 -1.884956 6.000000 8.958243 8.958244 10.030731
61657.000000 -1.884956 6.000000 8.956757 8.956758 10.029555
61658.000000 -1.884956 6.000000 8.955268 8.955268 10.028383
61660.000000 -1.884956 6.000000 8.952285 8.952286 10.026015
61661.000000 -1.884956 6.000000 8.950791 8.950792 10.024825
61662.000000 -1.884956 6.000000 8.949293 8.949294 10.023636
61663.000000 -1.884956 6.000000 8.947794 8.947795 10.022441
61664.000000 -1.884956 6.000000 8.946293 8.946294 10.021242
61665.000000 -1.884956 6.000000 8.944788 8.944789 10.020039
61666.000000 -1.884956 6.000000 8.943284 8.943285 10.018828
61667.000000 -1.884956 6.000000 8.941776 8.941777 10.017619
61668.000000 -1.884956 6.000000 8.940266 8.940267 10.016406
61669.000000 -1.884956 6.000000 8.938755 8.938756 10.015186
61670.000000 -1.884956 6.000000 8.937242 8.937242 10.013965
61671.000000 -1.884956 6.000000 8.935725 8.935726 10.012742
61673.000000 -1.884956 6.000000 8.932688 8.932689 10.010281
61674.000000 -1.884956 6.000000 8.931166 8.931166 10.009047
61675.000000 -1.256637 6.000000 6.020994 6.020994 8.250367
61676.000000 -1.884956 6.000000 8.928116 8.928117 10.006562
61678.000000 -1.884956 6.000000 8.925058 8.925059 10.004066
61679.000000 -1.884956 6.000000 8.923526 8.923527 10.002811
61680.000000 -1.884956 6.000000 8.921992 8.921992 10.001555
61681.000000 -1.884956 6.000000 8.920455 8.920456 10.000292
61683.000000 -1.884956 6.000000 8.917377 8.917378 9.997758
61684.000000 -1.884956 6.000000 8.915834 8.915835 9.996488
61685.000000 -1.884956 6.000000 8.914290 8.914291 9.995209
61686.000000 -1.884956 6.000000 8.912744 8.912745 9.993929
61687.000000 -1.884956 6.000000 8.911196 8.911196 9.992646
61688.000000 -1.884956 6.000000 8.909645 8.909646 9.991359
61689.000000 -1.884956 6.000000 8.908093 8.908094 9.990068
61690.000000 -1.884956 6.000000 8.906539 8.906540 9.988774
61691.000000 -1.884956 6.000000 8.904982 8.904983 9.987476
61692.000000 -1.884956 6.000000 8.903423 8.903424 9.986176
61693.000000 0.000000 6.000000 2.265075 2.457598 5.287158
61695.000000 -1.884956 6.000000 8.898736 8.898737 9.982251
61698.000000 -1.884956 6.000000 8.894030 8.894031 9.978292
61699.000000 -1.884956 6.000000 8.892458 8.892458 9.976965
61700.000000 -1.884956 6.000000 8.890883 8.890884 9.975634
61701.000000 -1.884956 6.000000 8.889307 8.889308 9.974299
61702.000000 2.513274 6.000000 1.648203 1.750797 5.280384
61704.000000 -1.884956 6.000000 8.884565 8.884566 9.970275
61707.000000 -1.884956 6.000000 8.879806 8.879807 9.966216
61708.000000 -1.884956 6.000000 8.878215 8.878216 9.964859
61709.000000 -1.884956 6.000000 8.876622 8.876623 9.963496
61710.000000 -1.884956 6.000000 8.875029 8.875030 9.962126
61711.000000 -1.884956 6.000000 8.873433 8.873433 9.960756
61712.000000 -1.884956 6.000000 8.871834 8.871835 9.959382
61713.000000 -1.884956 6.000000 8.870233 8.870234 9.958007
61714.000000 -1.884956 6.000000 8.868631 8.868632 9.956625
61715.000000 -1.884956 6.000000 8.867028 8.867029 9.955239
61716.000000 -1.884956 6.000000 8.865422 8.865422 9.953852
61717.000000 -1.884956 6.000000 8.863813 8.863814 9.952460
61718.000000 -1.884956 6.000000 8.862203 8.862204 9.951066
61719.000000 -1.884956 6.000000 8.860591 8.860592 9.949668
61720.000000 -1.884956 6.000000 8.858978 8.858979 9.948264
61721.000000 -1.884956 6.000000 8.857363 8.857363 9.946856
61722.000000 -1.884956 6.000000 8.855745 8.855746 9.945445
61723.000000 -1.884956 6.000000 8.854125 8.854126 9.944034
61724.000000 -1.884956 6.000000 8.852503 8.852504 9.942619
61726.000000 -1.884956 6.000000 8.849255 8.849256 9.939771
61727.000000 -1.884956 6.000000 8.847627 8.847628 9.938344
61728.000000 -1.884956 6.000000 8.845998 8.845999 9.936912
61729.000000 -1.884956 6.000000 8.844367 8.844368 9.935478
61730.000000 -1.884956 6.000000 8.842734 8.842735 9.934040
61731.000000 -1.256637 6.000000 5.985221 5.985221 8.182582
61733.000000 -1.884956 6.000000 8.837824 8.837825 9.929706
61734.000000 -1.884956 6.000000 8.836184 8.836184 9.928253
61735.000000 -1.884956 6.000000 8.834541 8.834542 9.926796
61736.000000 -1.884956 6.000000 8.832896 8.832897 9.925337
61737.000000 -1.884956 6.000000 8.831250 8.831251 9.923872
61738.000000 -1.884956 6.000000 8.829603 8.829603 9.922404
61739.000000 -1.884956 6.000000 8.827953 8.827953 9.920934
61741.000000 -1.884956 6.000000 8.824647 8.824648 9.917983
61742.000000 -1.884956 6.000000 8.822991 8.822992 9.916504
61743.000000 -1.884956 6.000000 8.821334 8.821334 9.915016
61744.000000 -1.884956 6.000000 8.819674 8.819675 9.913531
61745.000000 -1.884956 6.000000 8.818013 8.818014 9.912037
61746.000000 -1.884956 6.000000 8.816349 8.816350 9.910545
61747.000000 -1.256637 6.000000 5.974448 5.974448 8.161693
61749.000000 -1.884956 6.000000 8.811349 8.811350 9.906039
61751.000000 -1.884956 6.000000 8.808007 8.808008 9.903013
61752.000000 -1.884956 6.000000 8.806333 8.806334 9.901497
61753.000000 -1.884956 6.000000 8.804656 8.804657 9.899981
61754.000000 -1.884956 6.000000 8.802978 8.802979 9.898457
61755.000000 -1.884956 6.000000 8.801299 8.801300 9.896929
61756.000000 -1.884956 6.000000 8.799617 8.799618 9.895401
61757.000000 -1.884956 6.000000 8.797935 8.797935 9.893865
61758.000000 -1.884956 6.000000 8.796250 8.796250 9.892327
61759.000000 -1.884956 6.000000 8.794563 8.794564 9.890787
61760.000000 -1.884956 6.000000 8.792874 8.792875 9.889244
61761.000000 -1.884956 6.000000 8.791183 8.791184 9.887698
61762.000000 -1.884956 6.000000 8.789491 8.789492 9.886147
61763.000000 -1.884956 6.000000 8.787797 8.787798 9.884590
61764.000000 -1.884956 6.000000 8.786100 8.786101 9.883034
61765.000000 3.141593 6.000000 6.237914 6.237914 8.592106
61769.000000 3.141593 6.000000 6.234994 6.234995 8.586208
61770.000000 -1.884956 6.000000 8.775887 8.775888 9.873610
61773.000000 -1.884956 6.000000 8.770757 8.770757 9.868851
61774.000000 -1.884956 6.000000 8.769042 8.769043 9.867261
61775.000000 -1.256637 6.000000 5.955025 5.955025 8.123552
61777.000000 -1.884956 6.000000 8.763890 8.763891 9.862464
61779.000000 -1.884956 6.000000 8.760447 8.760448 9.859247
61780.000000 -1.884956 6.000000 8.758723 8.758724 9.857634
61781.000000 -1.884956 6.000000 8.756997 8.756998 9.856015
61782.000000 -1.884956 6.000000 8.755270 8.755270 9.854394
61783.000000 -1.884956 6.000000 8.753540 8.753541 9.852770
61784.000000 -1.884956 6.000000 8.751809 8.751809 9.851144
61785.000000 -1.884956 6.000000 8.750075 8.750076 9.849515
61786.000000 -1.884956 6.000000 8.748341 8.748342 9.847880
61787.000000 0.000000 6.000000 2.615302 3.095528 5.211006
