62888.000
 [[-10564197.5947 -23771871.2612   5574628.7523]
 [-12631757.2043 -20040566.9906  12045470.6378]
 [ 14046545.0107  -9909815.1565  20395615.8759]
 [  6351008.317  -20796024.2497  15155446.9682]
 [ 17184970.1835 -19017427.1646   6893898.2437]
 [-13711771.7423  -8506852.522   21413807.1135]
 [   667623.6314 -25682464.483    5631858.7884]]
62890.000
 [[-10563811.5199 -23773380.789    5568655.2734]
 [-12631910.4387 -20043657.8294  12040183.8198]
 [ 14051309.623   -9907887.9752  20393347.7984]
 [  6352270.9827 -20792345.738   15159988.5168]
 [ 17186646.1773 -19018002.616    6887849.5316]
 [-13707880.2853  -8510473.4577  21414788.5675]
 [   668248.6671 -25681046.3435   5638168.7533]]
62891.000
 [[-10563618.3964 -23774135.0298   5565668.3571]
 [-12631987.0924 -20045202.7534  12037540.0272]
 [ 14053691.8093  -9906924.6727  20392213.1172]
 [  6352902.5646 -20790506.1186  15162258.8042]
 [ 17187483.6987 -19018290.0686   6884824.9552]
 [-13705934.6372  -8512284.1551  21415278.6303]
 [   668561.3235 -25680336.7029   5641323.5504]]
62892.000
 [[-10563425.2154 -23774888.9219   5562681.323 ]
 [-12632063.7702 -20046747.3472  12034895.9789]
 [ 14056073.9157  -9905961.5622  20391078.0077]
 [  6353534.3125 -20788666.2568  15164528.7669]
 [ 17188320.9033 -19018577.339    6881800.2321]
 [-13703989.0427  -8514095.0056  21415768.2503]
 [   668874.0723 -25679626.6819   5644478.2238]]
62894.000
 [[-10563038.6808 -23776395.6599   5556706.9015]
 [-12632217.1984 -20049835.5437  12029607.1156]
 [ 14060837.8885  -9904035.9175  20388806.5038]
 [  6354798.3068 -20784985.8063  15169067.7183]
 [ 17189994.3617 -19019151.3331   6875750.3458]
 [-13700098.0147  -8517717.1654  21416746.1616]
 [   669499.8473 -25678205.4984   5650787.1995]]
62895.000
 [[-10562845.3271 -23777148.5058   5553719.5142]
 [-12632293.9486 -20051379.1464  12026962.3007]
 [ 14063219.7547  -9903073.3833  20387670.1096]
 [  6355430.5532 -20783145.2178  15171336.7069]
 [ 17190830.6155 -19019438.0567   6872725.1827]
 [-13698152.5814  -8519528.4747  21417234.453 ]
 [   669812.8737 -25677494.336    5653941.5016]]
