67245.000
 [[ 18163205.1516 -17922723.0815  -6760348.3785]
 [-14438255.5708  -5584788.265   21546571.977 ]
 [-12485774.2433 -23451101.5148  -1059594.9396]
 [ 10853615.115  -11307621.7868  21422066.3346]
 [ 22830583.5628  -7408834.4188  11859556.8247]
 [ -8546605.4781 -23864096.9607  -7665990.8319]
 [ 12030015.5704 -23445733.9073  -1975535.3957]
 [ -6332888.1576 -17218541.2665  19327004.4706]
 [  3486808.8482 -19512373.0862  17313186.7579]]
67247.000
 [[ 18162650.1848 -17920917.4033  -6766405.8217]
 [-14435586.0545  -5589591.0773  21547112.0018]
 [-12485162.2356 -23451144.067   -1065932.922 ]
 [ 10856484.7814 -11302988.0911  21423083.3027]
 [ 22833534.4953  -7408330.8854  11854253.0303]
 [ -8544879.8359 -23862802.5358  -7671759.7215]
 [ 12030694.3398 -23445904.8046  -1969105.6628]
 [ -6330214.0034 -17222581.0557  19324157.3105]
 [  3488974.8335 -19508443.616   17317226.5598]]
67249.000
 [[ 18162094.5568 -17919110.3909  -6772462.6782]
 [-14432917.0142  -5594394.3098  21547650.1872]
 [-12484549.4466 -23451185.3074  -1072270.8138]
 [ 10859355.1048 -11298354.5096  21424098.4445]
 [ 22836484.1631  -7407827.7547  11848948.251 ]
 [ -8543153.2642 -23861507.0733  -7677527.9522]
 [ 12031372.2758 -23446074.3727  -1962675.7597]
 [ -6327540.6288 -17226620.5401  19321308.5222]
 [  3491141.734  -19504513.4866  17321264.847 ]]
67251.000
 [[ 18161538.268  -17917302.0441  -6778518.9474]
 [-14430248.45    -5599197.9623  21548186.5329]
 [-12483935.8761 -23451225.2361  -1078608.6147]
 [ 10862226.0851 -11293721.0427  21425111.7598]
 [ 22839432.566   -7407325.0262  11843642.487 ]
 [ -8541425.7627 -23860210.5734  -7683295.5236]
 [ 12032049.3789 -23446242.6111  -1956245.687 ]
 [ -6324868.034  -17230659.7193  19318458.1058]
 [  3493309.5499 -19500582.6986  17325301.619 ]]
67252.000
 [[ 18161259.8759 -17916397.3703  -6781546.8617]
 [-14428914.3465  -5601599.9459  21548454.016 ]
 [-12483628.7976 -23451244.7087  -1081777.4808]
 [ 10863661.8216 -11291404.3524  21425617.7325]
 [ 22840906.2929  -7407073.8127  11840989.2359]
 [ -8540561.6632 -23859561.9346  -7686179.0619]
 [ 12032387.6182 -23446326.2317  -1953030.5872]
 [ -6323532.0291 -17232679.1943  19317032.2872]
 [  3494393.8012 -19498617.0577  17327319.4367]]
