68473.000000 2.513274 5.000000 2.712623 2.977020 3.179152
68474.000000 2.513274 5.000000 2.706998 2.970771 3.180097
68476.000000 2.513274 5.000000 2.706644 2.970580 3.180570
68477.000000 2.513274 5.000000 2.711819 2.977295 3.181517
68479.000000 2.513274 5.000000 2.713136 2.978108 3.181991
68480.000000 2.513274 5.000000 2.717084 2.982133 3.182465
68481.000000 2.513274 5.000000 2.724805 2.991322 3.182940
68482.000000 2.513274 5.000000 2.732052 2.999665 3.183415
68483.000000 2.513274 5.000000 2.739726 3.008196 3.183891
68484.000000 2.513274 5.000000 2.748884 3.017786 3.184367
68485.000000 0.000000 5.000000 2.001090 2.120942 3.187709
68492.000000 0.628319 5.000000 2.102701 2.157357 3.191551
68500.000000 0.628319 5.000000 2.113873 2.166657 3.192516
68502.000000 0.628319 5.000000 2.119753 2.171867 3.192999
68503.000000 0.628319 5.000000 2.124656 2.176004 3.193482
68504.000000 0.628319 5.000000 2.125012 2.176205 3.193965
68505.000000 0.628319 5.000000 2.125986 2.177034 3.194449
68506.000000 0.628319 5.000000 2.127230 2.177967 3.194933
68507.000000 0.628319 5.000000 2.130459 2.180680 3.195418
68508.000000 1.884956 5.000000 2.343267 2.444881 3.198334
68514.000000 0.628319 5.000000 2.160903 2.197945 3.202244
68522.000000 0.628319 5.000000 2.117941 2.170174 3.206178
68530.000000 0.628319 5.000000 2.140014 2.183661 3.209145
68536.000000 0.628319 5.000000 2.138978 2.182394 3.212125
68542.000000 0.628319 5.000000 2.132530 2.177115 3.215120
68548.000000 0.628319 5.000000 2.118775 2.165843 3.218128
68554.000000 0.628319 5.000000 2.120368 2.167139 3.221151
68560.000000 0.628319 5.000000 2.101892 2.152039 3.222161
