67875.000
 [[ 17957861.5462 -17287600.288   -8636720.806 ]
 [-13622338.6176  -7116114.9088  21625529.762 ]
 [-12252630.7959 -23400867.0674  -3048817.1274]
 [ 11788877.0595  -9856151.0193  21651727.9291]
 [ 23696139.8358  -7268355.7656  10142464.4956]
 [ 12204428.62   -23432567.0771     55375.3462]
 [ -5529392.9333 -18473441.9878  18350832.3842]
 [  4214533.4569 -18244760.1813  18509073.3483]]
67884.000
 [[ 17954516.7717 -17277559.0242  -8663025.2545]
 [-13611066.1769  -7138223.694   21625331.1275]
 [-12248688.762  -23399243.7863  -3077088.4267]
 [  2561017.2647 -23399640.2603 -12109205.5206]
 [ 11802674.612   -9835570.5579  21653686.2499]
 [ 23707554.5218  -7266585.6277  10117294.9423]
 [ 12206375.0633 -23431387.6773     84426.4228]
 [ -5518482.705  -18491074.9043  18335752.8555]
 [  4225591.2487 -18226259.1368  18525018.4203]]
67885.000
 [[ 17954144.4722 -17276441.6406  -8665947.0311]
 [-13609814.3843  -7140680.5674  21625306.7491]
 [-12248249.6534 -23399061.8827  -3080229.3567]
 [  2561920.4145 -23400919.6348 -12106539.8495]
 [ 11804208.3983  -9833284.172   21653901.5354]
 [ 23708821.1341  -7266389.3093  10114497.2745]
 [ 12206590.4361 -23431254.8809     87654.3119]
 [ -5517271.4494 -18493033.5394  18334075.4143]
 [  4226821.0426 -18224202.8557  18526788.0725]]
67886.000
 [[ 17953772.0413 -17275323.9193  -8668868.6195]
 [-13608562.7319  -7143137.509   21625281.909 ]
 [-12247810.3235 -23398879.6714  -3083370.2214]
 [  2562823.3364 -23402198.7626 -12103873.9181]
 [ 11805742.3295  -9830997.8527  21654116.3597]
 [ 23710087.4091  -7266193.0634  10111699.3968]
 [ 12206805.6294 -23431121.7341     90882.1991]
 [ -5516060.3922 -18494992.0587  18332397.5856]
 [  4228051.0666 -18222146.453   18528557.3201]]
67888.000
 [[ 17953026.7857 -17273087.4642  -8674711.2316]
 [-13606059.8479  -7148051.5963  21625230.8442]
 [-12246931.0003 -23398514.326   -3089651.7546]
 [  2564628.4962 -23404756.2778 -12098541.275 ]
 [ 11808810.6265  -9826425.4142  21654544.6249]
 [ 23712618.9471  -7265800.7891  10106103.0118]
 [ 12207235.4775 -23430854.3888     97337.9677]
 [ -5513638.8731 -18498908.7496  18329040.766 ]
 [  4230511.805  -18218033.2828  18532094.6013]]
67889.000
 [[ 17952653.961  -17271968.7302  -8677632.2551]
 [-13604808.6163  -7150508.742   21625204.6195]
 [-12246491.0068 -23398331.1919  -3092792.423 ]
 [  2565530.7342 -23406034.6651 -12095874.5634]
 [ 11810344.9921  -9824139.2951  21654758.0658]
 [ 23713884.2099  -7265604.7605  10103304.5045]
 [ 12207450.1324 -23430720.1902    100565.8489]
 [ -5512428.411  -18500866.9212  18327361.775 ]
 [  4231742.5193 -18215976.5155  18533862.6349]]
67890.000
 [[ 17952281.0052 -17270849.6587  -8680553.0902]
 [-13603557.5252  -7152965.9556  21625177.9331]
 [-12246050.792  -23398147.7502  -3095933.0258]
 [  2566432.7443 -23407312.8055 -12093207.5918]
 [ 11811879.5026  -9821853.2428  21654971.0454]
 [ 23715149.1354  -7265408.8043  10100505.7876]
 [ 12207664.608  -23430585.6412    103793.7279]
 [ -5511218.1474 -18502824.9768  18325682.3968]
 [  4232973.4637 -18213919.6267  18535630.2637]]
67891.000
 [[ 17951907.9183 -17269730.2496  -8683473.7367]
 [-13602306.5744  -7155423.237   21625150.7852]
 [-12245610.356  -23397964.0011  -3099073.5629]
 [  2567334.5265 -23408590.6989 -12090540.3602]
 [ 11813414.1577  -9819567.2574  21655183.564 ]
 [ 23716413.7233  -7265212.9204  10097706.861 ]
 [ 12207878.9042 -23430450.7415    107021.6047]
 [ -5510008.0823 -18504782.9162  18324002.6312]
 [  4234204.6381 -18211862.6167  18537397.4877]]
67893.000
 [[ 17951161.3514 -17267490.4188  -8689314.4639]
 [-13599805.0943  -7160338.0029  21625095.1045]
 [-12244728.8197 -23397595.5805  -3105354.4398]
 [  2569137.4072 -23411145.7444 -12085205.1177]
 [ 11816483.9018  -9814995.4877  21655607.2174]
 [ 23718941.8866  -7264821.3694  10092108.3791]
 [ 12208306.9589 -23430179.8902    113477.3511]
 [ -5507588.5472 -18508698.4465  18320641.9382]
 [  4236667.6772 -18207748.2331  18540930.721 ]]
67894.000
 [[ 17950787.8715 -17266369.997   -8692234.5445]
 [-13598554.5649  -7162795.4875  21625066.5718]
 [-12244287.7194 -23397410.909   -3108494.7796]
 [  2570038.5059 -23412422.8966 -12082537.1068]
 [ 11818018.9909  -9812709.7033  21655818.3524]
 [ 23720205.462   -7264625.7022  10089308.8239]
 [ 12208520.7175 -23430043.9385    116705.2207]
 [ -5506379.0772 -18510656.0372  18318961.0109]
 [  4237899.5418 -18205690.8596  18542696.7303]]
67895.000
 [[ 17950414.2607 -17265249.2376  -8695154.4364]
 [-13597304.176   -7165253.0397  21625037.5776]
 [-12243846.3976 -23397225.9303  -3111635.0534]
 [  2570939.3768 -23413699.8015 -12079868.8361]
 [ 11819554.2245  -9810423.9861  21656029.0261]
 [ 23721468.6998  -7264430.1071  10086509.0593]
 [ 12208734.297  -23429907.6361    119933.0879]
 [ -5505169.8056 -18512613.5117  18317279.6963]
 [  4239131.6366 -18203633.365   18544462.3347]]
67897.000
 [[ 17949666.6467 -17263006.7062  -8700993.6535]
 [-13594803.82    -7170168.3467  21624978.2043]
 [-12242963.0895 -23396855.0508  -3117915.4031]
 [  2572740.4352 -23416252.8695 -12074531.516 ]
 [ 11822625.1253  -9805852.7533  21656448.9901]
 [ 23723994.1624  -7264039.133   10080908.902 ]
 [ 12209160.9188 -23429633.9791    126388.8143]
 [ -5502751.8578 -18516528.1112  18313915.9059]
 [  4241596.5162 -18199518.013   18547992.3284]]
67898.000
 [[ 17949292.6436 -17261884.9341  -8703912.9787]
 [-13593553.8529  -7172626.1013  21624947.8253]
 [-12242521.1031 -23396669.1501  -3121055.4788]
 [  2573640.6228 -23417529.0325 -12071862.4666]
 [ 11824160.7924  -9803567.2378  21656658.2802]
 [ 23725256.3873  -7263843.754   10078108.5094]
 [ 12209373.9612 -23429496.6244    129616.6734]
 [ -5501543.1814 -18518485.2363  18312233.43  ]
 [  4242829.3012 -18197460.1556  18549756.7177]]
67899.000
 [[ 17948918.5099 -17260762.8244  -8706832.1148]
 [-13592304.0264  -7175083.9233  21624916.9847]
 [-12242078.895  -23396482.9423  -3124195.4883]
 [  2574540.5827 -23418804.9481 -12069193.1578]
 [ 11825696.604   -9801281.7897  21656867.1092]
 [ 23726518.2744  -7263648.4469  10075307.9077]
 [ 12209586.8247 -23429358.919     132844.5298]
 [ -5500334.7035 -18520442.2447  18310550.5671]
 [  4244062.3161 -18195402.1776  18551520.7019]]
67900.000
 [[ 17948544.2455 -17259640.3771  -8709751.0619]
 [-13591054.3405  -7177541.8126  21624885.6825]
 [-12241636.4653 -23396296.4272  -3127335.4316]
 [  2575440.3149 -23420080.6162 -12066523.5895]
 [ 11827232.56    -9798996.4089  21657075.4769]
 [ 23727779.8238  -7263453.2116  10072507.0968]
 [ 12209799.5093 -23429220.8627    136072.3832]
 [ -5499126.424  -18522399.1365  18308867.3171]
 [  4245295.5612 -18193344.0788  18553284.281 ]]
67902.000
 [[ 17947795.3251 -17257394.4698  -8715588.3884]
 [-13588555.391   -7182457.7928  21624821.6934]
 [-12240750.9407 -23395922.4757  -3133615.119 ]
 [  2577239.0961 -23422631.2097 -12061183.6751]
 [ 11830304.9049  -9794425.8501  21657490.8288]
 [ 23730301.9092  -7263062.9568  10066904.848 ]
 [ 12210224.3419 -23428943.6975    142528.0812]
 [ -5496710.4604 -18526312.5697  18305499.6564]
 [  4247762.7413 -18189227.5195  18556810.2234]]
67903.000
 [[ 17947420.6692 -17256271.0098  -8718506.7677]
 [-13587306.1274  -7184915.8836  21624789.0065]
 [-12240307.8459 -23395735.0393  -3136754.863 ]
 [  2578138.1453 -23423906.1351 -12058513.3291]
 [ 11831841.2939  -9792140.6721  21657697.8129]
 [ 23731562.4452  -7262867.937   10064103.4101]
 [ 12210436.4901 -23428804.5886    145755.9256]
 [ -5495502.7762 -18528269.1111  18303815.2457]
 [  4248996.6764 -18187169.0591  18558572.5867]]
67905.000
 [[ 17946670.9662 -17254023.0771  -8724342.9583]
 [-13584808.0226  -7189832.2663  21624722.248 ]
 [-12239420.9906 -23395359.2455  -3143034.1514]
 [  2579935.5608 -23426455.2426 -12053171.8596]
 [ 11834914.5045  -9787570.519   21658110.3974]
 [ 23734082.5035  -7262478.1126  10058499.9078]
 [ 12210860.2504 -23428525.318     152211.6048]
 [ -5493088.0032 -18532181.8431  18300445.2636]
 [  4251465.2368 -18183051.7771  18562096.0975]]
67906.000
 [[ 17946295.9193 -17252898.6043  -8727260.7695]
 [-13583559.1814  -7192290.5581  21624688.1764]
 [-12238977.2301 -23395170.8881  -3146173.6957]
 [  2580833.9272 -23427729.4248 -12050500.7362]
 [ 11836451.3261  -9785285.5441  21658315.9978]
 [ 23735342.0259  -7262283.3078  10055697.8434]
 [ 12211071.8627 -23428385.1562    155439.4396]
 [ -5491880.9143 -18534138.0336  18298759.6923]
 [  4252699.862  -18180992.9557  18563857.2448]]
67907.000
 [[ 17945920.7421 -17251773.7939  -8730178.391 ]
 [-13582310.4811  -7194748.9168  21624653.6431]
 [-12238533.2477 -23394982.2237  -3149313.1732]
 [  2581732.0661 -23429003.359  -12047829.3538]
 [ 11837988.2919  -9783000.637   21658521.1369]
 [ 23736601.2102  -7262088.5746  10052895.5703]
 [ 12211283.2963 -23428244.6434    158667.2709]
 [ -5490674.0239 -18536094.107   18297073.7343]
 [  4253934.7173 -18178934.014   18565617.9868]]
67909.000
 [[ 17945169.9973 -17249523.1604  -8736013.0654]
 [-13579813.5032  -7199665.8346  21624583.192 ]
 [-12237644.617  -23394603.9744  -3155591.928 ]
 [  2583527.6613 -23431550.4839 -12042485.8122]
 [ 11841062.6558  -9778431.0265  21658930.0315]
 [ 23739118.5651  -7261699.3227  10047290.3982]
 [ 12211705.6283 -23427962.5648    165122.9234]
 [ -5488260.8382 -18540005.9023  18293700.6579]
 [  4256405.1179 -18174815.7702  18569138.2543]]
