68804.000000 2.513274 5.000000 2.329403 2.340256 3.356834
68807.000000 2.513274 5.000000 2.338182 2.349873 3.358647
68808.000000 2.513274 5.000000 2.341228 2.353231 3.359253
68809.000000 2.513274 5.000000 2.341724 2.353830 3.359859
68810.000000 2.513274 5.000000 2.345274 2.357802 3.360465
68811.000000 2.513274 5.000000 2.346768 2.359483 3.361071
68812.000000 -1.884956 5.000000 2.353619 2.363955 3.361678
68815.000000 -1.884956 5.000000 2.359904 2.371234 3.363502
68816.000000 -1.884956 5.000000 2.361377 2.372834 3.364110
68817.000000 -1.884956 5.000000 2.355200 2.365813 3.364720
68818.000000 -1.884956 5.000000 2.357680 2.368476 3.365329
68819.000000 -1.884956 5.000000 2.341266 2.350092 3.365939
68820.000000 -1.884956 5.000000 2.341424 2.350190 3.366549
68821.000000 -1.884956 5.000000 2.340956 2.349586 3.367160
68822.000000 -1.884956 5.000000 2.339493 2.347890 3.367772
68824.000000 -1.884956 5.000000 2.340368 2.348694 3.368995
68825.000000 -1.884956 5.000000 2.338647 2.346751 3.369608
68826.000000 0.628319 5.000000 4.418345 4.418345 4.985853
68828.000000 -2.513274 5.000000 2.463090 2.490887 3.371448
68829.000000 -2.513274 5.000000 2.512235 2.556474 3.372062
68830.000000 -2.513274 5.000000 2.566053 2.634549 3.372677
68831.000000 3.141593 5.000000 2.614265 2.715604 3.373292
68835.000000 2.513274 5.000000 2.454963 2.578353 3.375756
68837.000000 2.513274 5.000000 2.441038 2.556538 3.376991
68838.000000 2.513274 5.000000 2.442535 2.559034 3.377609
68839.000000 -1.256637 5.000000 5.760390 5.760390 6.246054
68841.000000 -1.256637 5.000000 5.762577 5.762577 6.248996
68842.000000 -1.256637 5.000000 5.763671 5.763671 6.250468
68843.000000 -1.256637 5.000000 5.764766 5.764766 6.251941
68844.000000 -1.256637 5.000000 5.765861 5.765861 6.253414
68846.000000 -1.256637 5.000000 5.768053 5.768053 6.256364
68847.000000 -1.256637 5.000000 5.769149 5.769149 6.257840
68848.000000 -1.256637 5.000000 5.770246 5.770246 6.259317
68849.000000 -1.256637 5.000000 5.771344 5.771344 6.260795
68850.000000 -1.256637 5.000000 5.772441 5.772442 6.262273
68851.000000 -1.256637 5.000000 5.773540 5.773540 6.263753
68852.000000 -1.256637 5.000000 5.774639 5.774639 6.265233
68853.000000 3.141593 5.000000 2.486723 2.632144 3.386929
68856.000000 3.141593 5.000000 2.342914 2.405402 3.388805
68857.000000 -1.256637 5.000000 5.780140 5.780140 6.272646
68860.000000 3.141593 5.000000 2.435614 2.575026 3.391311
68862.000000 2.513274 5.000000 2.354994 2.413879 3.392567
68864.000000 3.141593 5.000000 2.412201 2.481805 3.393825
68866.000000 3.141593 5.000000 2.406093 2.472695 3.395084
68867.000000 3.141593 5.000000 2.403295 2.469012 3.395714
68868.000000 3.141593 5.000000 2.395742 2.457774 3.396345
68869.000000 2.513274 5.000000 2.392225 2.452419 3.396976
68871.000000 2.513274 5.000000 2.400058 2.462626 3.398239
68872.000000 2.513274 5.000000 2.396603 2.458084 3.398872
68873.000000 2.513274 5.000000 2.395485 2.456781 3.399505
68874.000000 2.513274 5.000000 2.393299 2.453447 3.400138
68875.000000 0.628319 5.000000 2.125466 2.163965 3.400771
68879.000000 0.000000 5.000000 1.672691 1.718936 3.403309
68879.000000 0.000000 5.000000 1.672593 1.716810 3.403309
68880.000000 0.000000 5.000000 1.672760 1.716203 3.403945
68882.000000 0.000000 5.000000 1.670485 1.713529 3.405218
68883.000000 0.000000 5.000000 1.669812 1.712162 3.405855
68884.000000 0.628319 5.000000 1.763068 1.841859 3.406493
68886.000000 0.628319 5.000000 1.759843 1.836780 3.407769
68887.000000 0.000000 5.000000 1.755842 1.832586 3.408408
68888.000000 0.000000 5.000000 1.753334 1.831219 3.409047
68889.000000 0.000000 5.000000 1.963950 2.054993 3.409687
68890.000000 0.000000 5.000000 1.955871 2.042973 3.410327
68891.000000 0.000000 5.000000 1.961922 2.046118 3.410967
68892.000000 0.000000 5.000000 1.966490 2.046694 3.411608
68893.000000 -0.628319 5.000000 2.066163 2.118477 3.412249
68897.000000 -1.256637 5.000000 1.978100 2.039081 3.414819
68899.000000 -1.256637 5.000000 1.972303 2.036019 3.416106
68900.000000 -1.256637 5.000000 2.100099 2.134508 3.416750
68901.000000 -1.256637 5.000000 2.098554 2.134064 3.417395
68902.000000 -1.256637 5.000000 2.092122 2.129961 3.418040
68903.000000 -1.884956 5.000000 2.131505 2.161747 3.418686
68905.000000 -1.884956 5.000000 2.121305 2.153546 3.419978
68906.000000 -1.256637 5.000000 1.936674 1.995924 3.420625
68908.000000 -1.256637 5.000000 1.889218 1.949651 3.421920
68909.000000 -1.256637 5.000000 1.912441 1.970185 3.422568
68910.000000 -1.256637 5.000000 1.910246 1.968539 3.423216
68911.000000 -1.256637 5.000000 1.988500 2.046352 3.423865
68912.000000 -1.256637 5.000000 1.959664 2.015612 3.424515
68914.000000 -0.628319 5.000000 1.878234 1.945680 3.425815
68915.000000 -0.628319 5.000000 1.870596 1.940330 3.426466
68916.000000 -0.628319 5.000000 1.845153 1.918653 3.427117
68918.000000 -0.628319 5.000000 1.902557 1.980321 3.428420
68919.000000 -0.628319 5.000000 1.890496 1.972513 3.429073
68920.000000 -0.628319 5.000000 1.881628 1.968276 3.429725
68921.000000 3.141593 5.000000 2.272414 2.299617 3.430379
68922.000000 3.141593 5.000000 2.278941 2.308603 3.431033
68923.000000 3.141593 5.000000 2.284145 2.315871 3.431687
68925.000000 3.141593 5.000000 2.282353 2.312214 3.432996
68926.000000 3.141593 5.000000 2.242697 2.259630 3.433652
68927.000000 3.141593 5.000000 2.242294 2.258905 3.434307
68928.000000 3.141593 5.000000 2.240970 2.257143 3.434964
68929.000000 3.141593 5.000000 2.238336 2.253772 3.435620
68930.000000 3.141593 5.000000 2.237217 2.252321 3.436277
68931.000000 3.141593 5.000000 2.237726 2.252757 3.436935
68932.000000 -2.513274 5.000000 2.233539 2.247953 3.437593
68936.000000 -1.256637 5.000000 1.908582 1.974781 3.440229
68939.000000 -1.256637 5.000000 1.904693 1.972273 3.442210
68940.000000 -1.256637 5.000000 1.896947 1.966481 3.442872
68941.000000 -1.256637 5.000000 1.887846 1.959502 3.443534
68942.000000 -1.256637 5.000000 2.084208 2.126060 3.444196
68943.000000 -1.256637 5.000000 2.080392 2.123645 3.444859
68944.000000 -1.256637 5.000000 2.171997 2.193456 3.445522
68945.000000 -1.256637 5.000000 2.158886 2.187046 3.446185
68946.000000 -1.256637 5.000000 2.148118 2.180589 3.446849
68947.000000 -0.628319 5.000000 1.844395 1.919848 3.447514
68949.000000 -0.628319 5.000000 1.810240 1.883986 3.448844
68950.000000 -0.628319 5.000000 1.812539 1.886598 3.449509
68951.000000 -0.628319 5.000000 1.817395 1.895337 3.450176
68952.000000 -0.628319 5.000000 1.808419 1.889987 3.450842
68953.000000 -0.628319 5.000000 1.790242 1.873647 3.451509
68954.000000 -0.628319 5.000000 1.765472 1.852654 3.452176
68955.000000 -0.628319 5.000000 1.752724 1.842152 3.452844
68956.000000 -0.628319 5.000000 1.742206 1.834739 3.453513
68957.000000 -0.628319 5.000000 1.719712 1.810053 3.454181
68959.000000 -0.628319 5.000000 1.706162 1.795706 3.455520
68960.000000 -0.628319 5.000000 1.699766 1.788389 3.456190
68961.000000 -0.628319 5.000000 1.692394 1.778689 3.456860
68962.000000 -0.628319 5.000000 1.687490 1.771826 3.457531
68963.000000 -0.628319 5.000000 1.682766 1.762713 3.458202
68964.000000 -0.628319 5.000000 1.677977 1.753787 3.458874
68965.000000 0.000000 5.000000 1.675306 1.748434 3.459546
68968.000000 0.000000 5.000000 1.665092 1.736224 3.461565
68969.000000 0.000000 5.000000 1.667226 1.739219 3.462239
68970.000000 0.000000 5.000000 1.668420 1.741636 3.462914
68972.000000 0.000000 5.000000 1.661355 1.737291 3.464263
68973.000000 0.000000 5.000000 1.658540 1.731623 3.464939
68974.000000 0.000000 5.000000 1.657339 1.730946 3.465615
68975.000000 0.000000 5.000000 1.657065 1.729677 3.466291
68976.000000 0.000000 5.000000 1.658016 1.728868 3.466968
68977.000000 0.000000 5.000000 1.658631 1.725019 3.467646
68978.000000 0.000000 5.000000 1.660652 1.726809 3.468323
68979.000000 0.628319 5.000000 1.661899 1.728496 3.469002
68981.000000 0.628319 5.000000 1.658102 1.729240 3.470359
68982.000000 0.628319 5.000000 1.659429 1.732444 3.471039
68983.000000 0.000000 5.000000 1.662948 1.729607 3.471719
68984.000000 0.000000 5.000000 1.661412 1.729066 3.472399
68985.000000 0.000000 5.000000 1.661502 1.730508 3.473080
68986.000000 0.000000 5.000000 1.659767 1.731822 3.473761
68987.000000 0.000000 5.000000 1.659531 1.734208 3.474443
68988.000000 0.000000 5.000000 1.658797 1.732792 3.475125
68989.000000 0.000000 5.000000 1.661239 1.738673 3.475807
68990.000000 0.000000 5.000000 1.661868 1.738164 3.476490
68991.000000 0.000000 5.000000 1.663465 1.737431 3.477173
68992.000000 0.000000 5.000000 1.666644 1.741268 3.477857
68993.000000 0.000000 5.000000 1.670528 1.744317 3.478541
68995.000000 0.000000 5.000000 1.681581 1.756074 3.479911
68996.000000 -0.628319 5.000000 1.682333 1.758896 3.480597
69000.000000 -0.628319 5.000000 1.682416 1.765494 3.483343
69001.000000 -0.628319 5.000000 1.678800 1.761257 3.484031
69002.000000 -0.628319 5.000000 1.672370 1.750951 3.484719
69003.000000 -0.628319 5.000000 1.668446 1.743746 3.485407
69004.000000 -0.628319 5.000000 1.664216 1.734810 3.486096
69005.000000 -0.628319 5.000000 1.661685 1.726819 3.486786
69006.000000 -0.628319 5.000000 1.659341 1.718021 3.487476
69008.000000 -0.628319 5.000000 1.658757 1.703346 3.488857
69009.000000 -0.628319 5.000000 1.659170 1.697075 3.489548
69010.000000 0.000000 5.000000 1.659521 1.689766 3.490239
69013.000000 0.000000 5.000000 1.659230 1.682085 3.492317
69014.000000 0.628319 5.000000 1.674130 1.763652 3.493010
69016.000000 -1.256637 5.000000 5.960749 5.960749 6.518952
69018.000000 1.884956 5.000000 1.715800 1.799424 3.495788
69019.000000 1.884956 5.000000 1.715373 1.793611 3.496483
69020.000000 1.884956 5.000000 1.692961 1.800952 3.497179
69022.000000 1.884956 5.000000 1.727873 1.772919 3.498572
69023.000000 1.884956 5.000000 1.750703 1.768064 3.499269
69024.000000 -2.513274 5.000000 3.252597 3.377335 3.499968
69027.000000 -2.513274 5.000000 3.241833 3.370538 3.502064
69028.000000 -2.513274 5.000000 2.678237 2.937401 3.502762
69029.000000 3.141593 5.000000 2.329794 2.377703 3.503462
69033.000000 3.141593 5.000000 2.329174 2.378358 3.506265
69034.000000 3.141593 5.000000 2.332103 2.382820 3.506967
69035.000000 3.141593 5.000000 2.329123 2.377347 3.507670
69036.000000 3.141593 5.000000 2.319993 2.363321 3.508373
69037.000000 3.141593 5.000000 2.315176 2.356146 3.509076
69038.000000 3.141593 5.000000 2.310721 2.349191 3.509780
69039.000000 3.141593 5.000000 2.310955 2.348686 3.510484
69040.000000 3.141593 5.000000 2.310631 2.347938 3.511188
69041.000000 3.141593 5.000000 2.310115 2.346347 3.511893
69042.000000 3.141593 5.000000 2.310706 2.346449 3.512599
69043.000000 3.141593 5.000000 2.311256 2.346253 3.513305
69045.000000 3.141593 5.000000 2.308026 2.340815 3.514718
69046.000000 3.141593 5.000000 2.308956 2.341584 3.515425
69047.000000 3.141593 5.000000 2.308636 2.340537 3.516132
69048.000000 3.141593 5.000000 2.305547 2.335791 3.516840
69049.000000 3.141593 5.000000 2.330297 2.365345 3.517549
69050.000000 3.141593 5.000000 2.329624 2.363845 3.518258
69051.000000 3.141593 5.000000 2.332385 2.367009 3.518967
69052.000000 3.141593 5.000000 2.331543 2.365337 3.519677
69054.000000 3.141593 5.000000 2.333639 2.367104 3.521098
69055.000000 3.141593 5.000000 2.335464 2.368876 3.521809
69056.000000 3.141593 5.000000 2.334134 2.366693 3.522520
69057.000000 3.141593 5.000000 2.332460 2.364021 3.523232
69058.000000 3.141593 5.000000 2.333844 2.365346 3.523945
69059.000000 3.141593 5.000000 2.328763 2.358651 3.524657
69060.000000 3.141593 5.000000 2.327195 2.356358 3.525371
69061.000000 3.141593 5.000000 2.329980 2.359372 3.526084
69062.000000 3.141593 5.000000 2.329532 2.358467 3.526798
69063.000000 3.141593 5.000000 2.327793 2.355893 3.527513
69064.000000 3.141593 5.000000 2.327923 2.355525 3.528228
69065.000000 3.141593 5.000000 2.326912 2.353912 3.528943
69067.000000 3.141593 5.000000 2.322223 2.347331 3.530376
