68473.000
 [[-12899006.8826  -8595068.1819  21531106.6131]
 [ 12303773.9026 -23291713.6324   1982960.7392]
 [ 12729960.7175  -8502354.3968  21700545.5043]
 [ -4839406.2594 -19622568.1255  17281816.4402]
 [  4989634.5533 -16996367.961   19496045.0117]]
68474.000
 [[-12896678.2895  -8600041.1585  21530514.4848]
 [ 12304009.8143 -23291027.2124   1989390.0817]
 [ 12733186.6193  -8497879.8083  21700431.646 ]
 [ -4837217.427  -19626327.4908  17278016.8911]
 [  4992363.6615 -16992135.7861  19499094.8141]]
68476.000
 [[-12895514.227   -8602527.6948  21530217.7312]
 [ 12304127.5443 -23290683.4584   1992604.6884]
 [ 12734799.7549  -8495642.6634  21700374.0241]
 [ -4836123.3067 -19628206.9453  17276116.5671]
 [  4993728.555  -16990019.5769  19500619.0774]]
68477.000
 [[-12893186.5699  -8607500.863   21529622.8455]
 [ 12304362.5528 -23289994.8625   1999033.7724]
 [ 12738026.3949  -8491168.6729  21700257.3949]
 [ -4833935.6582 -19631965.398   17272314.8204]
 [  4996459.021  -16985786.9156  19503666.3281]]
68479.000
 [[-12892022.9754  -8609987.4948  21529324.7132]
 [ 12304479.8314 -23289650.0205   2002248.2497]
 [ 12739639.8993  -8488931.8273  21700198.3876]
 [ -4832842.1299 -19633844.396   17270413.3977]
 [  4997824.5935 -16983670.4636  19505189.3155]]
68480.000
 [[-12890859.537   -8612474.1584  21529026.1214]
 [ 12304596.9597 -23289304.8158   2005462.6836]
 [ 12741253.5267  -8486695.0815  21700138.9185]
 [ -4831748.7988 -19635723.2418  17268511.6089]
 [  4999190.3922 -16981553.9307  19506711.8775]]
68481.000
 [[-12889696.2546  -8614960.8537  21528727.07  ]
 [ 12304713.9378 -23288959.2483   2008677.0742]
 [ 12742867.2769  -8484458.4356  21700078.9875]
 [ -4830655.6651 -19637601.9352  17266609.454 ]
 [  5000556.4172 -16979437.317   19508234.014 ]]
68482.000
 [[-12888533.1284  -8617447.5805  21528427.5591]
 [ 12304830.7656 -23288613.3181   2011891.4213]
 [ 12744481.1499  -8482221.8896  21700018.5948]
 [ -4829562.7286 -19639480.4762  17264706.933 ]
 [  5001922.6685 -16977320.6226  19509755.7252]]
68483.000
 [[-12887370.1584  -8619934.3388  21528127.5887]
 [ 12304947.4431 -23288267.0251   2015105.7248]
 [ 12746095.1457  -8479985.4437  21699957.7402]
 [ -4828469.9894 -19641358.8647  17262804.0461]
 [  5003289.146  -16975203.8477  19511277.0108]]
68484.000
 [[-12886207.3445  -8622421.1286  21527827.1587]
 [ 12305063.9706 -23287920.3694   2018319.9848]
 [ 12747709.2642  -8477749.0979  21699896.4239]
 [ -4827377.4474 -19643237.1006  17260900.7931]
 [  5004655.8497 -16973086.9921  19512797.8709]]
68485.000
 [[-12878072.0221  -8639829.5332  21525711.2824]
 [ 12305875.463  -23285483.6198   2040818.5782]
 [ 12759011.5271  -8462097.483   21699454.279 ]
 [ -4819735.1769 -19656380.476   17247567.778 ]
 [  5014229.1093 -16958266.7537  19523431.9749]]
68492.000
 [[-12868783.8926  -8659726.7093  21523265.5692]
 [ 12306793.8998 -23282676.9881   2066528.6062]
 [ 12771935.7431  -8444215.9537  21698921.2633]
 [ -4811012.9868 -19671392.2935  17232308.1066]
 [  5025183.5461 -16941324.5396  19535559.6898]]
68500.000
 [[-12866463.4251  -8664701.3094  21522649.5464]
 [ 12307022.0148 -23281971.7      2072955.6677]
 [ 12775168.0189  -8439746.5795  21698783.3916]
 [ -4808834.4112 -19675143.714   17228489.5342]
 [  5027924.4162 -16937088.1901  19538587.359 ]]
68502.000
 [[-12865303.4262  -8667188.6549  21522340.8459]
 [ 12307135.8484 -23281618.5114   2076169.1312]
 [ 12776784.3398  -8437512.0439  21698713.7631]
 [ -4807745.4191 -19677019.1938  17226579.7001]
 [  5029295.1904 -16934969.8963  19540100.5545]]
68503.000
 [[-12864143.5839  -8669676.0308  21522031.686 ]
 [ 12307249.5329 -23281264.9596   2079382.5498]
 [ 12778400.7827  -8435277.6093  21698643.6728]
 [ -4806656.6242 -19678894.52    17224669.5007]
 [  5030666.1905 -16932851.5233  19541613.3239]]
68504.000
 [[-12862983.8983  -8672163.4369  21521722.0667]
 [ 12307363.0682 -23280911.0448   2082595.9234]
 [ 12780017.3476  -8433043.2759  21698573.1207]
 [ -4805568.0264 -19680769.6924  17222758.9361]
 [  5032037.4167 -16930733.0711  19543125.6671]]
68505.000
 [[-12861824.3693  -8674650.8731  21521411.988 ]
 [ 12307476.4545 -23280556.7668   2085809.252 ]
 [ 12781634.0344  -8430809.0436  21698502.1069]
 [ -4804479.6257 -19682644.711   17220848.0063]
 [  5033408.8689 -16928614.5397  19544637.5841]]
68506.000
 [[-12860664.9969  -8677138.3395  21521101.4498]
 [ 12307589.6917 -23280202.1256   2089022.5355]
 [ 12783250.843   -8428574.9126  21698430.6314]
 [ -4803391.4222 -19684519.5757  17218936.7113]
 [  5034780.5471 -16926495.9294  19546149.075 ]]
68507.000
 [[-12859505.7813  -8679625.8358  21520790.4523]
 [ 12307702.78   -23279847.1213   2092235.7737]
 [ 12784867.7734  -8426340.8829  21698358.694 ]
 [ -4802303.4159 -19686394.2865  17217025.0513]
 [  5036152.4513 -16924377.2401  19547660.1395]]
68508.000
 [[-12852553.7796  -8694551.4408  21518914.8206]
 [ 12308378.184  -23277709.4684   2111514.2504]
 [ 12794571.9117  -8412938.8351  21697917.3733]
 [ -4795779.5176 -19697639.3149  17205547.4262]
 [  5044388.6214 -16911663.4496  19556717.574 ]]
68514.000
 [[-12843293.2293  -8714453.9017  21516388.2557]
 [ 12309270.4021 -23274838.9208   2137216.3251]
 [ 12807517.5667  -8395075.1339  21697303.0879]
 [ -4787092.0241 -19712624.0393  17190223.4974]
 [  5055382.8319 -16894707.3365  19568770.2697]]
68522.000
 [[-12834042.7293  -8734358.2249  21513832.2964]
 [ 12310153.1355 -23271945.1151   2162915.4418]
 [ 12820470.9795  -8377217.9663  21696659.2521]
 [ -4778417.1413 -19727598.8539  17174876.2388]
 [  5066391.4958 -16877746.2346  19580795.6556]]
68530.000
 [[-12827111.457   -8749287.6697  21511896.039 ]
 [ 12310808.9767 -23269759.493    2182187.8163]
 [ 12830191.1176  -8363829.395   21696156.9834]
 [ -4771919.2535 -19738823.4426  17163350.4968]
 [  5074657.475  -16865022.1557  19589796.763 ]]
68536.000
 [[-12820185.8496  -8764218.1302  21509943.2508]
 [ 12311459.5083 -23267560.7804   2201458.4917]
 [ 12839915.5989  -8350444.5261  21695638.0936]
 [ -4765428.4565 -19750042.4264  17151811.6516]
 [  5082931.5784 -16852295.3057  19598782.4925]]
68542.000
 [[-12813265.9119  -8779149.5927  21507973.9332]
 [ 12312104.7414 -23265348.9737   2220727.4528]
 [ 12849644.4146  -8337063.3712  21695102.5834]
 [ -4758944.7489 -19761255.7919  17140259.7115]
 [  5091213.8035 -16839565.6992  19607752.8372]]
68548.000
 [[-12806351.649   -8794082.0434  21505988.0878]
 [ 12312744.6869 -23263124.0698   2239994.6844]
 [ 12859377.5558  -8323685.9418  21694550.4532]
 [ -4752468.1296 -19772463.5261  17128694.6851]
 [  5099504.1478 -16826833.3514  19616707.7904]]
68554.000
 [[-12799443.0658  -8809015.4684  21503985.7162]
 [ 12313379.3557 -23260886.0652   2259260.1713]
 [ 12869115.0136  -8310312.2499  21693981.7036]
 [ -4745998.5974 -19783665.6157  17117116.5809]
 [  5107802.6086 -16814098.2773  19625647.345 ]]
68560.000
 [[-12797141.4677  -8813993.4911  21503314.5867]
 [ 12313589.7413 -23260137.1518   2265681.6102]
 [ 12872361.7907  -8305855.1849  21693788.4273]
 [ -4743843.6613 -19787398.3891  17113254.308 ]
 [  5110570.5655 -16809852.6492  19628623.7736]]
