65876.000
 [[-12740788.9874 -23103803.8586   3271085.7444]
 [  9053293.7564 -14479287.6775  20303313.204 ]
 [ -8340555.7311 -14408269.6852  20883182.9711]
 [ 20531287.2502  -7864871.2849  15235815.0468]
 [  2214315.2743 -22019459.626   14212452.0784]]
65885.000
 [[-12740050.3523 -23108217.6801   3242851.8465]
 [  9064008.0234 -14458614.0324  20313377.2893]
 [ -8326249.3297 -14426869.4401  20875574.0761]
 [ 20548103.6649  -7861045.2921  15215420.8605]
 [  2221352.7138 -22004344.4857  14234888.2075]]
65894.000
 [[-12739301.0881 -23112602.7244   3214612.3752]
 [  9074737.6641 -14437935.693   20323406.251 ]
 [ -8311956.8187 -14445469.7297  20867929.7976]
 [ 20564899.2841  -7857231.4846  15195001.0045]
 [  2228407.0214 -21989209.0249  14257299.0718]]
65895.000
 [[-12739217.1788 -23113088.1755   3211474.3143]
 [  9075930.795  -14435637.8121  20324518.4112]
 [ -8310369.6201 -14447536.4597  20867078.2496]
 [ 20566764.1788  -7856808.4794  15192730.5486]
 [  2229191.8754 -21987526.0545  14259787.6066]]
