67919.000
 [[-13567337.0767  -7224254.416   21624203.2422]
 [ 11856443.1134  -9755587.0634  21660946.8289]
 [ 12213806.5906 -23426531.1034    197400.9599]
 [ -5476206.8166 -18559557.8322  18276812.0812]
 [  4268770.922  -18154217.3619  18586715.2544]]
67920.000
 [[-13566090.2105  -7226713.6387  21624162.7086]
 [ 11857981.9502  -9753303.0433  21661145.9717]
 [ 12214015.7074 -23426386.0255    200628.7412]
 [ -5475002.5059 -18561512.3778  18275121.0981]
 [  4270008.7674 -18152156.8636  18588470.7226]]
67922.000
 [[-13563596.902   -7231632.2822  21624080.2567]
 [ 11861060.0548  -9748735.2091  21661542.8732]
 [ 12214433.4074 -23426094.8155    207084.2908]
 [ -5472594.4798 -18565421.115   18271737.973 ]
 [  4272485.1483 -18148035.5094  18591980.4412]]
67923.000
 [[-13562350.4597  -7234091.7029  21624038.3384]
 [ 11862599.3225  -9746451.395   21661740.6321]
 [ 12214641.9907 -23425948.6834    210312.059 ]
 [ -5471390.7644 -18567375.3066  18270045.831 ]
 [  4273723.6837 -18145974.6535  18593734.6916]]
67924.000
 [[-13561104.1588  -7236551.1894  21623995.9586]
 [ 11864138.7339  -9744167.6498  21661937.9296]
 [ 12214850.3962 -23425802.2       213539.8226]
 [ -5470187.2474 -18569329.38    18268353.3029]
 [  4274962.4492 -18143913.6786  18595488.5358]]
67925.000
 [[-13559857.9994  -7239010.7417  21623953.1172]
 [ 11865678.2887  -9741883.9734  21662134.7659]
 [ 12215058.6241 -23425655.3651    216767.5816]
 [ -5468983.929  -18571283.3352  18266660.3886]
 [  4276201.4446 -18141852.5847  18597241.974 ]]
