69176.000000 3.141593 5.000000 2.282620 2.291349 3.611048
69180.000000 3.141593 5.000000 2.284150 2.293146 3.614107
69181.000000 3.141593 5.000000 2.284139 2.293137 3.614872
69182.000000 3.141593 5.000000 2.284559 2.293607 3.615638
69184.000000 3.141593 5.000000 2.285061 2.294193 3.617172
69185.000000 3.141593 5.000000 2.284828 2.293945 3.617939
69186.000000 3.141593 5.000000 2.284158 2.293217 3.618707
69187.000000 3.141593 5.000000 2.283109 2.292098 3.619475
69188.000000 3.141593 5.000000 2.284414 2.293541 3.620244
69189.000000 3.141593 5.000000 2.284956 2.294114 3.621013
69191.000000 3.141593 5.000000 2.283847 2.292939 3.622552
69192.000000 3.141593 5.000000 2.284834 2.294044 3.623323
69193.000000 3.141593 5.000000 2.284707 2.293893 3.624093
69194.000000 3.141593 5.000000 2.282955 2.291978 3.624865
69195.000000 3.141593 5.000000 2.281877 2.290826 3.625636
69197.000000 -2.513274 5.000000 2.279972 2.288777 3.627181
69201.000000 -1.884956 5.000000 2.382460 2.411442 3.630275
69202.000000 -1.884956 5.000000 2.254610 2.264436 3.631049
69203.000000 0.628319 5.000000 2.162634 2.167852 3.631824
69205.000000 1.256637 5.000000 2.186578 2.188516 3.633376
69207.000000 1.884956 5.000000 2.187152 2.189022 3.634929
69209.000000 -2.513274 5.000000 2.289182 2.307849 3.636484
69211.000000 -2.513274 5.000000 2.286023 2.304289 3.638041
69213.000000 -2.513274 5.000000 2.242589 2.251801 3.639599
69214.000000 -2.513274 5.000000 2.267616 2.281612 3.640379
69215.000000 -2.513274 5.000000 2.270702 2.285178 3.641159
69216.000000 -2.513274 5.000000 2.263683 2.276650 3.641940
69217.000000 2.513274 5.000000 6701586.988427 6839392.421746 69554135.589547
69221.000000 -2.513274 5.000000 2.284163 2.301122 3.645849
69224.000000 -2.513274 5.000000 2.535954 2.661559 3.648200
69225.000000 -2.513274 5.000000 2.617723 2.859654 3.648985
69226.000000 -2.513274 5.000000 2.427032 2.613669 3.649770
69227.000000 -2.513274 5.000000 2.393166 2.535512 3.650555
69228.000000 -2.513274 5.000000 2.387616 2.524642 3.651341
69229.000000 -2.513274 5.000000 2.376371 2.503932 3.652127
69230.000000 -2.513274 5.000000 2.377555 2.504654 3.652914
69232.000000 -2.513274 5.000000 2.390133 2.521924 3.654488
69233.000000 -2.513274 5.000000 2.360249 2.467864 3.655276
69234.000000 -2.513274 5.000000 2.355480 2.456882 3.656065
69235.000000 -1.884956 5.000000 2.343324 2.433205 3.656853
69237.000000 -1.884956 5.000000 2.333469 2.416125 3.658432
69238.000000 -1.884956 5.000000 2.306127 2.372140 3.659222
69239.000000 -1.884956 5.000000 2.305723 2.371128 3.660013
69240.000000 -1.884956 5.000000 2.302885 2.366021 3.660804
69241.000000 -1.884956 5.000000 2.267961 2.310191 3.661595
69242.000000 -1.884956 5.000000 2.262228 2.301101 3.662387
69243.000000 -1.884956 5.000000 2.257842 2.293603 3.663179
69244.000000 -1.884956 5.000000 2.260051 2.296524 3.663971
69245.000000 0.628319 5.000000 1.779020 1.896044 3.664764
69247.000000 1.256637 5.000000 1.791914 1.908788 3.666352
69249.000000 1.256637 5.000000 1.793628 1.911696 3.667941
69250.000000 1.256637 5.000000 1.789793 1.909061 3.668736
69251.000000 1.256637 5.000000 1.787991 1.905366 3.669531
69253.000000 0.628319 5.000000 1.764786 1.896870 3.671124
69254.000000 0.628319 5.000000 1.748341 1.885290 3.671921
69256.000000 0.000000 5.000000 1.938723 2.042181 3.673516
69256.000000 0.000000 5.000000 1.938723 2.042181 3.673516
69257.000000 0.000000 5.000000 1.935863 2.038622 3.674314
69259.000000 0.000000 5.000000 1.938356 2.037761 3.675911
69260.000000 0.000000 5.000000 1.948674 2.043536 3.676711
69261.000000 0.000000 5.000000 1.937480 2.035443 3.677511
69262.000000 0.000000 5.000000 1.944911 2.036980 3.678311
69263.000000 -1.256637 5.000000 1.940507 2.010161 3.679112
69267.000000 -1.884956 5.000000 1.736803 1.784678 3.682318
69268.000000 3.141593 5.000000 2.354294 2.415548 3.683121
69272.000000 3.141593 5.000000 2.388635 2.453713 3.686337
69273.000000 -2.513274 5.000000 2.312171 2.368568 3.687142
69277.000000 0.000000 5.000000 1.767712 1.945222 3.690365
69278.000000 0.000000 5.000000 1.774175 1.950382 3.691172
69279.000000 0.000000 5.000000 1.749747 1.940929 3.691980
69280.000000 0.000000 5.000000 1.756374 1.946393 3.692787
69281.000000 -1.256637 5.000000 6.282772 6.282772 6.974811
69285.000000 -1.256637 5.000000 6.287790 6.287790 6.982113
69286.000000 -1.256637 5.000000 6.289045 6.289045 6.983941
69287.000000 -1.256637 5.000000 6.290300 6.290300 6.985769
69288.000000 -1.256637 5.000000 6.291556 6.291556 6.987598
69289.000000 -1.256637 5.000000 6.292811 6.292812 6.989427
69290.000000 -1.256637 5.000000 6.294067 6.294067 6.991258
69291.000000 -1.256637 5.000000 6.295323 6.295324 6.993089
69292.000000 -1.256637 5.000000 6.296580 6.296580 6.994921
69293.000000 -1.256637 5.000000 6.297836 6.297836 6.996753
69294.000000 -1.256637 5.000000 6.299093 6.299093 6.998587
69296.000000 -1.256637 5.000000 6.301607 6.301607 7.002256
69297.000000 0.628319 5.000000 2.045376 2.081298 3.706585
69299.000000 0.628319 5.000000 2.058988 2.090867 3.708216
69300.000000 0.628319 5.000000 2.055854 2.085245 3.709032
69301.000000 0.628319 5.000000 2.110655 2.127251 3.709849
69302.000000 0.628319 5.000000 2.058196 2.085611 3.710666
69304.000000 0.628319 5.000000 2.058459 2.085859 3.712301
69305.000000 -2.513274 5.000000 2.191065 2.194872 3.713120
69306.000000 -2.513274 5.000000 2.187813 2.190825 3.713938
69307.000000 -2.513274 5.000000 2.291330 2.321006 3.714758
69308.000000 -2.513274 5.000000 2.292744 2.322726 3.715577
69309.000000 2.513274 5.000000 6708486.680119 6993871.112974 25288539.960098
69313.000000 -2.513274 5.000000 2.315677 2.352268 3.719681
69316.000000 -2.513274 5.000000 2.318121 2.355508 3.722149
69317.000000 -2.513274 5.000000 2.315807 2.352347 3.722972
69318.000000 -2.513274 5.000000 2.241139 2.258470 3.723796
69319.000000 -2.513274 5.000000 2.238193 2.254721 3.724620
69320.000000 -2.513274 5.000000 2.238078 2.254473 3.725444
69321.000000 0.628319 5.000000 1.987268 2.056770 3.726269
69323.000000 0.628319 5.000000 1.997054 2.060310 3.727920
69324.000000 0.628319 5.000000 1.983540 2.051919 3.728747
69325.000000 0.628319 5.000000 1.989456 2.057593 3.729573
69326.000000 0.628319 5.000000 1.985633 2.055833 3.730400
69327.000000 0.628319 5.000000 1.990428 2.060624 3.731228
69328.000000 0.628319 5.000000 6927359.138261 7079880.395588 41560373.242848
69329.000000 0.628319 5.000000 1.684252 1.940124 3.732884
69330.000000 0.628319 5.000000 1.690172 1.939071 3.733712
69331.000000 0.628319 5.000000 1.714147 1.934105 3.734541
69333.000000 0.000000 5.000000 1.745390 1.943381 3.736201
69334.000000 -1.884956 5.000000 6930549.165102 7083287.584786 28400502.895068
69336.000000 2.513274 5.000000 6788293.073246 7084436.542979 22076402.277703
69339.000000 3.141593 5.000000 6789800.273631 6789802.791017 18812675.696099
69341.000000 1.256637 5.000000 6790802.282449 6934294.968159 23181879.951476
69344.000000 2.513274 5.000000 7088978.629795 7252687.416691 34148719.884729
69347.000000 1.884956 5.000000 6937459.146231 7090665.172523 24767012.479170
69348.000000 3.141593 5.000000 7091222.526124 7091224.875089 25065311.474731
69351.000000 0.628319 5.000000 1.638375 1.724950 3.751209
69355.000000 0.628319 5.000000 1.637010 1.736610 3.754563
69356.000000 0.628319 5.000000 1.715866 1.863316 3.755402
69357.000000 0.628319 5.000000 2.049520 2.100092 3.756242
69358.000000 0.628319 5.000000 2.057588 2.106754 3.757082
69359.000000 0.628319 5.000000 2.050004 2.101625 3.757922
69361.000000 0.628319 5.000000 2.056754 2.104037 3.759605
69362.000000 0.628319 5.000000 2.066394 2.108187 3.760447
69363.000000 0.628319 5.000000 2.088927 2.120652 3.761289
69364.000000 0.000000 5.000000 2.133488 2.147402 3.762131
69365.000000 0.000000 5.000000 2.130638 2.146250 3.762974
69366.000000 0.000000 5.000000 2.131072 2.146562 3.763818
69367.000000 0.000000 5.000000 2.144721 2.154843 3.764661
69368.000000 0.000000 5.000000 2.155759 2.162051 3.765506
69369.000000 -1.256637 5.000000 6.393909 6.393909 7.138179
69373.000000 0.000000 5.000000 1.889071 2.001085 3.769733
69375.000000 -1.256637 5.000000 6.401535 6.401536 7.149520
69378.000000 -1.256637 5.000000 6.405351 6.405351 7.155200
69379.000000 -1.256637 5.000000 6.406623 6.406623 7.157095
69380.000000 -1.256637 5.000000 6.407895 6.407895 7.158990
69382.000000 -1.256637 5.000000 6.410439 6.410440 7.162783
69383.000000 -1.256637 5.000000 6.411712 6.411712 7.164681
69384.000000 -1.256637 5.000000 6.412984 6.412985 7.166579
69385.000000 -1.256637 5.000000 6.414257 6.414257 7.168478
69386.000000 -1.256637 5.000000 6.415530 6.415530 7.170378
69387.000000 -1.256637 5.000000 6.416803 6.416803 7.172278
69388.000000 -1.256637 5.000000 6.418076 6.418077 7.174180
69389.000000 -1.256637 5.000000 6.419350 6.419350 7.176082
69390.000000 1.256637 5.000000 1.728300 1.926285 3.784180
69392.000000 1.256637 5.000000 1.644840 1.741232 3.785887
69393.000000 1.256637 5.000000 1.643906 1.742675 3.786741
69394.000000 1.256637 5.000000 1.642593 1.736293 3.787596
69396.000000 1.256637 5.000000 1.643620 1.725509 3.789306
69397.000000 1.256637 5.000000 1.646914 1.727783 3.790162
69398.000000 1.256637 5.000000 1.658960 1.673899 3.791018
69399.000000 1.256637 5.000000 1.657072 1.676831 3.791875
69400.000000 0.628319 5.000000 1.661570 1.674630 3.792732
69402.000000 0.628319 5.000000 1.654820 1.676575 3.794447
69403.000000 0.628319 5.000000 1.652744 1.677535 3.795305
69404.000000 0.628319 5.000000 1.652153 1.679339 3.796164
69405.000000 0.628319 5.000000 1.656505 1.679774 3.797023
69407.000000 0.628319 5.000000 1.646780 1.757034 3.798742
69408.000000 0.000000 5.000000 1.651124 1.745659 3.799602
69409.000000 1.884956 5.000000 7122918.833346 7659441.291825 32641487.985006
69412.000000 -1.884956 5.000000 6969015.886665 7124369.666552 19643625.448184
69414.000000 2.513274 5.000000 7125326.298769 7291625.275497 24838264.312378
69416.000000 3.141593 5.000000 6825291.816165 6971032.414288 17369416.894898
69418.000000 1.256637 5.000000 6971922.430671 7293924.441971 26212017.496146
69422.000000 1.884956 5.000000 7129359.776329 7474784.788263 27848625.265027
69424.000000 1.256637 5.000000 6974564.402973 7296950.258170 21851299.872157
69425.000000 1.256637 5.000000 7130763.924147 7476401.137170 29304735.829699
69427.000000 -2.513274 5.000000 2.239713 2.279105 3.816020
69428.000000 -2.513274 5.000000 2.232939 2.267912 3.816888
69429.000000 -2.513274 5.000000 2.384655 2.566597 3.817757
69431.000000 -2.513274 5.000000 2.360574 2.531762 3.819495
69432.000000 0.000000 5.000000 1.672048 1.739230 3.820364
69433.000000 0.000000 5.000000 1.758367 1.867019 3.821234
69434.000000 0.000000 5.000000 1.756326 1.863617 3.822104
69435.000000 0.628319 5.000000 1.755620 1.861045 3.822975
69437.000000 0.628319 5.000000 1.740308 1.853639 3.824717
69438.000000 -2.513274 5.000000 2.288117 2.358253 3.825589
69439.000000 -2.513274 5.000000 2.290745 2.361733 3.826462
69440.000000 -2.513274 5.000000 2.290031 2.360093 3.827334
69441.000000 -2.513274 5.000000 2.287858 2.357770 3.828207
69442.000000 -2.513274 5.000000 2.293719 2.368310 3.829081
69444.000000 -2.513274 5.000000 2.282247 2.350932 3.830829
69445.000000 -1.884956 5.000000 2.328957 2.416885 3.831703
69446.000000 -1.256637 5.000000 2.339397 2.446686 3.832578
69448.000000 -1.884956 5.000000 2.203125 2.247147 3.834329
69450.000000 3.141593 5.000000 1.711687 2.019819 3.836082
69453.000000 -1.884956 5.000000 1.987404 2.275263 3.838713
69457.000000 -1.884956 5.000000 1.993995 2.289667 3.842228
69458.000000 3.141593 5.000000 2.778491 3.301667 3.843107
69461.000000 3.141593 5.000000 2.842594 3.449980 3.845748
69462.000000 0.628319 5.000000 6940599.951967 7094023.187100 16264530.195701
69466.000000 0.000000 5.000000 1.947073 2.036585 3.850157
69467.000000 1.884956 5.000000 7149404.307102 7317446.643334 20488562.041158
69470.000000 2.513274 5.000000 7249810.400109 7425205.605008 24108174.757115
69472.000000 1.884956 5.000000 7205704.940768 7205718.137960 19036063.372973
69474.000000 1.884956 5.000000 7162359.150152 7331338.970969 18536619.075778
69475.000000 -2.513274 5.000000 2.546695 2.791510 3.858116
69478.000000 -2.513274 5.000000 2.508395 2.711725 3.860776
69479.000000 -2.513274 5.000000 2.326307 2.417038 3.861664
69480.000000 -2.513274 5.000000 2.321138 2.409377 3.862551
69481.000000 -2.513274 5.000000 2.323178 2.412986 3.863440
69482.000000 -2.513274 5.000000 2.327918 2.421130 3.864328
69483.000000 -2.513274 5.000000 2.342037 2.443235 3.865217
69484.000000 -2.513274 5.000000 2.346381 2.449544 3.866106
69486.000000 -2.513274 5.000000 2.359845 2.469900 3.867886
69487.000000 -1.884956 5.000000 2.352183 2.456375 3.868776
69488.000000 -1.884956 5.000000 2.348560 2.449682 3.869667
69490.000000 -1.884956 5.000000 2.347525 2.450113 3.871449
69491.000000 -2.513274 5.000000 1.646544 1.912100 3.872341
69493.000000 -2.513274 5.000000 1.635510 1.923016 3.874126
69494.000000 -2.513274 5.000000 1.636552 1.925747 3.875018
69495.000000 1.884956 5.000000 7555170.793632 7555185.485775 23442041.269071
69497.000000 2.513274 5.000000 7161204.510440 7330088.896905 20011796.449470
69499.000000 1.256637 5.000000 6856414.572110 7161969.646724 15459685.095309
69501.000000 3.141593 5.000000 7513265.039418 7709005.794715 20769355.180720
69505.000000 -2.513274 5.000000 7333333.231088 7515005.284247 21623315.179635
69509.000000 -2.513274 5.000000 7334936.319987 7712747.019217 18742330.155948
69510.000000 -1.884956 5.000000 1.643442 1.814093 3.889354
69512.000000 -2.513274 5.000000 7166693.690323 7008617.848592 16667970.641932
69514.000000 2.513274 5.000000 7167417.460095 7518682.140758 19533988.109787
69517.000000 -1.256637 5.000000 2.026225 2.156470 3.895655
69519.000000 3.141593 5.000000 2.540358 3.340855 3.897459
69521.000000 2.513274 5.000000 7339746.289752 7718338.927307 20840192.246528
69523.000000 -2.513274 5.000000 1.733679 1.821425 3.901070
69527.000000 -2.513274 5.000000 1.893713 2.033478 3.904687
69528.000000 -1.884956 4.000000 1.990370 2.093765 7.483123
69530.000000 -1.884956 4.000000 2.002136 2.081581 7.481785
69531.000000 -0.628319 5.000000 1.652878 1.663579 3.908309
69533.000000 -2.513274 5.000000 1.680012 1.967193 3.910122
69536.000000 3.141593 5.000000 1.638165 1.722471 3.912845
69540.000000 3.141593 5.000000 7176770.960084 7726522.957242 17663660.281427
69541.000000 2.513274 5.000000 7347143.212734 7726942.465510 17792888.501011
69543.000000 2.513274 5.000000 7347851.070394 7941238.375398 21429350.849009
69544.000000 1.884956 5.000000 7178101.107363 7348211.428224 15997514.578966
69546.000000 -2.513274 5.000000 7178760.479721 7178762.438312 16191653.491070
69549.000000 3.141593 5.000000 7349963.820285 7943905.863516 18945174.718156
69553.000000 1.884956 5.000000 7181031.393470 7022025.509956 15118155.480744
69555.000000 -2.513274 5.000000 7535132.875995 7732631.298742 19979915.771168
69558.000000 3.141593 5.000000 7536227.120719 7947803.425135 20567570.016468
69562.000000 0.628319 5.000000 7365614.406978 7549760.117957 17722848.514186
69566.000000 0.628319 5.000000 7447382.998482 7447388.373035 16970856.337884
69567.000000 -2.513274 5.000000 7422420.398671 7610958.459844 19404017.990917
69568.000000 -2.513274 5.000000 7224196.233045 7224190.874144 16629565.113639
69569.000000 -1.884956 5.000000 7201381.363244 7557900.362519 16466597.323967
69571.000000 -2.513274 5.000000 7505909.468784 7701050.617162 22057155.337702
69573.000000 1.256637 5.000000 1.983906 2.039561 3.946677
69575.000000 1.256637 5.000000 1.991718 2.045433 3.948518
69576.000000 1.256637 5.000000 1.996078 2.048754 3.949440
69577.000000 1.256637 5.000000 1.997696 2.049481 3.950362
69578.000000 1.256637 5.000000 1.974420 2.031013 3.951284
69579.000000 0.628319 5.000000 1.968918 2.027489 3.952206
69581.000000 1.256637 5.000000 1.717532 1.908552 3.954052
69583.000000 1.256637 5.000000 1.761447 1.951630 3.955899
69584.000000 1.256637 5.000000 1.771055 1.964930 3.956823
69585.000000 1.256637 5.000000 1.791693 1.971521 3.957747
69586.000000 1.256637 5.000000 1.824466 1.986741 3.958672
69587.000000 0.628319 5.000000 1.847576 1.994130 3.959597
69589.000000 1.256637 5.000000 2.106594 2.120354 3.961448
69591.000000 0.628319 5.000000 2.075765 2.099728 3.963300
69593.000000 0.628319 5.000000 2.015777 2.062559 3.965153
69594.000000 0.628319 5.000000 2.006753 2.055912 3.966080
69595.000000 -0.628319 5.000000 2.073192 2.109120 3.967008
69598.000000 -0.628319 5.000000 2.083006 2.119709 3.969793
695