68722.000
 [[-12613950.4442  -9215029.1401  21443271.0423]
 [ 12328643.694  -23195062.5341   2781916.0658]
 [ 13135267.8694  -7948465.9241  21672174.5036]
 [ -4572948.9489 -20085780.9498  16797606.068 ]
 [  5336339.9258 -16467140.8413  19862588.9882]]
68724.000
 [[-12611700.9041  -9220014.1691  21442450.4779]
 [ 12328807.782  -23194194.5575   2788319.7055]
 [ 13138552.5478  -7944044.2243  21671830.8186]
 [ -4570857.9884 -20089460.8669  16793626.5045]
 [  5339181.032  -16462872.5068  19865425.0861]]
68726.000
 [[-12609452.0096  -9224999.2632  21441628.0826]
 [ 12328971.3189 -23193325.1154   2794723.1039]
 [ 13141837.6775  -7939622.9757  21671485.2893]
 [ -4568767.8103 -20093140.1155  16789645.515 ]
 [  5342023.0315 -16458603.9164  19868259.4522]]
68727.000
 [[-12608327.8046  -9227491.8345  21441216.1984]
 [ 12329052.8809 -23192889.8448   2797924.7124]
 [ 13143480.4114  -7937412.5208  21671311.8331]
 [ -4567723.0147 -20094979.489   16787654.4857]
 [  5343444.3661 -16456469.5255  19869675.9857]]
68729.000
 [[-12606079.879   -9232477.0253  21440391.057 ]
 [ 12329215.5921 -23192018.2042   2804327.7478]
 [ 13146766.2173  -7932991.9497  21670963.5374]
 [ -4565634.0103 -20098657.7341  16783671.3579]
 [  5346287.7052 -16452200.5522  19872507.7536]]
68731.000
 [[-12603832.5996  -9237462.2798  21439564.0849]
 [ 12329377.7533 -23191145.0979   2810730.5405]
 [ 13150052.4736  -7928571.831   21670613.3976]
 [ -4563545.7881 -20102335.3096  16779686.8049]
 [  5349131.9373 -16447931.3245  19875337.7891]]
68733.000
 [[-12601585.9662  -9242447.5979  21438735.2821]
 [ 12329539.365  -23190270.5255   2817133.0903]
 [ 13153339.1801  -7924152.1647  21670261.4135]
 [ -4561458.348  -20106012.2151  16775700.827 ]
 [  5351977.0624 -16443661.8425  19878166.092 ]]
68736.000
 [[-12598217.2281  -9249925.6928  21437488.6458]
 [ 12329780.7534 -23188955.9181   2826736.4578]
 [ 13158270.0831  -7917523.5147  21669729.9797]
 [ -4558328.6542 -20111526.3161  16769719.189 ]
 [  5356246.4241 -16437257.1444  19882405.2971]]
68738.000
 [[-12595972.211   -9254911.1671  21436655.2668]
 [ 12329940.9932 -23188077.6804   2833138.3972]
 [ 13161557.9134  -7913104.9817  21669373.3854]
 [ -4556243.1693 -20115201.5444  16765729.6503]
 [  5359093.7809 -16432987.0297  19885229.2673]]
68739.000
 [[-12594849.9451  -9257403.9273  21436237.8909]
 [ 12330020.9075 -23187638.0117   2836339.275 ]
 [ 13163201.9969  -7910895.8855  21669194.3967]
 [ -4555200.72   -20117038.9066  16763734.347 ]
 [  5360517.794  -16430851.8779  19886640.6024]]
68743.000
 [[-12590362.4986  -9267375.1206  21434563.8118]
 [ 12330339.1956 -23185875.6712   2849142.1718]
 [ 13169779.4521  -7902060.6371  21668473.8319]
 [ -4551032.8781 -20124386.6749  16755749.5755]
 [  5366216.0773 -16422310.6416  19892281.6083]]
68745.000
 [[-12588119.7462  -9272360.8078  21433724.0269]
 [ 12330497.5188 -23184992.3012   2855543.2505]
 [ 13173068.8519  -7897643.6954  21668110.7835]
 [ -4548950.1299 -20128059.5498  16751755.0552]
 [  5369066.5572 -16418039.6472  19895099.5102]]
