66157.000
 [[ -9353406.7544 -24405687.2403  -4443698.2159]
 [-15952531.0596  -3045984.038   20981939.2744]
 [-12712544.3023 -23228077.4706   2387154.5682]
 [ 12957375.89     7237611.412   22012469.0199]
 [ 11528538.4992 -23163350.5459  -5433185.0079]
 [  9395032.5405 -13831812.8149  20600888.9109]
 [ -7900512.6271 -14989050.152   20628977.0352]
 [ 18356171.7836 -18710271.5114  -3392547.939 ]
 [ 21046356.2878  -7751059.9252  14587114.1692]
 [  2442074.6852 -21538142.7021  14900857.7478]]
66157.000
 [[ -9353406.7544 -24405687.2403  -4443698.2159]
 [-15952531.0596  -3045984.038   20981939.2744]
 [-12712544.3023 -23228077.4706   2387154.5682]
 [ 12957375.89     7237611.412   22012469.0199]
 [ 11528538.4992 -23163350.5459  -5433185.0079]
 [  9395032.5405 -13831812.8149  20600888.9109]
 [ -7900512.6271 -14989050.152   20628977.0352]
 [ 18356171.7836 -18710271.5114  -3392547.939 ]
 [ 21046356.2878  -7751059.9252  14587114.1692]
 [  2442074.6852 -21538142.7021  14900857.7478]]
66157.000
 [[ -9353406.7544 -24405687.2403  -4443698.2159]
 [-15952531.0596  -3045984.038   20981939.2744]
 [-12712544.3023 -23228077.4706   2387154.5682]
 [ 12957375.89     7237611.412   22012469.0199]
 [ 11528538.4992 -23163350.5459  -5433185.0079]
 [  9395032.5405 -13831812.8149  20600888.9109]
 [ -7900512.6271 -14989050.152   20628977.0352]
 [ 18356171.7836 -18710271.5114  -3392547.939 ]
 [ 21046356.2878  -7751059.9252  14587114.1692]
 [  2442074.6852 -21538142.7021  14900857.7478]]
