68586.000 [  856539.98912327 -4842967.90147952  4047985.53291627] [-0.30901699  0.95105652  0.        ]
68589.000 [  856540.02192327 -4842967.92557953  4047985.50651628] [-0.30901699  0.95105652  0.        ]
68591.000 [  856540.21292324 -4842967.88427954  4047985.51001627] [-0.30901699  0.95105652  0.        ]
68593.000 [  856540.36182323 -4842967.80837955  4047985.52461627] [-0.30901699  0.95105652  0.        ]
68594.000 [  856540.45542321 -4842967.75417956  4047985.51251627] [-0.30901699  0.95105652  0.        ]
68595.000 [  856540.53382321 -4842967.74237957  4047985.51151627] [-0.30901699  0.95105652  0.        ]
68597.000 [  856540.68512319 -4842967.67237957  4047985.56181626] [-0.30901699  0.95105652  0.        ]
68598.000 [  856540.74842318 -4842967.65437958  4047985.54371626] [-0.30901699  0.95105652  0.        ]
68600.000 [  856540.91662316 -4842967.59087959  4047985.54141626] [-0.30901699  0.95105652  0.        ]
68601.000 [  856541.00122315 -4842967.54737959  4047985.56981626] [-0.30901699  0.95105652  0.        ]
