67324.000000 1.884956 4.000000 11.084147 11.084148 11.117038
67324.000000 1.884956 4.000000 11.084147 11.084148 11.117038
67324.000000 1.884956 4.000000 11.084147 11.084148 11.117038
67324.000000 1.884956 4.000000 11.084147 11.084148 11.117038
67324.000000 1.884956 4.000000 11.084147 11.084148 11.117038
67324.000000 1.884956 4.000000 11.084147 11.084148 11.117038
67324.000000 1.884956 4.000000 11.084147 11.084148 11.117038
67324.000000 1.884956 4.000000 11.084147 11.084148 11.117038
67324.000000 1.884956 4.000000 11.084147 11.084148 11.117038
67535.000000 -1.884956 5.000000 4.746588 4.746589 4.933005
67537.000000 -1.884956 5.000000 4.747544 4.747544 4.934234
67539.000000 -1.884956 5.000000 4.748501 4.748501 4.935467
67540.000000 -1.884956 5.000000 4.748980 4.748980 4.936084
67541.000000 -1.884956 5.000000 4.749460 4.749460 4.936701
67543.000000 -1.884956 5.000000 4.750420 4.750420 4.937939
67544.000000 -1.884956 5.000000 4.750901 4.750901 4.938558
67545.000000 -1.884956 5.000000 4.751382 4.751382 4.939176
67546.000000 -1.884956 5.000000 4.751864 4.751864 4.939797
67548.000000 -1.884956 5.000000 4.752828 4.752828 4.941037
67549.000000 -1.884956 5.000000 4.753312 4.753312 4.941660
67550.000000 -1.884956 5.000000 4.753794 4.753794 4.942281
67552.000000 -1.884956 5.000000 4.754762 4.754763 4.943527
67553.000000 -1.884956 5.000000 4.755247 4.755247 4.944150
67554.000000 -1.884956 5.000000 4.755732 4.755732 4.944774
67556.000000 -1.884956 5.000000 4.756703 4.756703 4.946023
67557.000000 -1.884956 5.000000 4.757189 4.757189 4.946649
67558.000000 -1.884956 5.000000 4.757675 4.757675 4.947275
67560.000000 -1.884956 5.000000 4.758649 4.758650 4.948527
67561.000000 -1.884956 5.000000 4.759137 4.759137 4.949155
