68473.000
 [[-12899006.8826  -8595068.1819  21531106.6131]
 [ 12303773.9026 -23291713.6324   1982960.7392]
 [ 24394234.4558  -7161931.5356   8435109.8166]
 [  3054271.7017 -24108676.1857 -10496034.6766]
 [ -7305608.5915 -22887891.2769 -11065281.5745]
 [ 12729960.7175  -8502354.3968  21700545.5043]
 [-11950522.7146 -23240067.3324  -4913535.3265]
 [ -4839406.2594 -19622568.1255  17281816.4402]
 [  4989634.5533 -16996367.961   19496045.0117]]
68474.000
 [[-12896678.2895  -8600041.1585  21530514.4848]
 [ 12304009.8143 -23291027.2124   1989390.0817]
 [ 24396360.5401  -7161608.1206   8429287.4625]
 [  3055817.3779 -24110925.834  -10490416.7936]
 [ -7303281.9248 -22886028.6777 -11070554.2613]
 [ 12733186.6193  -8497879.8083  21700431.646 ]
 [-11949371.2584 -23239353.6809  -4919717.1725]
 [ -4837217.427  -19626327.4908  17278016.8911]
 [  4992363.6615 -16992135.7861  19499094.8141]]
68476.000
 [[-12895514.227   -8602527.6948  21530217.7312]
 [ 12304127.5443 -23290683.4584   1992604.6884]
 [ 24397423.0532  -7161446.4799   8426376.0232]
 [  3056589.8958 -24112050.2423 -10487607.5139]
 [ -7302118.2099 -22885097.0758 -11073190.2471]
 [ 12734799.7549  -8495642.6634  21700374.0241]
 [-11948795.1675 -23238996.4275  -4922807.939 ]
 [ -4836123.3067 -19628206.9453  17276116.5671]
 [  4993728.555  -16990019.5769  19500619.0774]]
68477.000
 [[-12893186.5699  -8607500.863   21529622.8455]
 [ 12304362.5528 -23289994.8625   1999033.7724]
 [ 24399547.0214  -7161123.332    8420552.6202]
 [  3058134.2915 -24114298.227  -10481988.2783]
 [ -7299790.0173 -22883233.2676 -11078461.5028]
 [ 12738026.3949  -8491168.6729  21700257.3949]
 [-11947642.2599 -23238281.0652  -4928989.1588]
 [ -4833935.6582 -19631965.398   17272314.8204]
 [  4996459.021  -16985786.9156  19503666.3281]]
68479.000
 [[-12892022.9754  -8609987.4948  21529324.7132]
 [ 12304479.8314 -23289650.0205   2002248.2497]
 [ 24400608.4765  -7160961.8246   8417640.6567]
 [  3058906.1693 -24115421.8033 -10479178.3225]
 [ -7298625.5395 -22882301.0614 -11081096.7727]
 [ 12739639.8993  -8488931.8273  21700198.3876]
 [-11947065.4431 -23237922.9565  -4932079.6119]
 [ -4832842.1299 -19633844.396   17270413.3977]
 [  4997824.5935 -16983670.4636  19505189.3155]]
68480.000
 [[-12890859.537   -8612474.1584  21529026.1214]
 [ 12304596.9597 -23289304.8158   2005462.6836]
 [ 24401669.5788  -7160800.3616   8414728.5185]
 [  3059677.8338 -24116545.1021 -10476368.1414]
 [ -7297460.8072 -22881368.6539 -11083731.804 ]
 [ 12741253.5267  -8486695.0815  21700138.9185]
 [-11946488.3843 -23237564.5629  -4935169.9605]
 [ -4831748.7988 -19635723.2418  17268511.6089]
 [  4999190.3922 -16981553.9307  19506711.8775]]
68481.000
 [[-12889696.2546  -8614960.8537  21528727.07  ]
 [ 12304713.9378 -23288959.2483   2008677.0742]
 [ 24402730.3283  -7160638.9428   8411816.2058]
 [  3060449.285  -24117668.1235 -10473557.7352]
 [ -7296295.8206 -22880436.0452 -11086366.5965]
 [ 12742867.2769  -8484458.4356  21700078.9875]
 [-11945911.0834 -23237205.8842  -4938260.2045]
 [ -4830655.6651 -19637601.9352  17266609.454 ]
 [  5000556.4172 -16979437.317   19508234.014 ]]
68482.000
 [[-12888533.1284  -8617447.5805  21528427.5591]
 [ 12304830.7656 -23288613.3181   2011891.4213]
 [ 24403790.725   -7160477.5683   8408903.7186]
 [  3061220.523  -24118790.8673 -10470747.1038]
 [ -7295130.5797 -22879503.2352 -11089001.1501]
 [ 12744481.1499  -8482221.8896  21700018.5948]
 [-11945333.5404 -23236846.9207  -4941350.3436]
 [ -4829562.7286 -19639480.4762  17264706.933 ]
 [  5001922.6685 -16977320.6226  19509755.7252]]
68483.000
 [[-12887370.1584  -8619934.3388  21528127.5887]
 [ 12304947.4431 -23288267.0251   2015105.7248]
 [ 24404850.7688  -7160316.238    8405991.057 ]
 [  3061991.5477 -24119913.3335 -10467936.2474]
 [ -7293965.0844 -22878570.224  -11091635.4648]
 [ 12746095.1457  -8479985.4437  21699957.7402]
 [-11944755.7554 -23236487.6723  -4944440.378 ]
 [ -4828469.9894 -19641358.8647  17262804.0461]
 [  5003289.146  -16975203.8477  19511277.0108]]
68484.000
 [[-12886207.3445  -8622421.1286  21527827.1587]
 [ 12305063.9706 -23287920.3694   2018319.9848]
 [ 24405910.4598  -7160154.9519   8403078.2211]
 [  3062762.3592 -24121035.5221 -10465125.1661]
 [ -7292799.3347 -22877637.0118 -11094269.5406]
 [ 12747709.2642  -8477749.0979  21699896.4239]
 [-11944177.7281 -23236128.1391  -4947530.3076]
 [ -4827377.4474 -19643237.1006  17260900.7931]
 [  5004655.8497 -16973086.9921  19512797.8709]]
68485.000
 [[-12878072.0221  -8639829.5332  21525711.2824]
 [ 12305875.463  -23285483.6198   2040818.5782]
 [ 24413318.4153  -7159027.1808   8382683.4921]
 [  3068152.0724 -24128883.0642 -10445441.3018]
 [ -7284631.9626 -22871098.8991 -11112701.376 ]
 [ 12759011.5271  -8462097.483   21699454.279 ]
 [-11940124.7547 -23233603.4347  -4969156.8729]
 [ -4819735.1769 -19656380.476   17247567.778 ]
 [  5014229.1093 -16958266.7537  19523431.9749]]
68492.000
 [[-12868783.8926  -8659726.7093  21523265.5692]
 [ 12306793.8998 -23282676.9881   2066528.6062]
 [ 24421763.4682  -7157740.9241   8359364.7989]
 [  3074298.9662 -24137835.0008 -10422931.9876]
 [ -7275282.5539 -22863614.7288 -11133751.9654]
 [ 12771935.7431  -8444215.9537  21698921.2633]
 [-11935478.2399 -23230700.9893  -4993866.6234]
 [ -4811012.9868 -19671392.2935  17232308.1066]
 [  5025183.5461 -16941324.5396  19535559.6898]]
68500.000
 [[-12866463.4251  -8664701.3094  21522649.5464]
 [ 12307022.0148 -23281971.7      2072955.6677]
 [ 24423871.1999  -7157419.7944   8353533.3903]
 [  3075833.5617 -24140070.2017 -10417302.4175]
 [ -7272942.6562 -22861741.6823 -11139012.2153]
 [ 12775168.0189  -8439746.5795  21698783.3916]
 [-11934314.1851 -23229972.5355  -5000043.0034]
 [ -4808834.4112 -19675143.714   17228489.5342]
 [  5027924.4162 -16937088.1901  19538587.359 ]]
68502.000
 [[-12865303.4262  -8667188.6549  21522340.8459]
 [ 12307135.8484 -23281618.5114   2076169.1312]
 [ 24424924.5358  -7157259.2946   8350617.4261]
 [  3076600.5403 -24141187.3844 -10414487.2966]
 [ -7271772.3255 -22860804.8587 -11141641.9804]
 [ 12776784.3398  -8437512.0439  21698713.7631]
 [-11933731.7936 -23229607.8824  -5003131.0344]
 [ -4807745.4191 -19677019.1938  17226579.7001]
 [  5029295.1904 -16934969.8963  19540100.5545]]
68503.000
 [[-12864143.5839  -8669676.0308  21522031.686 ]
 [ 12307249.5329 -23281264.9596   2079382.5498]
 [ 24425977.5185  -7157098.8379   8347701.2887]
 [  3077367.3063 -24142304.2885 -10411671.9518]
 [ -7270601.7402 -22859867.8349 -11144271.5054]
 [ 12778400.7827  -8435277.6093  21698643.6728]
 [-11933149.1594 -23229242.9453  -5006218.9593]
 [ -4806656.6242 -19678894.52    17224669.5007]
 [  5030666.1905 -16932851.5233  19541613.3239]]
68504.000
 [[-12862983.8983  -8672163.4369  21521722.0667]
 [ 12307363.0682 -23280911.0448   2082595.9234]
 [ 24427030.148   -7156938.4244   8344784.978 ]
 [  3078133.8597 -24143420.9141 -10408856.3832]
 [ -7269430.9002 -22858930.611  -11146900.7903]
 [ 12780017.3476  -8433043.2759  21698573.1207]
 [-11932566.2823 -23228877.7242  -5009306.778 ]
 [ -4805568.0264 -19680769.6924  17222758.9361]
 [  5032037.4167 -16930733.0711  19543125.6671]]
68505.000
 [[-12861824.3693  -8674650.8731  21521411.988 ]
 [ 12307476.4545 -23280556.7668   2085809.252 ]
 [ 24428082.4241  -7156778.054    8341868.4943]
 [  3078900.2004 -24144537.2609 -10406040.5909]
 [ -7268259.8056 -22857993.1871 -11149529.8351]
 [ 12781634.0344  -8430809.0436  21698502.1069]
 [-11931983.1624 -23228512.2191  -5012394.4905]
 [ -4804479.6257 -19682644.711   17220848.0063]
 [  5033408.8689 -16928614.5397  19544637.5841]]
68506.000
 [[-12860664.9969  -8677138.3395  21521101.4498]
 [ 12307589.6917 -23280202.1256   2089022.5355]
 [ 24429134.3469  -7156617.7266   8338951.8376]
 [  3079666.3286 -24145653.329  -10403224.575 ]
 [ -7267088.4563 -22857055.5633 -11152158.6397]
 [ 12783250.843   -8428574.9126  21698430.6314]
 [-11931399.7997 -23228146.4301  -5015482.0968]
 [ -4803391.4222 -19684519.5757  17218936.7113]
 [  5034780.5471 -16926495.9294  19546149.075 ]]
68507.000
 [[-12859505.7813  -8679625.8358  21520790.4523]
 [ 12307702.78   -23279847.1213   2092235.7737]
 [ 24430185.9163  -7156457.4423   8336035.0079]
 [  3080432.2442 -24146769.1184 -10400408.3354]
 [ -7265916.8525 -22856117.7394 -11154787.204 ]
 [ 12784867.7734  -8426340.8829  21698358.694 ]
 [-11930816.1941 -23227780.3572  -5018569.5966]
 [ -4802303.4159 -19686394.2865  17217025.0513]
 [  5036152.4513 -16924377.2401  19547660.1395]]
68508.000
 [[-12852553.7796  -8694551.4408  21518914.8206]
 [ 12308378.184  -23277709.4684   2111514.2504]
 [ 24436487.911   -7155496.6373   8318530.4008]
 [  3085023.2755 -24153457.9976 -10383506.206 ]
 [ -7258881.8813 -22850486.6005 -11170553.5412]
 [ 12794571.9117  -8412938.8351  21697917.3733]
 [-11927309.4579 -23225577.9608  -5037092.3583]
 [ -4795779.5176 -19697639.3149  17205547.4262]
 [  5044388.6214 -16911663.4496  19556717.574 ]]
68514.000
 [[-12843293.2293  -8714453.9017  21516388.2557]
 [ 12309270.4021 -23274838.9208   2137216.3251]
 [ 24444870.773   -7154217.9525   8295181.2646]
 [  3091132.7593 -24162360.871  -10360957.538 ]
 [ -7249487.6556 -22842967.2405 -11191561.8445]
 [ 12807517.5667  -8395075.1339  21697303.0879]
 [-11922620.1943 -23222625.5526  -5061783.3893]
 [ -4787092.0241 -19712624.0393  17190223.4974]
 [  5055382.8319 -16894707.3365  19568770.2697]]
68522.000
 [[-12834042.7293  -8734358.2249  21513832.2964]
 [ 12310153.1355 -23271945.1151   2162915.4418]
 [ 24453230.9995  -7152941.9735   8271821.1157]
 [  3097228.6674 -24171245.8564 -10338394.617 ]
 [ -7240077.1218 -22835435.1332 -11212554.7168]
 [ 12820470.9795  -8377217.9663  21696659.2521]
 [-11917915.3542 -23219655.016   -5086467.5511]
 [ -4778417.1413 -19727598.8539  17174876.2388]
 [  5066391.4958 -16877746.2346  19580795.6556]]
68530.000
 [[-12827111.457   -8749287.6697  21511896.039 ]
 [ 12310808.9767 -23269759.493    2182187.8163]
 [ 24459486.3079  -7151986.7502   8254293.796 ]
 [  3101791.6977 -24177897.8414 -10321463.0916]
 [ -7233008.5165 -22829777.703  -11228289.2265]
 [ 12830191.1176  -8363829.395   21696156.9834]
 [-11914376.4926 -23217415.2295  -5104976.1442]
 [ -4771919.2535 -19738823.4426  17163350.4968]
 [  5074657.475  -16865022.1557  19589796.763 ]]
68536.000
 [[-12820185.8496  -8764218.1302  21509943.2508]
 [ 12311459.5083 -23267560.7804   2201458.4917]
 [ 24465728.8727  -7151033.0244   8236760.3125]
 [  3106347.1059 -24184539.7396 -10304523.5797]
 [ -7225930.7331 -22824113.1283 -11244015.0273]
 [ 12839915.5989  -8350444.5261  21695638.0936]
 [-11910828.8534 -23215165.2667  -5123480.8401]
 [ -4765428.4565 -19750042.4264  17151811.6516]
 [  5082931.5784 -16852295.3057  19598782.4925]]
68542.000
 [[-12813265.9119  -8779149.5927  21507973.9332]
 [ 12312104.7414 -23265348.9737   2220727.4528]
 [ 24471958.6892  -7150080.7856   8219220.6785]
 [  3110894.8978 -24191171.5406 -10287576.0944]
 [ -7218843.7693 -22818441.42   -11259732.1066]
 [ 12849644.4146  -8337063.3712  21695102.5834]
 [-11907272.4298 -23212905.1364  -5141981.6246]
 [ -4758944.7489 -19761255.7919  17140259.7115]
 [  5091213.8035 -16839565.6992  19607752.8372]]
68548.000
 [[-12806351.649   -8794082.0434  21505988.0878]
 [ 12312744.6869 -23263124.0698   2239994.6844]
 [ 24478175.7527  -7149130.0232   8201674.9071]
 [  3115435.0798 -24197793.2338 -10270620.6489]
 [ -7211747.6232 -22812762.5893 -11275440.4522]
 [ 12859377.5558  -8323685.9418  21694550.4532]
 [-11903707.215  -23210634.8477  -5160478.4836]
 [ -4752468.1296 -19772463.5261  17128694.6851]
 [  5099504.1478 -16826833.3514  19616707.7904]]
68554.000
 [[-12799443.0658  -8809015.4684  21503985.7162]
 [ 12313379.3557 -23260886.0652   2259260.1713]
 [ 24484380.0584  -7148180.727    8184123.0118]
 [  3119967.6577 -24204404.8087 -10253657.2567]
 [ -7204642.2927 -22807076.6473 -11291140.0513]
 [ 12869115.0136  -8310312.2499  21693981.7036]
 [-11900133.2025 -23208354.4095  -5178971.4026]
 [ -4745998.5974 -19783665.6157  17117116.5809]
 [  5107802.6086 -16814098.2773  19625647.345 ]]
68560.000
 [[-12797141.4677  -8813993.4911  21503314.5867]
 [ 12313589.7413 -23260137.1518   2265681.6102]
 [ 24486445.3245  -7147864.6187   8178271.0213]
 [  3121476.8284 -24206606.4166 -10248001.0288]
 [ -7202271.8078 -22805179.7549 -11296371.3054]
 [ 12872361.7907  -8305855.1849  21693788.4273]
 [-11898939.9086 -23207592.0096  -5185134.8311]
 [ -4743843.6613 -19787398.3891  17113254.308 ]
 [  5110570.5655 -16809852.6492  19628623.7736]]
