63381.000
 [[-10461122.9157 -24101693.5038   4089142.1094]
 [-12671483.6649 -20761968.0648  10712440.709 ]
 [ 15210090.8447  -9458061.1746  19785212.9507]
 [  6682829.1625 -19861016.694   16234717.3679]
 [ 17560004.9008 -19136209.8681   5386384.9351]
 [-12760007.1007  -9417201.5069  21601934.7876]
 [   833854.7593 -25287359.0384   7170951.0755]]
63383.000
 [[-10460668.4891 -24102858.4499   4083067.6959]
 [-12671648.7297 -20764727.0181  10706915.5625]
 [ 15214761.1935  -9456323.8657  19782528.9984]
 [  6684261.2795 -19857112.5555  16238927.4598]
 [ 17561371.7219 -19136593.2371   5380207.0219]
 [-12756180.6234  -9420964.2162  21602477.1847]
 [   834582.837  -25285572.2365   7177122.5603]]
63384.000
 [[-10460441.154  -24103440.3983   4080030.3593]
 [-12671731.2613 -20766105.981   10704152.6482]
 [ 15217096.2008  -9455455.5002  19781186.4001]
 [  6684977.6038 -19855160.164   16241031.9845]
 [ 17562054.6678 -19136784.6106   5377117.8929]
 [-12754267.5019  -9422845.7718  21602747.7121]
 [   834947.0506 -25284678.2856   7180208.0667]]
63385.000
 [[-10460213.7376 -24104021.9969   4076992.9363]
 [-12671813.7925 -20767484.6013  10701389.5067]
 [ 15219431.0965  -9454587.3272  19779843.3869]
 [  6685694.1053 -19853207.5578  16243136.1615]
 [ 17562737.3041 -19136975.7766   5374028.6491]
 [-12752354.4585  -9424727.4614  21603017.792 ]
 [   835311.3806 -25283783.9681   7183293.4156]]
63386.000
 [[-10459986.2398 -24104603.2458   4073955.4268]
 [-12671896.323  -20768862.8791  10698626.1379]
 [ 15221765.8806  -9453719.3469  19778499.9591]
 [  6686410.784  -19851254.7369  16245239.9909]
 [ 17563419.6307 -19137166.7352   5370939.2905]
 [-12750441.4934  -9426609.2849  21603287.4246]
 [   835675.8272 -25282889.284    7186378.6069]]
63388.000
 [[-10459531.     -24105764.6943   4067880.1486]
 [-12672061.3819 -20771618.407   10693098.7189]
 [ 15226435.114   -9451983.9639  19775811.8591]
 [  6687844.6735 -19847348.4511  16249446.6066]
 [ 17564783.3551 -19137548.0297   5364760.2291]
 [-12746615.7978  -9430373.3335  21603825.3472]
 [   836405.0704 -25281098.8161   7192548.517 ]]
63389.000
 [[-10459303.2578 -24106344.894    4064842.3801]
 [-12672143.9103 -20772995.6571  10690334.6687]
 [ 15228769.5631  -9451116.5612  19774467.187 ]
 [  6688561.8843 -19845394.9863  16251549.3929]
 [ 17565464.7529 -19137738.3655   5361670.5264]
 [-12744703.0675  -9432255.5586  21604093.6374]
 [   836769.867  -25280203.0324   7195633.2355]]
63390.000
 [[-10459075.434  -24106924.744    4061804.5254]
 [-12672226.4378 -20774372.5645  10687570.3915]
 [ 15231103.9004  -9450249.3511  19773122.1003]
 [  6689279.2724 -19843441.307   16253651.8313]
 [ 17566145.8412 -19137928.4936   5358580.7091]
 [-12742790.4155  -9434137.9175  21604361.48  ]
 [   837134.7805 -25279306.8823   7198717.7963]]
63391.000
 [[-10458847.5287 -24107504.2442   4058766.5844]
 [-12672308.9644 -20775749.1294  10684805.8873]
 [ 15233438.1259  -9449382.3336  19771776.599 ]
 [  6689996.8379 -19841487.4132  16255753.9219]
 [ 17566826.62   -19138118.414    5355490.7774]
 [-12740877.8419  -9436020.4101  21604628.8753]
 [   837499.8108 -25278410.3657   7201802.1994]]
63392.000
 [[-10458619.5416 -24108083.3947   4055728.5574]
 [-12672391.49   -20777125.3516  10682041.1561]
 [ 15235772.2395  -9448515.5085  19770430.683 ]
 [  6690714.5809 -19839533.3051  16257855.6647]
 [ 17567507.0892 -19138308.1265   5352400.7311]
 [-12738965.3467  -9437903.0365  21604895.823 ]
 [   837864.958  -25277513.4826   7204886.4445]]
63394.000
 [[-10458163.3224 -24109240.6465   4049652.2455]
 [-12672556.5384 -20779876.7678  10676511.0135]
 [ 15240440.1305  -9446782.4362  19767737.6074]
 [  6692150.599  -19835624.446   16262058.1063]
 [ 17568867.0991 -19138686.9281   5346220.2958]
 [-12735140.592   -9441668.6901  21605428.3759]
 [   838595.6031 -25275718.6175   7211054.4608]]
63395.000
 [[-10457935.0902 -24109818.7477   4046613.9608]
 [-12672639.0611 -20781251.9618  10673745.6022]
 [ 15242773.9078  -9445916.1889  19766390.4479]
 [  6692868.8742 -19833669.6952  16264158.8049]
 [ 17569546.6397 -19138876.017    5343129.9069]
 [-12733228.3327  -9443551.7172  21605693.9812]
 [   838961.1011 -25274820.6355   7214138.2317]]
63396.000
 [[-10457706.7761 -24110396.4992   4043575.5902]
 [-12672721.5826 -20782626.8131  10670979.9641]
 [ 15245107.5729  -9445050.1342  19765042.8739]
 [  6693587.3269 -19831714.7301  16266259.1556]
 [ 17570225.871  -19139064.898    5340039.4037]
 [-12731316.1519  -9445434.8779  21605959.1389]
 [   839326.7162 -25273922.2872   7217221.8446]]
63397.000
 [[-10457478.38   -24110973.9011   4040537.1338]
 [-12672804.1028 -20784001.3216  10668214.0994]
 [ 15247441.1258  -9444184.2719  19763694.8854]
 [  6694305.9571 -19829759.551   16268359.1582]
 [ 17570904.7928 -19139253.5708   5336948.7864]
 [-12729404.0498  -9447318.1721  21606223.8491]
 [   839692.4484 -25273023.5726   7220305.2992]]
63399.000
 [[-10457021.342  -24112127.6556   4034459.9639]
 [-12672969.1396 -20786749.3103  10662681.6904]
 [ 15252107.8947  -9442453.125   19760997.6652]
 [  6695743.7502 -19825848.5506  16272558.1188]
 [ 17572261.7082 -19139630.2922   5330767.2097]
 [-12725580.0819  -9451085.1609  21606751.9269]
 [   840424.2644 -25271225.0448   7226471.7336]]
63400.000
 [[-10456792.6989 -24112704.0088   4031421.2505]
 [-12673051.655  -20788122.791   10659915.1461]
 [ 15254441.111   -9441587.8397  19759648.4335]
 [  6696462.914  -19823892.7292  16274657.0768]
 [ 17572939.7028 -19139818.3399   5327676.2504]
 [-12723668.2157  -9452968.856   21607015.2945]
 [   840790.3494 -25270325.2316   7229554.7133]]
63401.000
 [[-10456563.9757 -24113280.0113   4028382.4516]
 [-12673134.1709 -20789495.9278  10657148.3754]
 [ 15256774.214   -9440722.7482  19758298.7874]
 [  6697182.2537 -19821936.6944  16276755.6866]
 [ 17573617.3863 -19140006.1808   5324585.1772]
 [-12721756.4292  -9454852.6834  21607278.2146]
 [   841156.5496 -25269425.0524   7232637.5345]]
63405.000
 [[-10455648.2568 -24115580.5263   4016226.4017]
 [-12673464.2156 -20794985.0484  10646079.0299]
 [ 15266105.5017  -9437264.3046  19752896.0604]
 [  6700061.3923 -19814110.4166  16285146.642 ]
 [ 17576325.0306 -19140755.4579   5312219.7472]
 [-12714110.0711  -9462389.3278  21608325.4193]
 [   842622.5287 -25265820.6746   7244967.2335]]
63408.000
 [[-10454960.6035 -24117302.2403   4007108.4701]
 [-12673711.7322 -20799098.2875  10637774.6471]
 [ 15273102.7826  -9434672.4938  19748839.6662]
 [  6702222.6116 -19808238.4657  16291436.199 ]
 [ 17578352.5161 -19141315.227    5302944.4829]
 [-12708376.1336  -9468043.2087  21609106.1232]
 [   843723.2468 -25263113.5486   7254212.8398]]
63410.000
 [[-10454501.7557 -24118448.3012   4001029.4239]
 [-12673876.7343 -20801838.7319  10632237.2622]
 [ 15277767.0717  -9432945.5824  19746133.3329]
 [  6703664.3131 -19804322.7647  16295627.4938]
 [ 17579702.627  -19141687.3632   5296760.4068]
 [-12704553.9049  -9471813.1277  21609624.3545]
 [   844457.6471 -25261306.9685   7260375.7823]]
63413.000
 [[-10453812.8646 -24120164.7695   3991910.2185]
 [-12674124.2232 -20805946.8252  10623929.4919]
 [ 15284762.6564  -9430356.6593  19742070.7278]
 [  6705828.1987 -19798447.6139  16301911.8203]
 [ 17581725.4744 -19142244.0019   5287483.444 ]
 [-12698821.1574  -9477469.0029  21610398.3443]
 [   845560.131  -25258594.3551   7269619.0019]]
63415.000
 [[-10453353.1903 -24121307.3333   3985830.3246]
 [-12674289.2055 -20808683.8385  10618389.8501]
 [ 15289425.8131  -9428631.6731  19739360.2546]
 [  6707271.6784 -19794529.7809  16306099.627 ]
 [ 17583072.4937 -19142614.05     5281298.237 ]
 [-12694999.7231  -9481240.2505  21610912.0993]
 [   846295.7098 -25256784.1175   7275780.3517]]
63418.000
 [[-10452663.0576 -24123018.5561   3976709.85  ]
 [-12674536.6626 -20812786.7846  10610078.6964]
 [ 15296419.6971  -9426045.6375  19735291.4407]
 [  6709438.232  -19788651.4341  16312378.7198]
 [ 17585090.7044 -19143167.5547   5272019.5803]
 [-12689268.169   -9486898.1172  21611679.3744]
 [   847399.9631 -25254066.0188   7285021.1798]]
63419.000
 [[-10452432.8475 -24123588.2644   3973669.5229]
 [-12674619.1438 -20814153.7469  10607307.861 ]
 [ 15298750.7646  -9425184.0106  19733934.3417]
 [  6710160.7724 -19786691.5594  16314471.0526]
 [ 17585762.8233 -19143351.638    5268926.4693]
 [-12687357.8103  -9488784.338   21611934.2375]
 [   847768.2839 -25253159.2548   7288101.1366]]
63420.000
 [[-10452202.5544 -24124157.6229   3970629.1116]
 [-12674701.6225 -20815520.3659  10604536.8005]
 [ 15301081.7184  -9424322.5762  19732576.829 ]
 [  6710883.4907 -19784731.472   16316563.0363]
 [ 17586434.6331 -19143535.5122   5265833.2457]
 [-12685447.5315  -9490670.6914  21612188.6529]
 [   848136.7228 -25252252.1252   7291180.9336]]
63421.000
 [[-10451972.1782 -24124726.6317   3967588.6161]
 [-12674784.0989 -20816886.6417  10601765.5147]
 [ 15303412.5584  -9423461.3343  19731218.9026]
 [  6711606.3871 -19782771.1718  16318654.6708]
 [ 17587106.1339 -19143719.1771   5262739.9096]
 [-12683537.3325  -9492557.1772  21612442.6205]
 [   848505.28   -25251344.6302   7294260.5707]]
63422.000
 [[-10451741.719  -24125295.2909   3964548.0364]
 [-12674866.5728 -20818252.5741  10598994.0038]
 [ 15305743.2845  -9422600.2849  19729860.5624]
 [  6712329.4614 -19780810.6591  16320745.956 ]
 [ 17587777.3257 -19143902.6327   5259646.4611]
 [-12681627.2134  -9494443.7955  21612696.1405]
 [   848873.9554 -25250436.7697   7297340.0479]]
63423.000
 [[-10451511.1766 -24125863.6003   3961507.3727]
 [-12674949.0442 -20819618.1631  10596222.2679]
 [ 15308073.8967  -9421739.428   19728501.8086]
 [  6713052.7136 -19778849.9338  16322836.892 ]
 [ 17588448.2085 -19144085.879    5256552.9002]
 [-12679717.1744  -9496330.5462  21612949.2128]
 [   849242.7491 -25249528.5439   7300419.3651]]
63424.000
 [[-10451280.5511 -24126431.56     3958466.625 ]
 [-12675031.5131 -20820983.4088  10593450.307 ]
 [ 15310404.3948  -9420878.7636  19727142.6411]
 [  6713776.144  -19776888.9959  16324927.4786]
 [ 17589118.7824 -19144268.916    5253459.227 ]
 [-12677807.2153  -9498217.4292  21613201.8374]
 [   849611.6612 -25248619.9526   7303498.5221]]
63425.000
 [[-10451049.8423 -24126999.1701   3955425.7934]
 [-12675113.9793 -20822348.3111  10590678.1212]
 [ 15312734.779   -9420018.2917  19725783.0601]
 [  6714499.7523 -19774927.8456  16327017.7158]
 [ 17589789.0473 -19144451.7435   5250365.4416]
 [-12675897.3363  -9500104.4446  21613454.0143]
 [   849980.6918 -25247710.996    7306577.5191]]
63426.000
 [[-10450819.0502 -24127566.4304   3952384.8779]
 [-12675196.4429 -20823712.87    10587905.7105]
 [ 15315065.049   -9419158.0123  19724423.0655]
 [  6715223.5387 -19772966.483   16329107.6036]
 [ 17590459.0032 -19144634.3615   5247271.544 ]
 [-12673987.5374  -9501991.5922  21613705.7434]
 [   850349.8407 -25246801.6741   7309656.3558]]
63427.000
 [[-10450588.1749 -24128133.341    3949343.8786]
 [-12675278.9038 -20825077.0854  10585133.075 ]
 [ 15317395.2048  -9418297.9255  19723062.6573]
 [  6715947.5031 -19771004.908   16331197.1418]
 [ 17591128.6502 -19144816.7701   5244177.5344]
 [-12672077.8187  -9503878.872   21613957.0249]
 [   850719.1082 -25245891.9869   7312735.0322]]
63429.000
 [[-10450126.1741 -24129266.1131   3943261.6289]
 [-12675443.8173 -20827804.4859  10579587.1299]
 [ 15322055.1735  -9416578.3292  19720340.6004]
 [  6717395.9663 -19767081.1212  16335375.1698]
 [ 17592467.0176 -19145180.9584   5237989.1791]
 [-12668258.622   -9507653.8282  21614458.2445]
 [   851457.9988 -25244071.5168   7318891.9039]]
63432.000
 [[-10449432.5463 -24130962.6488   3934137.6268]
 [-12675691.1656 -20831893.0107  10571266.527 ]
 [ 15329044.2693  -9414000.378   19716254.4141]
 [  6719569.9974 -19761193.8496  16341639.59  ]
 [ 17594472.2526 -19145725.668    5228705.8064]
 [-12662530.429   -9513317.2536  21615206.7159]
 [   852567.2251 -25241338.0726   7328126.0081]]
63433.000
 [[-10449201.1699 -24131527.4613   3931096.1259]
 [-12675773.609  -20833255.1653  10568492.5436]
 [ 15331373.7388  -9413141.4459  19714891.5252]
 [  6720295.0309 -19759231.0017  16343727.0307]
 [ 17595140.0466 -19145906.8183   5225611.1254]
 [-12660621.1921  -9515205.3262  21615455.3108]
 [   852937.2048 -25240426.1943   7331203.7216]]
63434.000
 [[-10448969.7098 -24132091.9242   3928054.5415]
 [-12675856.0494 -20834616.9763  10565718.3359]
 [ 15333703.0938  -9412282.7063  19713528.2229]
 [  6721020.2425 -19757267.9418  16345814.1216]
 [ 17595807.5319 -19146087.7587   5222516.3326]
 [-12658712.0357  -9517093.5306  21615703.4579]
 [   853307.3032 -25239513.951    7334281.2744]]
63435.000
 [[-10448738.1659 -24132656.0374   3925012.8738]
 [-12675938.4866 -20835978.4437  10562943.9037]
 [ 15336032.3341  -9411424.1591  19712164.5073]
 [  6721745.6324 -19755304.67    16347900.8627]
 [ 17596474.7085 -19146268.4892   5219421.4283]
 [-12656802.9597  -9518981.8671  21615951.1573]
 [   853677.5206 -25238601.3426   7337358.6664]]
63436.000
 [[-10448506.5382 -24133219.801    3921971.1228]
 [-12676020.9206 -20837339.5676  10560169.2472]
 [ 15338361.4597  -9410565.8042  19710800.3784]
 [  6722471.2007 -19753341.1863  16349987.254 ]
 [ 17597141.5763 -19146449.0096   5216326.4123]
 [-12654893.9643  -9520870.3355  21616198.4089]
 [   854047.8571 -25237688.3691   7340435.8976]]
63437.000
 [[-10448274.8267 -24133783.2148   3918929.2885]
 [-12676103.3514 -20838700.3479  10557394.3664]
 [ 15340690.4706  -9409707.6419  19709435.8362]
 [  6723196.9472 -19751377.4908  16352073.2954]
 [ 17597808.1355 -19146629.32     5213231.2848]
 [-12652985.0495  -9522758.9357  21616445.2127]
 [   854418.3125 -25236775.0307   7343512.9679]]
63438.000
 [[-10448043.0313 -24134346.2791   3915887.3711]
 [-12676185.7789 -20840060.7846  10554619.2614]
 [ 15343019.3667  -9408849.6719  19708070.8808]
 [  6723922.8721 -19749413.5835  16354158.987 ]
 [ 17598474.386  -19146809.4204   5210136.0459]
 [-12651076.2153  -9524647.6678  21616691.5687]
 [   854788.887  -25235861.3274   7346589.8772]]
63440.000
 [[-10447579.1888 -24135471.3585   3909803.2873]
 [-12676350.6237 -20842780.6268  10549068.3791]
 [ 15347676.8139  -9407134.3094  19705339.7304]
 [  6725375.2567 -19745485.1341  16358329.3199]
 [ 17599805.9609 -19147168.9906   5203945.2342]
 [-12647258.7892  -9528425.5271  21617182.9373]
 [   855530.3933 -25234032.826    7352743.2126]]
63444.000
 [[-10446650.4953 -24137717.3213   3897634.1253]
 [-12676680.272  -20848216.1865  10537963.9272]
 [ 15356990.327   -9403705.8938  19699872.4723]
 [  6728282.1664 -19737625.6975  16366665.7844]
 [ 17602465.4071 -19147885.6082   5191562.2771]
 [-12639624.9074  -9535982.8252  21618160.3006]
 [   857014.8362 -25230371.4456   7365047.948 ]]
63445.000
 [[-10446418.1117 -24138277.9378   3894591.6281]
 [-12676762.6751 -20849574.2169  10535187.2547]
 [ 15359318.4171  -9402849.2711  19698504.6252]
 [  6729009.3397 -19735660.3101  16368749.0249]
 [ 17603129.497  -19148064.2366   5188466.2605]
 [-12637716.6394  -9537872.4785  21618403.5218]
 [   857386.2451 -25229455.1887   7368123.7281]]
63446.000
 [[-10446185.6438 -24138838.2046   3891549.0482]
 [-12676845.0745 -20850931.9035  10532410.3585]
 [ 15361646.3917  -9401992.8408  19697136.3652]
 [  6729736.6915 -19733694.7114  16370831.9151]
 [ 17603793.2784 -19148242.6547   5185370.1329]
 [-12635808.4525  -9539762.2632  21618646.2952]
 [   857757.7735 -25228538.5671   7371199.3468]]
63447.000
 [[-10445953.0915 -24139398.1218   3888506.3858]
 [-12676927.4702 -20852289.2463  10529633.2387]
 [ 15363974.251   -9401136.6028  19695767.6921]
 [  6730464.2219 -19731728.9014  16372914.455 ]
 [ 17604456.7514 -19148420.8621   5182273.8945]
 [-12633900.3466  -9541652.1795  21618888.6207]
 [   858129.4213 -25227621.5808   7374274.8039]]
63448.000
 [[-10445720.4549 -24139957.6894   3885463.6408]
 [-12677009.862  -20853646.2453  10526855.8951]
 [ 15366301.9949  -9400280.5573  19694398.6061]
 [  6731191.9308 -19729762.8802  16374996.6446]
 [ 17605119.9159 -19148598.859    5179177.5453]
 [-12631992.3218  -9543542.2271  21619130.4983]
 [   858501.1888 -25226704.2299   7377350.0994]]
63450.000
 [[-10445254.9282 -24141075.7757   3879377.9034]
 [-12677174.6339 -20856359.2118  10521300.5372]
 [ 15370957.1362  -9398569.0433  19691659.1952]
 [  6732647.8843 -19725830.2045  16379159.9726]
 [ 17606445.3195 -19148954.2207   5172984.5146]
 [-12628176.5156  -9547322.7167  21619612.91  ]
 [   859245.0826 -25224868.4342   7383500.2054]]
63451.000
 [[-10445022.038  -24141634.2944   3876334.9111]
 [-12677257.0139 -20857715.1793  10518522.523 ]
 [ 15373284.5335  -9397713.5748  19690288.8705]
 [  6733376.1289 -19723863.5501  16381241.1109]
 [ 17607107.5587 -19149131.5855   5169887.8333]
 [-12626268.7343  -9549213.1585  21619853.444 ]
 [   859617.209  -25223949.9896   7386575.0157]]
63452.000
 [[-10444789.0633 -24142192.4635   3873291.8365]
 [-12677339.3899 -20859070.8029  10515744.2854]
 [ 15375611.815   -9396858.2987  19688918.1329]
 [  6734104.5522 -19721896.6848  16383321.8986]
 [ 17607769.4895 -19149308.7395   5166791.0415]
 [-12624361.0343  -9551103.7315  21620093.5302]
 [   859989.4551 -25223031.1805   7389649.6641]]
63453.000
 [[-10444556.004  -24142750.283    3870248.6798]
 [-12677421.7618 -20860426.0825  10512965.8245]
 [ 15377938.9807  -9396003.2151  19687546.9826]
 [  6734833.154  -19719929.6086  16385402.3358]
 [ 17608431.1119 -19149485.6827   5163694.1393]
 [-12622453.4158  -9552994.4357  21620333.1684]
 [   860361.821  -25222112.0069   7392724.1505]]
63454.000
 [[-10444322.8602 -24143307.7527   3867205.4412]
 [-12677504.1297 -20861781.018   10510187.1405]
 [ 15380266.0305  -9395148.3239  19686175.4195]
 [  6735561.9344 -19717962.3217  16387482.4222]
 [ 17609092.4258 -19149662.415    5160597.1268]
 [-12620545.8787  -9554885.2709  21620572.3587]
 [   860734.3066 -25221192.4689   7395798.4747]]
63455.000
 [[-10444089.6317 -24143864.8728   3864162.1204]
 [-12677586.4934 -20863135.6096  10507408.2333]
 [ 15382592.9643  -9394293.6251  19684803.4438]
 [  6736290.8934 -19715994.8241  16389562.158 ]
 [ 17609753.4313 -19149838.9364   5157500.0041]
 [-12618638.4231  -9556776.2372  21620811.1012]
 [   861106.9121 -25220272.5665   7398872.6368]]
63456.000
 [[-10443856.3184 -24144421.6433   3861118.7177]
 [-12677668.8529 -20864489.8571  10504629.1029]
 [ 15384919.7821  -9393439.1187  19683431.0553]
 [  6737020.0311 -19714027.1157  16391641.543 ]
 [ 17610414.1285 -19150015.2469   5154402.7711]
 [-12616731.049   -9558667.3346  21621049.3957]
 [   861479.6375 -25219352.2998   7401946.6366]]
63457.000
 [[-10443622.9203 -24144978.0642   3858075.2332]
 [-12677751.2081 -20865843.7606  10501849.7495]
 [ 15387246.4839  -9392584.8047  19682058.2542]
 [  6737749.3474 -19712059.1968  16393720.5772]
 [ 17611074.5173 -19150191.3463   5151305.4279]
 [-12614823.7565  -9560558.563   21621287.2422]
 [   861852.4827 -25218431.6688   7405020.4742]]
63458.000
 [[-10443389.4375 -24145534.1354   3855031.6668]
 [-12677833.5591 -20867197.32    10499070.173 ]
 [ 15389573.0695  -9391730.6831  19680685.0405]
 [  6738478.8424 -19710091.0673  16395799.2606]
 [ 17611734.5977 -19150367.2346   5148207.9747]
 [-12612916.5456  -9562449.9223  21621524.6409]
 [   862225.448  -25217510.6735   7408094.1493]]
63460.000
 [[-10442922.2171 -24146645.2289   3848944.2887]
 [-12677998.2478 -20869903.4066  10493510.3514]
 [ 15394225.892   -9390023.0171  19677937.3752]
 [  6739938.3685 -19706154.177   16399955.5746]
 [ 17613053.8338 -19150718.378    5142012.7383]
 [-12609102.3689  -9566233.0336  21621998.0943]
 [   862971.7386 -25215667.5901   7414241.0124]]
63461.000
 [[-10442688.4795 -24147200.2512   3845900.4772]
 [-12678080.5855 -20871255.9337  10490730.1064]
 [ 15396552.1289  -9389169.4726  19676562.9238]
 [  6740668.3997 -19704185.4162  16402033.2052]
 [ 17613712.9894 -19150893.6329   5138914.9553]
 [-12607195.4032  -9568124.7856  21622234.1491]
 [   863345.0641 -25214745.5021   7417314.2001]]
63462.000
 [[-10442454.6568 -24147754.9238   3842856.5841]
 [-12678162.9186 -20872608.1166  10487949.6385]
 [ 15398878.2493  -9388316.1206  19675188.0599]
 [  6741398.6096 -19702216.4451  16404110.4849]
 [ 17614371.8367 -19151068.6765   5135817.0623]
 [-12605288.5193  -9570016.6683  21622469.756 ]
 [   863718.5097 -25213823.0499   7420387.2252]]
63463.000
 [[-10442220.7491 -24148309.2469   3839812.6094]
 [-12678245.2472 -20873959.9554  10485168.948 ]
 [ 15401204.2533  -9387462.9609  19673812.7834]
 [  6742128.9983 -19700247.2637  16406187.4134]
 [ 17615030.3758 -19151243.5087   5132719.0597]
 [-12603381.7172  -9571908.6819  21622704.9149]
 [   864092.0756 -25212900.2336   7423460.0876]]
63464.000
 [[-10441986.7563 -24148863.2203   3836768.5534]
 [-12678327.5712 -20875311.45    10482388.0348]
 [ 15403530.1408  -9386609.9936  19672437.0946]
 [  6742859.5658 -19698277.8721  16408263.9909]
 [ 17615688.6067 -19151418.1297   5129620.9473]
 [-12601474.9971  -9573800.8261  21622939.6258]
 [   864465.7617 -25211977.0532   7426532.7872]]
63465.000
 [[-10441752.6783 -24149416.8441   3833724.416 ]
 [-12678409.8905 -20876662.6004  10479606.899 ]
 [ 15405855.9117  -9385757.2187  19671060.9933]
 [  6743590.3122 -19696308.2704  16410340.2172]
 [ 17616346.5294 -19151592.5392   5126522.7254]
 [-12599568.3589  -9575693.1009  21623173.8887]
 [   864839.5681 -25211053.5088   7429605.324 ]]
63466.000
 [[-10441518.5151 -24149970.1183   3830680.1972]
 [-12678492.2052 -20878013.4065  10476825.5408]
 [ 15408181.5659  -9384904.6362  19669684.4796]
 [  6744321.2373 -19694338.4587  16412416.0923]
 [ 17617004.1439 -19151766.7373   5123424.3939]
 [-12597661.8028  -9577585.5064  21623407.7036]
 [   865213.4948 -25210129.6004   7432677.6979]]
63467.000
 [[-10441284.2667 -24150523.0428   3827635.8973]
 [-12678574.515  -20879363.8684  10474043.96  ]
 [ 15410507.1034  -9384052.246   19668307.5536]
 [  6745052.3413 -19692368.4369  16414491.6162]
 [ 17617661.4502 -19151940.7238   5120325.953 ]
 [-12595755.3287  -9579478.0424  21623641.0706]
 [   865587.542  -25209205.3279   7435749.9088]]
63468.000
 [[-10441049.933  -24151075.6177   3824591.5162]
 [-12678656.82   -20880713.9859  10471262.1569]
 [ 15412832.5241  -9383200.0483  19666930.2153]
 [  6745783.6241 -19690398.2052  16416566.7888]
 [ 17618318.4483 -19152114.4988   5117227.4027]
 [-12593848.9367  -9581370.709   21623873.9896]
 [   865961.7095 -25208280.6915   7438821.9566]]
63469.000
 [[-10440815.514  -24151627.8429   3821547.054 ]
 [-12678739.1202 -20882063.7592  10468480.1315]
 [ 15415157.828   -9382348.0429  19665552.4647]
 [  6746515.0858 -19688427.7635  16418641.61  ]
 [ 17618975.1384 -19152288.0623   5114128.743 ]
 [-12591942.627   -9583263.506   21624106.4605]
 [   866335.9976 -25207355.6912   7441893.8413]]
63470.000
 [[-10440581.0095 -24152179.7186   3818502.5107]
 [-12678821.4154 -20883413.1881  10465697.8837]
 [ 15417483.015   -9381496.2298  19664174.3019]
 [  6747246.7264 -19686457.112   16420716.0799]
 [ 17619631.5203 -19152461.414    5111029.974 ]
 [-12590036.3993  -9585156.4335  21624338.4835]
 [   866710.4062 -25206430.327    7444965.5629]]
63471.000
 [[-10440346.4196 -24152731.2447   3815457.8863]
 [-12678903.7056 -20884762.2728  10462915.4137]
 [ 15419808.085   -9380644.6091  19662795.7267]
 [  6747978.546  -19684486.2507  16422790.1984]
 [ 17620287.5941 -19152634.554    5107931.0957]
 [-12588130.2539  -9587049.4915  21624570.0584]
 [   867084.9354 -25205504.5989   7448037.1213]]
63472.000
 [[-10440111.7441 -24153282.4212   3812413.181 ]
 [-12678985.9908 -20886111.0132  10460132.7214]
 [ 15422133.0382  -9379793.1807  19661416.7394]
 [  6748710.5446 -19682515.1795  16424863.9656]
 [ 17620943.36   -19152807.4822   5104832.1082]
 [-12586224.1907  -9588942.6799  21624801.1853]
 [   867459.5853 -25204578.5069   7451108.5164]]
63475.000
 [[-10439407.2044 -24154933.853    3803278.5801]
 [-12679232.8157 -20890155.1678  10451783.3123]
 [ 15429107.1946  -9377240.0496  19657277.3044]
 [  6750907.6143 -19676600.7083  16431083.1577]
 [ 17622908.8092 -19153324.9959   5095534.4915]
 [-12580506.4955  -9594623.0268  21625491.8779]
 [   868584.2592 -25201798.0484   7460321.7213]]
63477.000
 [[-10438937.0827 -24156033.0596   3797188.4425]
 [-12679397.3394 -20892849.5489  10446215.9295]
 [ 15433756.0462  -9375538.9238  19654515.6205]
 [  6752373.2226 -19672656.6797  16435227.5279]
 [ 17624217.5689 -19153668.9453   5089335.5355]
 [-12576695.1108  -9598410.5761  21625950.0994]
 [   869334.646  -25199942.5907   7466463.0403]]
63478.000
 [[-10438701.8932 -24156582.1385   3794143.2528]
 [-12679479.5932 -20894196.2227  10443431.9054]
 [ 15436080.2959  -9374688.6494  19653134.1606]
 [  6753106.2953 -19670684.3513  16437299.1854]
 [ 17624871.4867 -19153840.6019   5086235.8944]
 [-12574789.5422  -9600304.5459  21626178.5381]
 [   869710.0207 -25199014.3164   7469533.4543]]
63480.000
 [[-10438231.2566 -24157679.2475   3788052.6321]
 [-12679644.0848 -20896888.5369  10437863.1919]
 [ 15440728.4429  -9372988.6776  19650370.0046]
 [  6754572.9781 -19666739.0666  16441441.4452]
 [ 17626178.3987 -19154183.2788   5080036.286 ]
 [-12570978.6531  -9604092.8758  21626634.0712]
 [   870461.1331 -25197156.677    7475673.7909]]
63481.000
 [[-10437995.8095 -24158227.2777   3785007.2012]
 [-12679726.3223 -20898234.1772  10435078.5027]
 [ 15443052.3401  -9372138.9802  19648987.3087]
 [  6755306.5881 -19664766.1103  16443512.0474]
 [ 17626831.3928 -19154354.299    5076936.3189]
 [-12569073.3326  -9605987.2358  21626861.1656]
 [   870836.8709 -25196227.312    7478743.7134]]
63482.000
 [[-10437760.2764 -24158774.9582   3781961.69  ]
 [-12679808.5543 -20899579.473   10432293.5919]
 [ 15445376.1196  -9371289.4751  19647604.201 ]
 [  6756040.3773 -19662792.9449  16445582.2976]
 [ 17627484.0791 -19154525.1069   5073836.2433]
 [-12567168.0948  -9607881.7257  21627087.812 ]
 [   871212.7298 -25195297.5835   7481813.4719]]
63483.000
 [[-10437524.6573 -24159322.2891   3778916.0986]
 [-12679890.7807 -20900924.4241  10429508.4595]
 [ 15447699.7814  -9370440.1623  19646220.6813]
 [  6756774.3457 -19660819.5704  16447652.196 ]
 [ 17628136.4575 -19154695.7025   5070736.0593]
 [-12565262.9399  -9609776.3455  21627314.0103]
 [   871588.7098 -25194367.4915   7484883.0664]]
63484.000
 [[-10437288.9521 -24159869.2705   3775870.4271]
 [-12679973.0015 -20902269.0306  10426723.1058]
 [ 15450023.3253  -9369591.0419  19644836.7498]
 [  6757508.4932 -19658845.987   16449721.7423]
 [ 17628788.528  -19154866.0858   5067635.767 ]
 [-12563357.8678  -9611671.0951  21627539.7605]
 [   871964.811  -25193437.0361   7487952.4967]]
63485.000
 [[-10437053.1608 -24160415.9023   3772824.6754]
 [-12680055.2165 -20903613.2925  10423937.5306]
 [ 15452346.7514  -9368742.1137  19643452.4066]
 [  6758242.8199 -19656872.1945  16451790.9366]
 [ 17629440.2907 -19155036.2567   5064535.3663]
 [-12561452.8787  -9613565.9746  21627765.0625]
 [   872341.0334 -25192506.2173   7491021.7628]]
63486.000
 [[-10436817.2833 -24160962.1845   3769778.8437]
 [-12680137.4259 -20904957.2098  10421151.734 ]
 [ 15454670.0596  -9367893.3779  19642067.6515]
 [  6758977.3258 -19654898.193   16453859.7788]
 [ 17630091.7456 -19155206.2151   5061434.8574]
 [-12559547.9725  -9615460.9839  21627989.9165]
 [   872717.3771 -25191575.0351   7494090.8647]]
63487.000
 [[-10436581.3196 -24161508.1171   3766732.932 ]
 [-12680219.6294 -20906300.7824  10418365.7162]
 [ 15456993.2499  -9367044.8343  19640682.4846]
 [  6759712.011  -19652923.9827  16455928.269 ]
 [ 17630742.8928 -19155375.961    5058334.2403]
 [-12557643.1493  -9617356.123   21628214.3223]
 [   873093.8422 -25190643.4895   7497159.8023]]
63488.000
 [[-10436345.2696 -24162053.7002   3763686.9404]
 [-12680301.827  -20907644.0104  10415579.4771]
 [ 15459316.3221  -9366196.4831  19639296.9061]
 [  6760446.8754 -19650949.5636  16457996.407 ]
 [ 17631393.7322 -19155545.4944   5055233.515 ]
 [-12555738.409   -9619251.3918  21628438.2801]
 [   873470.4287 -25189711.5806   7500228.5756]]
63489.000
 [[-10436109.1333 -24162598.9337   3760640.869 ]
 [-12680384.0187 -20908986.8936  10412793.0168]
 [ 15461639.2763  -9365348.3241  19637910.9158]
 [  6761181.9191 -19648974.9357  16460064.1928]
 [ 17632044.2638 -19155714.8151   5052132.6817]
 [-12553833.7519  -9621146.7903  21628661.7897]
 [   873847.1366 -25188779.3085   7503297.1844]]
63490.000
 [[-10435872.9106 -24163143.8176   3757594.7178]
 [-12680466.2045 -20910329.4322  10410006.3355]
 [ 15463962.1123  -9364500.3574  19636524.5139]
 [  6761917.1421 -19647000.0991  16462131.6263]
 [ 17632694.4877 -19155883.9233   5049031.7405]
 [-12551929.178   -9623042.3183  21628884.8511]
 [   874223.966  -25187846.6731   7506365.6287]]
63491.000
 [[-10435636.6016 -24163688.3519   3754548.4869]
 [-12680548.3843 -20911671.626   10407219.4331]
 [ 15466284.8301  -9363652.5831  19635137.7003]
 [  6762652.5444 -19645025.0539  16464198.7076]
 [ 17633344.4039 -19156052.8187   5045930.6913]
 [-12550024.6872  -9624937.976   21629107.4644]
 [   874600.917  -25186913.6745   7509433.9084]]
63492.000
 [[-10435400.206  -24164232.5367   3751502.1763]
 [-12680630.558  -20913013.475   10404432.3097]
 [ 15468607.4295  -9362805.001   19633750.4752]
 [  6763388.1261 -19643049.8002  16466265.4366]
 [ 17633994.0125 -19156221.5013   5042829.5343]
 [-12548120.2796  -9626833.7632  21629329.6296]
 [   874977.9895 -25185980.3127   7512502.0235]]
63494.000
 [[-10434927.1554 -24165319.8577   3745409.3164]
 [-12680794.8869 -20915696.1388  10398857.4   ]
 [ 15473252.2735  -9361110.4136  19630974.7902]
 [  6764859.8275 -19639098.667   16470397.8374]
 [ 17635292.3066 -19156558.2282   5036626.8968]
 [-12544311.7144  -9630625.7261  21629772.6155]
 [   875732.4994 -25184112.4997   7518637.7596]]
63495.000
 [[-10434690.5002 -24165862.9938   3742362.7672]
 [-12680877.0421 -20917036.9534  10396069.6139]
 [ 15475574.5178  -9360263.4083  19629586.3304]
 [  6765595.9472 -19637122.7878  16472463.5092]
 [ 17635940.9922 -19156726.2724   5033525.4166]
 [-12542407.5568  -9632521.9017  21629993.4362]
 [   876109.9369 -25183178.0486   7521705.3803]]
63496.000
 [[-10434453.7583 -24166405.7804   3739316.1386]
 [-12680959.1911 -20918377.4233  10393281.6071]
 [ 15477896.6435  -9359416.5952  19628197.4591]
 [  6766332.2464 -19635146.7003  16474528.8284]
 [ 17636589.3702 -19156894.1035   5030423.8288]
 [-12540503.4826  -9634418.2066  21630213.8087]
 [   876487.4962 -25182243.2344   7524772.8362]]
63497.000
 [[-10434216.9297 -24166948.2174   3736269.4307]
 [-12681041.3337 -20919717.5482  10390493.3796]
 [ 15480218.6507  -9358569.9745  19626808.1764]
 [  6767068.725  -19633170.4044  16476593.7951]
 [ 17637237.4406 -19157061.7217   5027322.1334]
 [-12538599.4918  -9636314.6409  21630433.7331]
 [   876865.1773 -25181308.0572   7527840.1271]]
63498.000
 [[-10433980.0144 -24167490.3049   3733222.6435]
 [-12681123.4699 -20921057.3283  10387704.9314]
 [ 15482540.5392  -9357723.546   19625418.4822]
 [  6767805.3831 -19631193.9003  16478658.4093]
 [ 17637885.2035 -19157229.1269   5024220.3306]
 [-12536695.5846  -9638211.2045  21630653.2093]
 [   877242.9803 -25180372.517    7530907.253 ]]
63499.000
 [[-10433743.0123 -24168032.0428   3730175.7771]
 [-12681205.5997 -20922396.7635  10384916.2626]
 [ 15484862.309   -9356877.3097  19624028.3767]
 [  6768542.2206 -19629217.1881  16480722.6707]
 [ 17638532.6587 -19157396.3189   5021118.4204]
 [-12534791.761   -9640107.8974  21630872.2372]
 [   877620.9051 -25179436.6139   7533974.2137]]
63500.000
 [[-10433505.9233 -24168573.4312   3727128.8316]
 [-12681287.723  -20923735.8538  10382127.3734]
 [ 15487183.9599  -9356031.2658  19622637.8598]
 [  6769279.2376 -19627240.2677  16482786.5795]
 [ 17639179.8065 -19157563.2978   5018016.4029]
 [-12532888.021   -9642004.7194  21631090.817 ]
 [   877998.9519 -25178500.3479   7537041.0093]]
63501.000
 [[-10433268.7475 -24169114.47     3724081.8071]
 [-12681369.8398 -20925074.5991  10379338.2636]
 [ 15489505.4921  -9355185.4141  19621246.9316]
 [  6770016.434  -19625263.1393  16484850.1356]
 [ 17639826.6467 -19157730.0636   5014914.2781]
 [-12530984.3646  -9643901.6706  21631308.9486]
 [   878377.1207 -25177563.719    7540107.6396]]
63504.000
 [[-10432556.6981 -24170735.4894   3714940.2595]
 [-12681616.1505 -20929088.7653  10370969.6122]
 [ 15496469.3748  -9352649.0123  19617071.6792]
 [  6772229.1008 -19619330.5063  16491038.6872]
 [ 17641765.3227 -19158229.0811   5005607.2608]
 [-12525273.8978  -9649593.2989  21631960.6541]
 [   879512.3596 -25174751.6552   7549306.5384]]
63507.000
 [[-10431843.865  -24172353.3629   3705798.0025]
 [-12681862.4007 -20933099.8262  10362598.9787]
 [ 15503432.1855  -9350114.3407  19612892.726 ]
 [  6774443.3836 -19613396.0028  16497224.0627]
 [ 17643701.2316 -19158726.1781   4996299.2805]
 [-12519564.1856  -9655286.0881  21632608.3255]
 [   880648.6981 -25171936.3267   7558503.9476]]
63509.000
 [[-10431368.2069 -24173430.1976   3699702.7715]
 [-12682026.5331 -20935772.1414  10357017.4562]
 [ 15508073.4628  -9348425.5209  19610104.7017]
 [  6775920.4702 -19609438.629   16501345.8812]
 [ 17644990.3006 -19159056.5086   4990093.4264]
 [-12515758.1308  -9659081.9251  21633037.8653]
 [   881406.8685 -25170057.6278   7564634.7251]]
63511.000
 [[-10430892.1996 -24174505.6342   3693607.2265]
 [-12682190.6376 -20938443.0761  10351435.0539]
 [ 15512714.2625  -9346737.4699  19607315.0331]
 [  6777398.2755 -19605480.425   16505466.2873]
 [ 17646278.1402 -19159385.9845   4983887.1456]
 [-12511952.4123  -9662878.2774  21633465.612 ]
 [   882165.5286 -25168177.4785   7570764.8392]]
63512.000
 [[-10430654.0648 -24175042.8282   3690559.3364]
 [-12682272.6793 -20939778.0257  10348643.5231]
 [ 15515034.483   -9345893.7328  19605919.5822]
 [  6778137.4477 -19603501.0119  16507525.9605]
 [ 17646921.5991 -19159550.4019   4980783.8453]
 [-12510049.6793  -9664776.6466  21633678.8129]
 [   882545.0424 -25167236.8601   7573829.6473]]
63513.000
 [[-10430415.8426 -24175579.6727   3687511.368 ]
 [-12682354.7138 -20941112.6302  10345851.7725]
 [ 15517354.5839  -9345050.1878  19604523.7205]
 [  6778876.7996 -19601521.3914  16509585.2805]
 [ 17647564.7506 -19159714.6056   4977680.4386]
 [-12508147.0305  -9666675.1444  21633891.5656]
 [   882924.6787 -25166295.8792   7576894.2893]]
63514.000
 [[-10430177.5329 -24176116.1677   3684463.3215]
 [-12682436.7411 -20942446.8894  10343059.8022]
 [ 15519674.5651  -9344206.8351  19603127.4478]
 [  6779616.3312 -19599541.5636  16511644.2472]
 [ 17648207.5949 -19159878.5954   4974576.9255]
 [-12506244.466   -9668573.7708  21634103.87  ]
 [   883304.4376 -25165354.5358   7579958.7652]]
63515.000
 [[-10429939.1356 -24176652.3132   3681415.1967]
 [-12682518.7612 -20943780.8033  10340267.6123]
 [ 15521994.4266  -9343363.6746  19601730.7642]
 [  6780356.0426 -19597561.5286  16513702.8606]
 [ 17648850.1319 -19160042.3713   4971473.3061]
 [-12504341.9858  -9670472.5258  21634315.7261]
 [   883684.3192 -25164412.83     7583023.0749]]
63516.000
 [[-10429700.6506 -24177188.1092   3678366.9938]
 [-12682600.7739 -20945114.3721  10337475.2028]
 [ 15524314.1683  -9342520.7062  19600333.6698]
 [  6781095.9338 -19595581.2864  16515761.1206]
 [ 17649492.3618 -19160205.9333   4968369.5804]
 [-12502439.59    -9672371.4094  21634527.134 ]
 [   884064.3235 -25163470.7619   7586087.2183]]
63517.000
 [[-10429462.0781 -24177723.5557   3675318.7129]
 [-12682682.7793 -20946447.5956  10334682.5737]
 [ 15526633.7902  -9341677.9301  19598936.1644]
 [  6781836.0048 -19593600.8371  16517819.0272]
 [ 17650134.2844 -19160369.2813   4965265.7484]
 [-12500537.2785  -9674270.4214  21634738.0935]
 [   884444.4505 -25162528.3313   7589151.1955]]
63518.000
 [[-10429223.4178 -24178258.6527   3672270.3539]
 [-12682764.7773 -20947780.4739  10331889.7252]
 [ 15528953.2921  -9340835.3461  19597538.2483]
 [  6782576.2556 -19591620.1807  16519876.5803]
 [ 17650775.8999 -19160532.4153   4962161.8103]
 [-12498635.0516  -9676169.5619  21634948.6047]
 [   884824.7003 -25161585.5385   7592215.0063]]
63519.000
 [[-10428984.6697 -24178793.4002   3669221.9171]
 [-12682846.7678 -20949113.0068  10329096.6574]
 [ 15531272.674   -9339992.9543  19596139.9214]
 [  6783316.6862 -19589639.3173  16521933.78  ]
 [ 17651417.2082 -19160695.3352   4959057.7662]
 [-12496732.9091  -9678068.8308  21635158.6676]
 [   885205.0729 -25160642.3834   7595278.6506]]
63521.000
 [[-10428506.9102 -24179861.8467   3663124.81  ]
 [-12683010.7264 -20951777.0367  10323509.8637]
 [ 15535911.0776  -9338308.7474  19593342.0354]
 [  6784798.087  -19585676.9697  16526047.1185]
 [ 17652698.9033 -19161020.5326   4952849.3599]
 [-12492928.8778  -9681867.7537  21635577.4485]
 [   885966.1869 -25158754.9864   7601405.4395]]
63525.000
 [[-10427550.336  -24181994.546    3650929.6635]
 [-12683338.5517 -20957100.9519  10312333.6461]
 [ 15545186.4422  -9334942.6394  19587741.3353]
 [  6787763.0475 -19577749.7931  16534269.5516]
 [ 17655258.6085 -19161668.3563   4940431.2774]
 [-12485321.8315  -9689467.1384  21636409.6302]
 [   887489.8909 -25154975.8464   7613657.017 ]]
63529.000
 [[-10426592.3521 -24184121.6537   3638733.2774]
 [-12683666.2518 -20962419.3404  10301153.9247]
 [ 15554459.8801  -9331579.6059  19582134.0661]
 [  6790730.8877 -19569819.3106  16542486.324 ]
 [ 17657813.4014 -19162312.7492   4928011.5047]
 [-12477716.1422  -9697068.5731  21637234.6384]
 [   889015.5657 -25151190.9135   7625905.9239]]
63530.000
 [[-10426352.6355 -24184652.557    3635683.9876]
 [-12683748.1569 -20963748.0738  10298358.4472]
 [ 15556777.9381  -9330739.3278  19580731.2226]
 [  6791473.2978 -19567836.1739  16544539.6322]
 [ 17658451.3322 -19162473.311    4924906.2979]
 [-12475814.9322  -9698969.2518  21637439.7695]
 [   889397.2927 -25150243.7754   7628967.7328]]
63531.000
 [[-10426112.8306 -24185183.1108   3632634.6207]
 [-12683830.0539 -20965076.4616  10295562.7512]
 [ 15559095.8753  -9329899.2419  19579327.9686]
 [  6792215.8879 -19565852.8309  16546592.5864]
 [ 17659088.9561 -19162633.6581   4921800.9859]
 [-12473913.8074  -9700870.0583  21637644.4523]
 [   889779.143  -25149296.2754   7632029.3745]]
63532.000
 [[-10425872.9374 -24185713.3151   3629585.1768]
 [-12683911.9428 -20966404.5039  10292766.8365]
 [ 15561413.6916  -9329059.3482  19577924.3044]
 [  6792958.6581 -19563869.2817  16548645.1865]
 [ 17659726.2731 -19162793.7905   4918695.5687]
 [-12472012.7677  -9702770.9927  21637848.6866]
 [   890161.1168 -25148348.4136   7635090.8488]]
63533.000
 [[-10425632.9558 -24186243.17     3626535.6559]
 [-12683993.8235 -20967732.2005  10289970.7033]
 [ 15563731.3871  -9328219.6466  19576520.2297]
 [  6793701.6084 -19561885.5264  16550697.4325]
 [ 17660363.2831 -19162953.7082   4915590.0464]
 [-12470111.8132  -9704672.0549  21638052.4726]
 [   890543.214  -25147400.19     7638152.1556]]
63534.000
 [[-10425392.8857 -24186772.6754   3623486.0581]
 [-12684075.6961 -20969059.5516  10287174.3516]
 [ 15566048.9615  -9327380.1372  19575115.7448]
 [  6794444.7387 -19559901.5649  16552749.3243]
 [ 17660999.9863 -19163113.4111   4912484.419 ]
 [-12468210.9439  -9706573.2448  21638255.8101]
 [   890925.4347 -25146451.6045   7641213.295 ]]
63536.000
 [[-10424912.4799 -24187830.6378   3617386.6319]
 [-12684239.4163 -20971713.2168  10281580.993 ]
 [ 15570683.7474  -9325701.6947  19572305.5441]
 [  6795931.5399 -19555933.0238  16556852.0452]
 [ 17662272.472  -19163432.1723   4906272.8492]
 [-12464409.4612  -9710376.0077  21638661.14  ]
 [   891690.247  -25144553.3485   7647335.0711]]
63538.000
 [[-10424431.7196 -24188887.2025   3611286.8986]
 [-12684403.1029 -20974365.4993  10275986.7611]
 [ 15575318.0488  -9324024.0207  19569493.7025]
 [  6797419.0616 -19551963.659   16560953.349 ]
 [ 17663543.7305 -19163750.0736   4900060.8599]
 [-12460608.3198  -9714179.2812  21639064.6762]
 [   892455.5539 -25142653.6457   7653456.1765]]
63540.000
 [[-10423950.6045 -24189942.3694   3605186.8589]
 [-12684566.7556 -20977016.3991  10270391.6563]
 [ 15579951.8652  -9322347.1151  19566680.2202]
 [  6798907.3042 -19547993.4707  16565053.2352]
 [ 17664813.7619 -19164067.1147   4893848.4516]
 [-12456807.5203  -9717983.065   21639466.4187]
 [   893221.3559 -25140752.4964   7659576.6107]]
63541.000
 [[-10423709.9137 -24190469.4287   3602136.7242]
 [-12684648.5691 -20978341.3304  10267593.7767]
 [ 15582268.5913  -9321508.9504  19565272.8639]
 [  6799651.6958 -19546008.068   16567102.6467]
 [ 17665448.3175 -19164225.3125   4890742.0904]
 [-12454907.2488  -9719885.1481  21639666.6173]
 [   893604.4427 -25139801.3794   7662636.5759]]
63543.000
 [[-10423228.2656 -24191522.4991   3596036.2256]
 [-12684812.1701 -20980990.1558  10261997.3636]
 [ 15586901.6792  -9319833.1974  19562456.921 ]
 [  6801141.0199 -19542036.6456  16571200.4061]
 [ 17666716.5086 -19164541.0625   4884529.0544]
 [-12451106.9625  -9723689.6966  21640065.6692]
 [   894370.988  -25137898.0609   7668756.0024]]
63545.000
 [[-10422746.2616 -24192574.1717   3589935.4218]
 [-12684975.7361 -20983637.5979  10256400.0788]
 [ 15591534.2808  -9318158.2128  19559639.3382]
 [  6802631.0652 -19538064.401   16575296.747 ]
 [ 17667983.473  -19164855.9513   4878315.6008]
 [-12447307.019   -9727494.7545  21640462.9272]
 [   895138.0293 -25135993.2966   7674874.7562]]
63546.000
 [[-10422505.1262 -24193099.4838   3586884.9057]
 [-12685057.5059 -20984960.8002  10253601.1098]
 [ 15593850.3991  -9317321.0086  19558229.9318]
 [  6803376.3582 -19536077.9706  16577344.3854]
 [ 17668616.4952 -19165013.0726   4875208.7176]
 [-12445407.176   -9729397.4743  21640660.8836]
 [   895521.736  -25135040.3724   7677933.8807]]
63548.000
 [[-10422022.588  -24194149.0599   3580783.6453]
 [-12685221.0188 -20987606.1671  10248002.5187]
 [ 15598482.2701  -9315647.1766  19555409.8894]
 [  6804867.4853 -19532104.4939  16581438.598 ]
 [ 17669881.6196 -19165326.669    4868994.6387]
 [-12441607.7475  -9733203.2954  21641055.4508]
 [   896289.5217 -25133133.44     7684051.6244]]
63549.000
 [[-10421781.1851 -24194673.3238   3577732.9011]
 [-12685302.7617 -20988928.3317  10245202.8966]
 [ 15600798.0228  -9314810.5487  19553999.2534]
 [  6805613.3194 -19530117.4476  16583485.1721]
 [ 17670513.7219 -19165483.1439   4865887.443 ]
 [-12439708.162   -9735106.3967  21641252.0617]
 [   896673.6009 -25132179.4318   7687110.2437]]
63550.000
 [[-10421539.693  -24195197.2383   3574682.081 ]
 [-12685384.4956 -20990250.1505  10242403.057 ]
 [ 15603113.6535  -9313974.1128  19552588.2076]
 [  6806359.3339 -19528130.1961  16585531.3913]
 [ 17671145.5177 -19165639.4032   4862780.1433]
 [-12437808.6625  -9737009.625   21641448.224 ]
 [   897057.8044 -25131225.0624   7690168.6944]]
63552.000
 [[-10421056.441  -24196244.019    3568580.2133]
 [-12685547.9361 -20992892.75    10236802.7256]
 [ 15607744.5489  -9312301.8174  19549764.8866]
 [  6807851.9041 -19524155.0779  16589622.765 ]
 [ 17672408.1897 -19165951.2748   4856565.2321]
 [-12434009.9218  -9740816.4628  21641839.2033]
 [   897826.5843 -25129315.24     7696285.0898]]
63553.000
 [[-10420814.681  -24196766.8852   3565529.1659]
 [-12685629.6426 -20994213.5308  10234002.2338]
 [ 15610059.8133  -9311465.9578  19548352.6115]
 [  6808598.4599 -19522167.2113  16591667.9193]
 [ 17673039.0658 -19166106.887    4853457.6208]
 [-12432110.6806  -9742720.0721  21642034.0202]
 [   898211.1608 -25128359.7871   7699343.0343]]
63555.000
 [[-10420330.8924 -24197811.5696   3559426.8441]
 [-12685793.0277 -20996854.0545  10228400.5982]
 [ 15614689.9756  -9309794.8146  19545526.8322]
 [  6810092.1129 -19518190.8631  16595757.163 ]
 [ 17674299.8989 -19166417.464    4847242.0869]
 [-12428312.4565  -9746527.6715  21642422.3084]
 [   898980.6874 -25126447.798    7705458.4171]]
63556.000
 [[-10420088.8639 -24198333.3878   3556375.5697]
 [-12685874.7061 -20998173.7974  10225599.4545]
 [ 15617004.8734  -9308959.531   19544113.328 ]
 [  6810839.2103 -19516202.3817  16597801.2522]
 [ 17674929.8558 -19166572.4287   4844134.1643]
 [-12426413.4737  -9748431.6616  21642615.7798]
 [   899365.6375 -25125491.2618   7708515.8552]]
63559.000
 [[-10419362.2404 -24199896.746    3547221.2939]
 [-12686119.6847 -21002130.9499  10217194.7207]
 [ 15623948.8324  -9306454.8323  19539870.3578]
 [  6813081.5857 -19510235.7087  16603931.3889]
 [ 17676817.8882 -19167036.0268   4834809.7752]
 [-12420717.0431  -9754144.3926  21643193.5026]
 [   900521.2359 -25122619.4871   7717687.1554]]
63560.000
 [[-10419119.8532 -24200417.1666   3544169.7181]
 [-12686201.3252 -21003449.3084  10214392.7088]
 [ 15626263.2402  -9305620.3168  19538455.2154]
 [  6813829.4052 -19508246.4085  16605974.0572]
 [ 17677446.6195 -19167190.1274   4831701.4388]
 [-12418818.4057  -9756048.8896  21643385.1798]
 [   900906.6847 -25121661.5071   7720743.917 ]]
63562.000
 [[-10418634.8095 -24201456.9598   3538066.3408]
 [-12686364.5772 -21006084.9873  10208788.0343]
 [ 15630891.6881  -9303951.8619  19535623.702 ]
 [  6815325.5862 -19504267.1944  16610058.3279]
 [ 17678703.1633 -19167497.6802   4825484.4559]
 [-12415021.3904  -9759858.2635  21643767.1885]
 [   901677.9568 -25119744.4644   7726856.9326]]
63563.000
 [[-10418392.1528 -24201976.3324   3535014.5394]
 [-12686446.1886 -21007402.3076  10205985.3717]
 [ 15633205.728   -9303117.9223  19534207.3311]
 [  6816073.9478 -19502277.2806  16612099.9302]
 [ 17679330.9758 -19167651.1322   4822375.8095]
 [-12413123.0124  -9761763.1404  21643957.52  ]
 [   902063.7802 -25118785.4017   7729913.1864]]
63564.000
 [[-10418149.4061 -24202495.3556   3531962.6629]
 [-12686527.7901 -21008719.2817  10203182.4924]
 [ 15635519.6451  -9302284.1747  19532790.5508]
 [  6816822.49   -19500287.1624  16614141.1771]
 [ 17679958.4821 -19167804.3679   4819267.06  ]
 [-12411224.7211  -9763668.1439  21644147.403 ]
 [   902449.7286 -25117825.9783   7732969.2708]]
63566.000
 [[-10417663.6428 -24203532.3541   3525858.685 ]
 [-12686690.9637 -21011352.1914  10197576.0837]
 [ 15640147.1106  -9300617.2555  19529955.762 ]
 [  6818320.1165 -19496306.3129  16618222.6043]
 [ 17681212.5759 -19168110.1903   4813049.2518]
 [-12407428.3983  -9767478.5301  21644525.8232]
 [   903222.0004 -25115906.0492   7739080.9309]]
63567.000
 [[-10417420.6262 -24204050.3292   3522806.5839]
 [-12686772.5357 -21012668.1268  10194772.5546]
 [ 15642460.6588  -9299784.084   19528537.7537]
 [  6819069.2008 -19494315.582   16620262.7845]
 [ 17681839.1634 -19168262.7769   4809940.1934]
 [-12405530.3671  -9769383.9128  21644714.3604]
 [   903608.3238 -25114945.5436   7742136.5064]]
63568.000
 [[-10417177.5195 -24204567.955    3519754.4081]
 [-12686854.0976 -21013983.7159  10191968.8091]
 [ 15644774.0839  -9298951.1045  19527119.3362]
 [  6819818.4658 -19492324.6469  16622302.6091]
 [ 17682465.4447 -19168415.147    4806831.0322]
 [-12403632.4227  -9771289.4217  21644902.449 ]
 [   903994.7722 -25113984.6775   7745191.9121]]
63569.000
 [[-10416934.3227 -24205085.2314   3516702.1576]
 [-12686935.6496 -21015298.9587  10189164.8472]
 [ 15647087.3857  -9298118.317   19525700.5094]
 [  6820567.9114 -19490333.5079  16624342.0778]
 [ 17683091.4198 -19168567.3007   4803721.7683]
 [-12401734.5653  -9773195.0568  21645090.089 ]
 [   904381.3458 -25113023.4507   7748247.1479]]
63570.000
 [[-10416691.0358 -24205602.1584   3513649.8327]
 [-12687017.1916 -21016613.8552  10186360.6691]
 [ 15649400.5642  -9297285.7215  19524281.2735]
 [  6821317.5377 -19488342.1649  16626381.1909]
 [ 17683717.0886 -19168719.2378   4800612.4018]
 [-12399836.7948  -9775100.818   21645277.2805]
 [   904768.0445 -25112061.8634   7751302.2137]]
63571.000
 [[-10416447.6586 -24206118.7362   3510597.4331]
 [-12687098.7234 -21017928.4053  10183556.2746]
 [ 15651713.6195  -9296453.318   19522861.6284]
 [  6822067.3449 -19486350.6179  16628419.9481]
 [ 17684342.4513 -19168870.9583   4797502.9326]
 [-12397939.1112  -9777006.7055  21645464.0233]
 [   905154.8685 -25111099.9156   7754357.1096]]
63572.000
 [[-10416204.1911 -24206634.9645   3507544.959 ]
 [-12687180.245  -21019242.6091  10180751.6638]
 [ 15654026.5515  -9295621.1064  19521441.5741]
 [  6822817.3328 -19484358.8669  16630458.3496]
 [ 17684967.5079 -19169022.4621   4794393.3608]
 [-12396041.5146  -9778912.7192  21645650.3175]
 [   905541.8177 -25110137.6072   7757411.8356]]
63573.000
 [[-10415960.6332 -24207150.8436   3504492.4105]
 [-12687261.7563 -21020556.4666  10177946.8369]
 [ 15656339.3601  -9294789.0869  19520021.1107]
 [  6823567.5016 -19482366.9122  16632496.3952]
 [ 17685592.2584 -19169173.7492   4791283.6865]
 [-12394144.0051  -9780818.859   21645836.163 ]
 [   905928.8923 -25109174.9384   7760466.3914]]
63575.000
 [[-10415473.2464 -24208181.5537   3498387.0904]
 [-12687424.7481 -21023183.1423  10172336.5347]
 [ 15660964.6067  -9293125.6236  19517178.9567]
 [  6825068.3816 -19478382.3914  16636571.4187]
 [ 17686840.8412 -19169475.673    4785064.0306]
 [-12390349.2472  -9784631.5167  21646206.5083]
 [   906703.4178 -25107248.5195   7766574.9926]]
63577.000
 [[-10414985.4976 -24209210.8664   3492281.4735]
 [-12687587.6983 -21025808.4323  10166725.3687]
 [ 15665589.3589  -9291462.9282  19514335.1666]
 [  6826569.985  -19474397.056   16640645.0182]
 [ 17688088.1998 -19169776.7294   4778843.9656]
 [-12386554.8382  -9788444.6782  21646575.0591]
 [   907478.445  -25105320.6592   7772682.9125]]
63581.000
 [[-10414008.9128 -24211265.3002   3480069.3507]
 [-12687913.4722 -21031054.8548  10155500.4463]
 [ 15674837.3782  -9288139.8407  19508642.6791]
 [  6829575.3628 -19466423.9431  16648787.944 ]
 [ 17690579.2451 -19170376.2383   4766402.6098]
 [-12378967.0677  -9796072.5118  21647306.7768]
 [   909030.0067 -25101460.6151   7784896.7068]]
63584.000
 [[-10413275.5217 -24212802.4576   3470909.4835]
 [-12688157.6907 -21034986.0327  10147079.4905]
 [ 15681772.0907  -9285649.5406  19504369.0209]
 [  6831831.296  -19460441.9739  16654891.3976]
 [ 17692444.3165 -19170823.5902   4757070.5231]
 [-12373277.1584  -9801794.7067  21647850.8541]
 [   910194.9978 -25098561.8004   7794055.26  ]]
63585.000
 [[-10413030.8762 -24213314.1448   3467856.047 ]
 [-12688239.0752 -21036295.7323  10144272.0742]
 [ 15684083.4133  -9284819.8244  19502943.6506]
 [  6832583.6357 -19458447.5778  16656925.1695]
 [ 17693065.3953 -19170972.2729   4753959.624 ]
 [-12371380.6971  -9803702.3563  21648031.3158]
 [   910583.5799 -25097594.8086   7797107.7695]]
63586.000
 [[-10412786.1397 -24213825.4828   3464802.5369]
 [-12688320.4487 -21037605.0852  10141464.4425]
 [ 15686394.6118  -9283990.3001  19501517.8716]
 [  6833336.1566 -19456452.9785  16658958.585 ]
 [ 17693686.1682 -19171120.7383   4750848.6232]
 [-12369484.3233  -9805610.1315  21648211.3288]
 [   910972.288  -25096627.4569   7800160.108 ]]
63587.000
 [[-10412541.3121 -24214336.4715   3461748.9531]
 [-12688401.8112 -21038914.0916  10138656.5953]
 [ 15688705.686   -9283160.9676  19500091.6839]
 [  6834088.8585 -19454458.1762  16660991.644 ]
 [ 17694306.6354 -19171268.9863   4747737.5207]
 [-12367588.0372  -9807518.0322  21648390.8932]
 [   911361.1221 -25095659.745    7803212.2756]]
63589.000
 [[-10412051.3838 -24215357.4011   3455641.5652]
 [-12688564.5032 -21041531.0645  10133040.2551]
 [ 15693327.4614  -9281502.8784  19497238.0824]
 [  6835594.8058 -19450467.9627  16665056.6927]
 [ 17695546.6524 -19171564.8297   4741515.0112]
 [-12363795.7282  -9811334.2102  21648748.6758]
 [   912139.1685 -25093723.2416   7809316.0974]]
63590.000
 [[-10411806.2829 -24215867.342    3452587.7612]
 [-12688645.8325 -21042839.0309  10130231.7622]
 [ 15695638.1625  -9280674.1215  19495810.6688]
 [  6836348.0511 -19448472.5517  16667088.6822]
 [ 17696166.2023 -19171712.4252   4738403.6042]
 [-12361899.7054  -9813242.4873  21648926.8941]
 [   912528.3809 -25092754.4499   7812367.7516]]
63591.000
 [[-10411561.0908 -24216376.9336   3449533.8839]
 [-12688727.1506 -21044146.6507  10127423.0542]
 [ 15697948.739   -9279845.5566  19494382.8466]
 [  6837101.4775 -19446476.9378  16669120.315 ]
 [ 17696785.4464 -19171859.803    4735292.096 ]
 [-12360003.7704  -9815150.8897  21649104.6636]
 [   912917.7195 -25091785.2985   7815419.2345]]
63592.000
 [[-10411315.8074 -24216886.176    3446479.9334]
 [-12688808.4575 -21045453.9237  10124614.1311]
 [ 15700259.191   -9279017.1835  19492954.6159]
 [  6837855.0851 -19444481.1212  16671151.5912]
 [ 17697404.3849 -19172006.9632   4732180.4864]
 [-12358107.9233  -9817059.4175  21649281.9844]
 [   913307.1842 -25090815.7872   7818470.5461]]
63593.000
 [[-10411070.4328 -24217395.0691   3443425.9097]
 [-12688889.753  -21046760.85    10121804.993 ]
 [ 15702569.5183  -9278189.0023  19491525.9766]
 [  6838608.8739 -19442485.102   16673182.5107]
 [ 17698023.0176 -19172153.9057   4729068.7757]
 [-12356212.1643  -9818968.0705  21649458.8565]
 [   913696.7753 -25089845.9161   7821521.6862]]
63594.000
 [[-10410824.9668 -24217903.6129   3440371.8129]
 [-12688971.0373 -21048067.4295  10118995.64  ]
 [ 15704879.7208  -9277361.013   19490096.929 ]
 [  6839362.8438 -19440488.8801  16675213.0734]
 [ 17698641.3447 -19172300.6304   4725956.9639]
 [-12354316.4932  -9820876.8487  21649635.2799]
 [   914086.4926 -25088875.6853   7824572.6549]]
63595.000
 [[-10410579.4094 -24218411.8075   3437317.6432]
 [-12689052.3102 -21049373.6623  10116186.0721]
 [ 15707189.7986  -9276533.2155  19488667.4729]
 [  6840116.995  -19438492.4557  16677243.2793]
 [ 17699259.3661 -19172447.1374   4722845.051 ]
 [-12352420.9102  -9822785.7521  21649811.2545]
 [   914476.3363 -25087905.0947   7827623.4519]]
63596.000
 [[-10410333.7607 -24218919.6528   3434263.4006]
 [-12689133.5717 -21050679.5481  10113376.2895]
 [ 15709499.7513  -9275705.61    19487237.6084]
 [  6840871.3273 -19436495.8289  16679273.1283]
 [ 17699877.0818 -19172593.4266   4719733.0372]
 [-12350525.4154  -9824694.7805  21649986.7804]
 [   914866.3063 -25086934.1445   7830674.0773]]
63597.000
 [[-10410088.0205 -24219427.1488   3431209.0852]
 [-12689214.8218 -21051985.0871  10110566.2923]
 [ 15711809.5791  -9274878.1964  19485807.3356]
 [  6841625.8407 -19434498.9998  16681302.6203]
 [ 17700494.4918 -19172739.4979   4716620.9226]
 [-12348630.0089  -9826603.9338  21650161.8575]
 [   915256.4027 -25085962.8347   7833724.5308]]
63598.000
 [[-10409842.1889 -24219934.2955   3428154.6971]
 [-12689296.0604 -21053290.2793  10107756.0804]
 [ 15714119.2819  -9274050.9747  19484376.6545]
 [  6842380.5354 -19432501.9683  16683331.7554]
 [ 17701111.5962 -19172885.3513   4713508.7072]
 [-12346734.6905  -9828513.2123  21650336.4859]
 [   915646.6256 -25084991.1653   7836774.8126]]
63599.000
 [[-10409596.2655 -24220441.0931   3425100.236 ]
 [-12689377.2873 -21054595.1246  10104945.6538]
 [ 15716428.8597  -9273223.9447  19482945.565 ]
 [  6843135.4114 -19430504.7344  16685360.5335]
 [ 17701728.3951 -19173030.9867   4710396.3908]
 [-12344839.4604  -9830422.6157  21650510.6655]
 [   916036.975  -25084019.1362   7839824.9226]]
63601.000
 [[-10409104.1439 -24221453.6405   3418991.0958]
 [-12689539.7061 -21057203.7748  10099324.1567]
 [ 15721047.6401  -9271570.4603  19480082.1612]
 [  6844645.7075 -19426509.6598  16689417.0188]
 [ 17702961.0763 -19173321.6032   4704171.4559]
 [-12341049.2648  -9834241.7977  21650857.6785]
 [   916818.0538 -25082073.9995   7845924.6271]]
63602.000
 [[-10408857.9455 -24221959.3903   3415936.4168]
 [-12689620.8979 -21058507.5795  10096513.0865]
 [ 15723356.8425  -9270744.0058  19478649.847 ]
 [  6845401.1275 -19424511.8192  16691444.7259]
 [ 17703576.9587 -19173466.5843   4701058.8375]
 [-12339154.2996  -9836151.576   21651030.5118]
 [   917208.7832 -25081100.8919   7848974.2214]]
63603.000
 [[-10408611.6553 -24222464.791    3412881.6653]
 [-12689702.0779 -21059811.0374  10093701.8018]
 [ 15725665.9197  -9269917.7431  19477217.1246]
 [  6846156.7289 -19422513.7766  16693472.0758]
 [ 17704192.5355 -19173611.3472   4697946.1185]
 [-12337259.4228  -9838061.4791  21651202.8964]
 [   917599.6393 -25080127.4248   7852023.6436]]
63604.000
 [[-10408365.2733 -24222969.8424   3409826.8414]
 [-12689783.246  -21061114.1483  10090890.3028]
 [ 15727974.8714  -9269091.6723  19475783.994 ]
 [  6846912.5116 -19420515.5319  16695499.0685]
 [ 17704807.8069 -19173755.8919   4694833.2991]
 [-12335364.6344  -9839971.507   21651374.8321]
 [   917990.6222 -25079153.5983   7855072.8936]]
63607.000
 [[-10407625.576  -24224482.9013   3400661.9358]
 [-12690026.6789 -21065021.3989  10082454.5207]
 [ 15734900.9738  -9266614.6108  19471482.1537]
 [  6849180.9481 -19414519.5866  16701577.9029]
 [ 17706651.7883 -19174188.2162   4685494.2389]
 [-12329680.8009  -9845702.3388  21651887.9467]
 [   919164.3318 -25076229.9628   7864219.6099]]
63609.000
 [[-10407131.9846 -24225489.8611   3394551.6378]
 [-12690188.9074 -21067624.4975  10076829.5954]
 [ 15739517.7473  -9264964.1955  19468612.2201]
 [  6850694.1461 -19410521.2808  16705628.6724]
 [ 17707879.5823 -19174475.3404   4679267.6977]
 [-12325892.0219  -9849523.5164  21652227.779 ]
 [   919947.4395 -25074279.0761   7870316.5586]]
63610.000
 [[-10406885.0507 -24225992.8172   3391496.3807]
 [-12690270.0034 -21068925.5262  10074016.8117]
 [ 15741825.9455  -9264139.2756  19467176.6413]
 [  6851451.0173 -19408521.8253  16707653.521 ]
 [ 17708493.0212 -19174618.5748   4676154.277 ]
 [-12323997.7655  -9851434.292   21652397.022 ]
 [   920339.1839 -25073303.0939   7873364.7742]]
63611.000
 [[-10406638.0247 -24226495.4241   3388441.0516]
 [-12690351.0872 -21070226.2079  10071203.8142]
 [ 15744134.0179  -9263314.5475  19465740.6545]
 [  6852208.0699 -19406522.1683  16709678.012 ]
 [ 17709106.1548 -19174761.5906   4673040.7563]
 [-12322103.5979  -9853345.1921  21652565.8161]
 [   920731.0553 -25072326.7526   7876412.8171]]
63614.000
 [[-10405896.3934 -24228001.1497   3379274.6333]
 [-12690594.2649 -21074126.1701  10062763.5387]
 [ 15751057.4796  -9260841.5138  19461430.2471]
 [  6854480.317  -19400521.9882  16715749.3399]
 [ 17710943.7237 -19175189.3261   4663699.5948]
 [-12316421.6285  -9859078.6387  21653069.5056]
 [   921907.4326 -25069395.5738   7885555.9094]]
63615.000
 [[-10405648.9983 -24228502.3598   3376219.017 ]
 [-12690675.2993 -21075425.4632  10059949.6862]
 [ 15753365.0481  -9260017.5528  19459992.629 ]
 [  6855238.0957 -19398521.5254  16717772.4005]
 [ 17711555.6361 -19175331.4671   4660585.6748]
 [-12314527.8166  -9860990.0362  21653236.5044]
 [   922299.8128 -25068417.7962   7888603.2611]]
63618.000
 [[-10404906.2587 -24230003.8951   3367051.7387]
 [-12690918.3278 -21079321.2593  10051506.8473]
 [ 15760286.9965  -9257546.8205  19455677.3283]
 [  6857512.5213 -19392518.9294  16723839.4359]
 [ 17713389.542  -19175756.5773   4651243.3172]
 [-12308846.9156  -9866724.9739  21653734.8077]
 [   923477.7174 -25065482.3094   7897744.2779]]
63619.000
 [[-10404658.4939 -24230503.7085   3363995.8362]
 [-12690999.3121 -21080619.1636  10048692.1407]
 [ 15762594.0602  -9256723.6266  19454238.0793]
 [  6858271.0264 -19390517.6618  16725861.0655]
 [ 17714000.2336 -19175897.8429   4648128.999 ]
 [-12306953.4602  -9868636.8682  21653900.0111]
 [   923870.6071 -25064503.096    7900790.9374]]
63620.000
 [[-10404410.6364 -24231003.1728   3360939.8622]
 [-12691080.2838 -21081916.7206  10045877.2206]
 [ 15764900.9975  -9255900.6244  19452798.4226]
 [  6859029.7131 -19388516.193   16727882.3371]
 [ 17714610.6201 -19176038.8894   4645014.5813]
 [-12305060.094   -9870548.8866  21654064.7657]
 [   924263.6244 -25063523.5237   7903837.4236]]
63621.000
 [[-10404162.6863 -24231502.2879   3357883.817 ]
 [-12691161.2426 -21083213.9304  10043062.0873]
 [ 15767207.8084  -9255077.8139  19451358.3583]
 [  6859788.5815 -19386514.5232  16729903.2509]
 [ 17715220.7015 -19176179.7169   4641900.0642]
 [-12303166.817   -9872461.029   21654229.0713]
 [   924656.7691 -25062543.5925   7906883.7365]]
63622.000
 [[-10403914.6435 -24232001.0539   3354827.7004]
 [-12691242.1887 -21084510.7929  10040246.7407]
 [ 15769514.4928  -9254255.1952  19449917.8864]
 [  6860547.6316 -19384512.6524  16731923.8067]
 [ 17715830.4778 -19176320.3253   4638785.4479]
 [-12301273.6294  -9874373.2955  21654392.9281]
 [   925050.0415 -25061563.3026   7909929.8761]]
63623.000
 [[-10403666.5079 -24232499.4707   3351771.5127]
 [-12691323.122  -21085807.3081  10037431.1809]
 [ 15771821.0506  -9253432.7682  19448477.007 ]
 [  6861306.8634 -19382510.5808  16733944.0045]
 [ 17716439.949  -19176460.7145   4635670.7324]
 [-12299380.5311  -9876285.6859  21654556.336 ]
 [   925443.4416 -25060582.6539   7912975.8422]]
63624.000
 [[-10403418.2796 -24232997.5384   3348715.2538]
 [-12691404.0424 -21087103.4761  10034615.4079]
 [ 15774127.4819  -9252610.5329  19447035.72  ]
 [  6862066.2769 -19380508.3083  16735963.8443]
 [ 17717049.1151 -19176600.8845   4632555.9177]
 [-12297487.5222  -9878198.2002  21654719.2951]
 [   925836.9693 -25059601.6465   7916021.6349]]
63625.000
 [[-10403169.9585 -24233495.257    3345658.9238]
 [-12691484.9498 -21088399.2966  10031799.4219]
 [ 15776433.7864  -9251788.4894  19445594.0256]
 [  6862825.8721 -19378505.835   16737983.3259]
 [ 17717657.9762 -19176740.8353   4629441.0039]
 [-12295594.6027  -9880110.8384  21654881.8052]
 [   926230.6247 -25058620.2804   7919067.254 ]]
63627.000
 [[-10402673.0376 -24234489.6466   3339546.0509]
 [-12691646.7257 -21090989.8956  10026166.8109]
 [ 15781046.0151  -9250144.9774  19442709.4144]
 [  6864345.6077 -19374500.2864  16742021.2147]
 [ 17718874.7833 -19177020.079    4623210.8795]
 [-12291809.0325  -9883936.4862  21655205.4788]
 [   927018.3189 -25056656.4723   7925157.9711]]
63630.000
 [[-10401926.959  -24235978.6125   3330376.2103]
 [-12691889.2912 -21094873.1884  10017716.298 ]
 [ 15787963.4065  -9247681.1474  19438379.4421]
 [  6866626.5745 -19368490.4592  1674