67324.000
 [[ 10967464.5385 -11124682.2484  21460847.0942]
 [ 12056196.5877 -23451471.11    -1721436.8313]
 [ -6227852.5897 -17377876.5335  19213305.6892]
 [  3573061.7198 -19356662.8058  17471603.8297]]
67324.000
 [[ 10967464.5385 -11124682.2484  21460847.0942]
 [ 12056196.5877 -23451471.11    -1721436.8313]
 [ -6227852.5897 -17377876.5335  19213305.6892]
 [  3573061.7198 -19356662.8058  17471603.8297]]
67324.000
 [[ 10967464.5385 -11124682.2484  21460847.0942]
 [ 12056196.5877 -23451471.11    -1721436.8313]
 [ -6227852.5897 -17377876.5335  19213305.6892]
 [  3573061.7198 -19356662.8058  17471603.8297]]
67324.000
 [[ 10967464.5385 -11124682.2484  21460847.0942]
 [ 12056196.5877 -23451471.11    -1721436.8313]
 [ -6227852.5897 -17377876.5335  19213305.6892]
 [  3573061.7198 -19356662.8058  17471603.8297]]
67324.000
 [[ 10967464.5385 -11124682.2484  21460847.0942]
 [ 12056196.5877 -23451471.11    -1721436.8313]
 [ -6227852.5897 -17377876.5335  19213305.6892]
 [  3573061.7198 -19356662.8058  17471603.8297]]
67324.000
 [[ 10967464.5385 -11124682.2484  21460847.0942]
 [ 12056196.5877 -23451471.11    -1721436.8313]
 [ -6227852.5897 -17377876.5335  19213305.6892]
 [  3573061.7198 -19356662.8058  17471603.8297]]
67324.000
 [[ 10967464.5385 -11124682.2484  21460847.0942]
 [ 12056196.5877 -23451471.11    -1721436.8313]
 [ -6227852.5897 -17377876.5335  19213305.6892]
 [  3573061.7198 -19356662.8058  17471603.8297]]
67324.000
 [[ 10967464.5385 -11124682.2484  21460847.0942]
 [ 12056196.5877 -23451471.11    -1721436.8313]
 [ -6227852.5897 -17377876.5335  19213305.6892]
 [  3573061.7198 -19356662.8058  17471603.8297]]
67324.000
 [[ 10967464.5385 -11124682.2484  21460847.0942]
 [ 12056196.5877 -23451471.11    -1721436.8313]
 [ -6227852.5897 -17377876.5335  19213305.6892]
 [  3573061.7198 -19356662.8058  17471603.8297]]
67535.000
 [[-14056286.7068  -6285360.4347  21605650.5896]
 [ 11276467.0325 -10637170.1551  21550421.4506]
 [ 12119909.5267 -23456510.3368  -1041724.14  ]
 [ -5953308.9262 -17800882.4372  18897280.822 ]
 [  3810453.9118 -18935983.6867  17882973.0793]]
67537.000
 [[-14053689.1703  -6290219.4816  21605923.4765]
 [ 11279429.6492 -10632558.0905  21551172.8173]
 [ 12120471.0937 -23456485.8746  -1035275.5372]
 [ -5950748.5008 -17804872.8579  18894199.9659]
 [  3812753.0358 -18931964.2208  17886789.6768]]
67539.000
 [[-14051092.1503  -6295078.8831  21606194.5188]
 [ 11282392.8901 -10627946.2102  21551922.3474]
 [ 12121031.8782 -23456460.0475  -1028826.8449]
 [ -5948188.8638 -17808862.9019  18891117.5154]
 [  3815053.0801 -18927944.1735  17890604.7106]]
67540.000
 [[-14049793.8342  -6297508.7167  21606329.3482]
 [ 11283874.7445 -10625640.3393  21552296.4237]
 [ 12121311.9772 -23456446.6221  -1025602.4654]
 [ -5946909.3409 -17810857.7824  18889575.6922]
 [  3816203.4475 -18925933.932   17892511.641 ]]
67541.000
 [[-14048495.6473  -6299938.6387  21606463.7165]
 [ 11285356.7549 -10623334.5148  21552670.0409]
 [ 12121591.8806 -23456432.8554  -1022378.0636]
 [ -5945630.0152 -17812852.5687  18888033.4706]
 [  3817354.0449 -18923923.5453  17894418.1804]]
67543.000
 [[-14045899.6615  -6304798.7479  21606731.0695]
 [ 11288321.2433 -10618723.0047  21553415.8975]
 [ 12122151.1013 -23456404.2979  -1015929.1939]
 [ -5943071.955  -17816841.8577  18884947.8319]
 [  3819655.9301 -18919902.3368  17898230.0859]]
67544.000
 [[-14044601.8627  -6307228.9349  21606864.0542]
 [ 11289803.7212 -10616417.3194  21553788.137 ]
 [ 12122430.4186 -23456389.5071  -1012704.7261]
 [ -5941793.2206 -17818836.3604  18883404.415 ]
 [  3820807.2178 -18917891.5152  17900135.4518]]
67545.000
 [[-14043304.1932  -6309659.2101  21606996.5778]
 [ 11291286.355  -10614111.6805  21554159.9174]
 [ 12122709.5406 -23456374.3749  -1009480.2364]
 [ -5940514.6834 -17820830.7685  18881860.5996]
 [  3821958.7357 -18915880.5487  17902040.4266]]
67546.000
 [[-14042006.6532  -6312089.5734  21607128.6402]
 [ 11292769.1446 -10611806.0883  21554531.2385]
 [ 12122988.4673 -23456358.9013  -1006255.7248]
 [ -5939236.3433 -17822825.0818  18880316.3859]
 [  3823110.4836 -18913869.4374  17903945.0101]]
67548.000
 [[-14039411.9616  -6316950.5643  21607391.3814]
 [ 11295735.1909 -10607195.0438  21555272.503 ]
 [ 12123545.7351 -23456326.9296   -999806.6366]
 [ -5936680.2546 -17826813.4243  18877226.7635]
 [  3825414.6698 -18909846.7807  17907753.0031]]
67549.000
 [[-14038114.8101  -6319381.1918  21607522.0602]
 [ 11297218.4476 -10604889.5917  21555642.4464]
 [ 12123824.0763 -23456310.4315   -996582.0601]
 [ -5935402.506  -17828807.4533  18875681.3549]
 [  3826567.108  -18907835.2354  17909656.4126]]
67550.000
 [[-14036817.7882  -6321811.9071  21607652.2779]
 [ 11298701.86   -10602584.1865  21556011.9305]
 [ 12124102.2224 -23456293.5918   -993357.462 ]
 [ -5934124.9546 -17830801.3872  18874135.5481]
 [  3827719.7764 -18905823.5456  17911559.4306]]
67552.000
 [[-14034224.1332  -6326673.6013  21607911.3296]
 [ 11301669.1516 -10597973.5167  21556749.521 ]
 [ 12124657.9296 -23456258.8877   -986908.2015]
 [ -5931570.4433 -17834788.9702  18871042.7398]
 [  3830025.8034 -18901799.7327  17915364.2923]]
67553.000
 [[-14032927.5002  -6329104.5801  21608040.1637]
 [ 11303153.0308 -10595668.2522  21557117.6274]
 [ 12124935.4907 -23456241.0231   -983683.5392]
 [ -5930293.4834 -17836782.619   18869495.7385]
 [  3831179.1621 -18899787.6098  17917266.1358]]
67554.000
 [[-14031630.9969  -6331535.6465  21608168.5365]
 [ 11304637.0654 -10593363.0349  21557485.2745]
 [ 12125212.8569 -23456222.817    -980458.8557]
 [ -5929016.7207 -17838776.1727  18867948.339 ]
 [  3832332.7509 -18897775.3426  17919167.5877]]
67556.000
 [[-14029038.3796  -6336398.0422  21608423.8986]
 [ 11307605.6013 -10588752.7417  21558219.1908]
 [ 12125767.0048 -23456185.3795   -974009.4252]
 [ -5926463.787  -17842762.994   18864852.346 ]
 [  3834640.6189 -18893750.3758  17922969.3166]]
67557.000
 [[-14027742.2656  -6338829.3713  21608550.8879]
 [ 11309090.1024 -10586447.666   21558585.46  ]
 [ 12126043.7866 -23456166.1482   -970784.6784]
 [ -5925187.616  -17844756.2617  18863303.7524]
 [  3835794.898  -18891737.6763  17924869.5935]]
67558.000
 [[-14026446.2815  -6341260.7879  21608677.4159]
 [ 11310574.7589 -10584142.6375  21558951.2699]
 [ 12126320.3736 -23456146.5751   -967559.9105]
 [ -5923911.6422 -17846749.434   18861754.7608]
 [  3836949.4073 -18889724.8327  17926769.4787]]
67560.000
 [[-14023854.7029  -6346123.8833  21608929.0883]
 [ 11313544.5382 -10579532.7227  21559681.5117]
 [ 12126872.9638 -23456106.4033   -961110.3121]
 [ -5921360.2861 -17850735.492   18858655.5837]
 [  3839259.1164 -18885698.714   17930568.0737]]
67561.000
 [[-14022559.1085  -6348555.5619  21609054.2327]
 [ 11315029.6608 -10577227.8364  21560045.9437]
 [ 12127148.967  -23456085.8046   -957885.4817]
 [ -5920084.9039 -17852728.3776  18857105.3983]
 [  3840414.3162 -18883685.4389  17932466.7834]]
