66135.000 [  856538.8140234  -4842967.95777944  4047985.25501628] [-0.30901699  0.95105652  0.        ]
66136.000 [  856538.8058234  -4842967.94847944  4047985.25291628] [-0.30901699  0.95105652  0.        ]
66137.000 [  856538.8179234  -4842967.94117944  4047985.24951628] [-0.30901699  0.95105652  0.        ]
66139.000 [  856538.99882338 -4842967.87417945  4047985.24801628] [-0.30901699  0.95105652  0.        ]
66140.000 [  856539.08602337 -4842967.85837946  4047985.24021628] [-0.30901699  0.95105652  0.        ]
66141.000 [  856539.99597664 -4842968.90752053  4047983.77758372] [ 0.30901699 -0.95105652  0.        ]
66142.000 [  856539.28212334 -4842967.77347947  4047985.26131628] [-0.30901699  0.95105652  0.        ]
66143.000 [  856539.26592335 -4842967.79087947  4047985.25731628] [-0.30901699  0.95105652  0.        ]
66144.000 [  856539.26352335 -4842967.77587947  4047985.24721628] [-0.30901699  0.95105652  0.        ]
66145.000 [  856540.18327667 -4842968.82952052  4047983.80778373] [ 0.30901699 -0.95105652  0.        ]
66146.000 [  856539.49002332 -4842967.69097948  4047985.30731627] [-0.30901699  0.95105652  0.        ]
66147.000 [  856539.53292331 -4842967.70357949  4047985.29441627] [-0.30901699  0.95105652  0.        ]
66148.000 [  856539.45822332 -4842967.73047948  4047985.29661627] [-0.30901699  0.95105652  0.        ]
66149.000 [  856539.57052331 -4842967.71047949  4047985.30491627] [-0.30901699  0.95105652  0.        ]
66151.000 [  856539.78492329 -4842967.6240795   4047985.32711627] [-0.30901699  0.95105652  0.        ]
66152.000 [  856540.70167673 -4842968.69782049  4047983.89128373] [ 0.30901699 -0.95105652  0.        ]
66152.000 [  856540.70167673 -4842968.69782049  4047983.89128373] [ 0.30901699 -0.95105652  0.        ]
66153.000 [  856540.79037674 -4842968.66862048  4047983.89048373] [ 0.30901699 -0.95105652  0.        ]
66153.000 [  856540.79037674 -4842968.66862048  4047983.89048373] [ 0.30901699 -0.95105652  0.        ]
66154.000 [  856540.89977675 -4842968.62032047  4047983.88368374] [ 0.30901699 -0.95105652  0.        ]
66154.000 [  856540.89977675 -4842968.62032047  4047983.88368374] [ 0.30901699 -0.95105652  0.        ]
66155.000 [  856540.92477675 -4842968.60272047  4047983.87938374] [ 0.30901699 -0.95105652  0.        ]
66155.000 [  856540.92477675 -4842968.60272047  4047983.87938374] [ 0.30901699 -0.95105652  0.        ]
66155.000 [  856540.92477675 -4842968.60272047  4047983.87938374] [ 0.30901699 -0.95105652  0.        ]
