60650.000
 [[-12607532.1672 -15818978.6464  17221205.437 ]
 [  5296696.3386 -24212158.6383   9357324.5598]
 [  8635059.7532 -12526791.3557  21822084.8781]
 [ 14764591.5209   3939035.4327  21578286.7673]
 [-10942050.676  -21231214.4303  11849226.5556]
 [ 14506788.4582 -18018831.8553  13179080.9619]
 [ 20217972.9592 -16592627.1754   4403887.6836]
 [   101539.9942 -26284410.7728  -1606975.2414]]
60659.000
 [[-12606723.9064 -15838703.7636  17203722.0393]
 [  5299768.0225 -24201550.8154   9383093.7451]
 [  8656669.1955 -12514559.6863  21820908.9319]
 [ 14765161.8487   3963988.9282  21573575.0819]
 [-10940399.2123 -21244699.0626  11826071.2687]
 [ 14520750.3602 -18023852.9028  13156178.4516]
 [ 20223608.8589 -16593095.5571   4375922.1891]
 [   103684.3485 -26285994.2994  -1577681.7585]]
60669.000
 [[-12605837.0988 -15860597.8112  17184261.2949]
 [  5303189.2406 -24189732.0166   9411707.0571]
 [  8680685.4707 -12500983.3705  21819558.4374]
 [ 14765811.1768   3991708.0281  21568295.6867]
 [-10938568.6609 -21259652.8142  11800319.5429]
 [ 14536234.0551 -18029426.2547  13130704.815 ]
 [ 20229839.4289 -16593599.3391   4344840.5366]
 [   106064.3902 -26287715.8382  -1545130.1745]]
60673.000
 [[-12605485.6871 -15869348.7148  17176466.7644]
 [  5304560.1653 -24184994.9751   9423146.7352]
 [  8690293.6735 -12495557.103   21819005.3052]
 [ 14766075.5125   4002793.5891  21566170.907 ]
 [-10937837.73   -21265625.7101  11790011.899 ]
 [ 14542418.8266 -18031653.9358  13120507.5893]
 [ 20232322.3643 -16593795.936    4332405.2716]
 [   107015.6603 -26288393.2712  -1532108.5917]]
60682.000
 [[-12604701.9145 -15889024.1923  17158907.7113]
 [  5307649.8569 -24174316.7528   9448874.1842]
 [  8711915.6377 -12483356.9138  21817733.7365]
 [ 14766679.883    4027731.7254  21561362.9528]
 [-10936195.8119 -21279046.733   11766805.1976]
 [ 14556316.3632 -18036662.7261  13097547.6201]
 [ 20237889.5603 -16594227.9866   4304420.5163]
 [   109154.4817 -26289894.1279  -1502808.0808]]
60692.000
 [[-12603842.2431 -15910862.9712  17139362.9963]
 [  5311091.1799 -24162419.8025   9477440.9886]
 [  8735945.6958 -12469815.6446  21816277.0049]
 [ 14767367.012    4055433.6091  21555976.6198]
 [ 22502009.3641  -1791418.7137  13968803.9557]
 [-10934375.7738 -21293929.7387  11740996.4617]
 [ 14571728.5037 -18042222.337   13072010.2558]
 [ 20244043.8264 -16594691.2929   4273317.608 ]
 [   111528.4942 -26291523.7938  -1470248.8432]]
60701.000
 [[-12603078.58   -15930497.2546  17121741.5955]
 [  5314195.905  -24151683.5401   9503133.739 ]
 [  8757577.7889 -12457641.5738  21814926.4607]
 [ 14767999.4646   4080358.8091  21551089.185 ]
 [ 22488746.4484  -1782409.3027  13991290.499 ]
 [-10932741.5888 -21307298.1013  11717747.4808]
 [ 14585572.8069 -18047220.802   13049003.0111]
 [ 20249554.3222 -16595093.1542   4245317.1811]
 [   113662.9392 -26292956.3296  -1440942.7828]]
60706.000
 [[-12602658.4238 -15941396.7353  17111939.1857]
 [  5315923.8488 -24145707.0846   9517400.3601]
 [  8769597.6651 -12450883.5607  21814159.996 ]
 [ 14768356.57     4094203.4642  21548357.6811]
 [ 22481370.6886  -1777395.5504  14003772.5891]
 [-10931835.2721 -21314714.1771  11704822.7504]
 [ 14593253.1833 -18049995.5888  13036211.5557]
 [ 20252604.1104 -16595310.2096   4229758.2102]
 [   114847.8702 -26293738.1956  -1424660.5337]]
60710.000
 [[-12602324.4043 -15950111.9663  17104090.709 ]
 [  5317307.801  -24140919.8216   9528809.9838]
 [  8779214.6122 -12445479.9099  21813538.5126]
 [ 14768645.2064   4105277.8034  21546164.116 ]
 [ 22475466.2437  -1773380.1633  14013752.8894]
 [-10931111.0185 -21320641.4842  11694478.5336]
 [ 14599391.8754 -18052214.3127  13025973.4328]
 [ 20255037.9778 -16595480.6596   4217309.4062]
 [   115795.3726 -26294356.4941  -1411634.1742]]
60714.000
 [[-12601992.2539 -15958823.3238  17096236.414 ]
 [  5318693.1761 -24136127.1399   9540216.3385]
 [  8788832.4851 -12440078.7144  21812909.6415]
 [ 14768936.4661   4116350.907   21543963.1188]
 [ 22469558.3923  -1769360.8769  14023728.4112]
 [-10930387.4726 -21326563.8525  11684130.3806]
 [ 14605525.5804 -18054432.0499  13015730.9059]
 [ 20257466.5457 -16595648.2667   4204859.1603]
 [   116742.4856 -26294968.3973  -1398607.3215]]
