67324.000 [  856539.69652329 -4842967.38197949  4047985.21231626] [-0.30901699  0.95105652  0.        ]
67324.000 [  856539.69652329 -4842967.38197949  4047985.21231626] [-0.30901699  0.95105652  0.        ]
67324.000 [  856539.69652329 -4842967.38197949  4047985.21231626] [-0.30901699  0.95105652  0.        ]
67324.000 [  856539.69652329 -4842967.38197949  4047985.21231626] [-0.30901699  0.95105652  0.        ]
67324.000 [  856539.69652329 -4842967.38197949  4047985.21231626] [-0.30901699  0.95105652  0.        ]
67324.000 [  856539.69652329 -4842967.38197949  4047985.21231626] [-0.30901699  0.95105652  0.        ]
67324.000 [  856539.69652329 -4842967.38197949  4047985.21231626] [-0.30901699  0.95105652  0.        ]
67324.000 [  856539.69652329 -4842967.38197949  4047985.21231626] [-0.30901699  0.95105652  0.        ]
67324.000 [  856539.69652329 -4842967.38197949  4047985.21231626] [-0.30901699  0.95105652  0.        ]
67535.000 [  856539.95348788 -4842968.84285716  4047984.19648376] [-0.30901699 -0.95105652  0.        ]
67537.000 [  856539.95778788 -4842968.84805716  4047984.19518376] [-0.30901699 -0.95105652  0.        ]
67539.000 [  856539.96478788 -4842968.85335716  4047984.20208376] [-0.30901699 -0.95105652  0.        ]
67540.000 [  856539.96658788 -4842968.85925716  4047984.19868375] [-0.30901699 -0.95105652  0.        ]
67541.000 [  856539.97338788 -4842968.87285716  4047984.20918375] [-0.30901699 -0.95105652  0.        ]
67543.000 [  856539.97308788 -4842968.88075715  4047984.21628375] [-0.30901699 -0.95105652  0.        ]
67544.000 [  856539.97828788 -4842968.89355716  4047984.22098375] [-0.30901699 -0.95105652  0.        ]
67545.000 [  856539.97668788 -4842968.89205716  4047984.22158375] [-0.30901699 -0.95105652  0.        ]
67546.000 [  856539.98408788 -4842968.90235715  4047984.22508375] [-0.30901699 -0.95105652  0.        ]
67548.000 [  856540.12858791 -4842968.65665715  4047983.93718375] [-0.30901699 -0.95105652  0.        ]
67549.000 [  856539.98308788 -4842968.90155716  4047984.24018375] [-0.30901699 -0.95105652  0.        ]
67550.000 [  856539.98218788 -4842968.90215716  4047984.24908376] [-0.30901699 -0.95105652  0.        ]
67552.000 [  856539.97788788 -4842968.89725716  4047984.25098376] [-0.30901699 -0.95105652  0.        ]
67553.000 [  856539.97678788 -4842968.89205716  4047984.25538376] [-0.30901699 -0.95105652  0.        ]
67554.000 [  856539.97788788 -4842968.89275716  4047984.25708376] [-0.30901699 -0.95105652  0.        ]
67556.000 [  856539.98458789 -4842968.87555716  4047984.25908376] [-0.30901699 -0.95105652  0.        ]
67557.000 [  856539.98028789 -4842968.86345716  4047984.26018376] [-0.30901699 -0.95105652  0.        ]
67558.000 [  856539.98708789 -4842968.86495716  4047984.26668376] [-0.30901699 -0.95105652  0.        ]
67560.000 [  856539.99028789 -4842968.86425716  4047984.26848376] [-0.30901699 -0.95105652  0.        ]
67561.000 [  856539.98788789 -4842968.85135716  4047984.27138376] [-0.30901699 -0.95105652  0.        ]
