67919.000
 [[ 17941408.4776 -17238249.7367  -8765175.0427]
 [-13567337.0767  -7224254.416   21624203.2422]
 [-12233188.1352 -23392694.3236  -3186981.6753]
 [  2592491.9916 -23444271.2186 -12015752.5841]
 [ 11856443.1134  -9755587.0634  21660946.8289]
 [ 23751685.0526  -7259757.3421  10019252.0345]
 [ 12213806.5906 -23426531.1034    197400.9599]
 [ -5476206.8166 -18559557.8322  18276812.0812]
 [  4268770.922  -18154217.3619  18586715.2544]]
67920.000
 [[ 17941031.6123 -17237120.5374  -8768090.1944]
 [-13566090.2105  -7226713.6387  21624162.7086]
 [-12232741.2643 -23392501.6723  -3190120.2794]
 [ 11857981.9502  -9753303.0433  21661145.9717]
 [ 23752939.8411  -7259563.5352  10016447.0534]
 [ 12214015.7074 -23426386.0255    200628.7412]
 [ -5475002.5059 -18561512.3778  18275121.0981]
 [  4270008.7674 -18152156.8636  18588470.7226]]
67922.000
 [[ 17940277.4934 -17234861.1261  -8773919.9266]
 [-13563596.902   -7231632.2822  21624080.2567]
 [-12231846.8552 -23392115.4505  -3196397.2847]
 [  2595176.8581 -23448082.5947 -12007727.5771]
 [ 11861060.0548  -9748735.2091  21661542.8732]
 [ 23755448.403   -7259176.134   10010836.4675]
 [ 12214433.4074 -23426094.8155    207084.2908]
 [ -5472594.4798 -18565421.115   18271737.973 ]
 [  4272485.1483 -18148035.5094  18591980.4412]]
67923.000
 [[ 17939900.2399 -17233730.914   -8776834.507 ]
 [-13562350.4597  -7234091.7029  21624038.3384]
 [-12231399.3168 -23391921.88    -3199535.6857]
 [  2596071.3592 -23449352.5561 -12005052.0585]
 [ 11862599.3225  -9746451.395   21661740.6321]
 [ 23756702.1763  -7258982.5396  10008030.8628]
 [ 12214641.9907 -23425948.6834    210312.059 ]
 [ -5471390.7644 -18567375.3066  18270045.831 ]
 [  4273723.6837 -18145974.6535  18593734.6916]]
67924.000
 [[ 17939522.857  -17232600.3642  -8779748.8966]
 [-13561104.1588  -7236551.1894  21623995.9586]
 [-12230951.5559 -23391728.0032  -3202674.0188]
 [  2596965.6331 -23450622.2688 -12002376.2819]
 [ 11864138.7339  -9744167.6498  21661937.9296]
 [ 23757955.6112  -7258789.0161  10005225.0505]
 [ 12214850.3962 -23425802.2       213539.8226]
 [ -5470187.2474 -18569329.38    18268353.3029]
 [  4274962.4492 -18143913.6786  18595488.5358]]
67925.000
 [[ 17939145.3449 -17231469.4769  -8782663.0956]
 [-13559857.9994  -7239010.7417  21623953.1172]
 [-12230503.5724 -23391533.8201  -3205812.284 ]
 [ 11865678.2887  -9741883.9734  21662134.7659]
 [ 23759208.7077  -7258595.5633  10002419.0304]
 [ 12215058.6241 -23425655.3651    216767.5816]
 [ -5468983.929  -18571283.3352  18266660.3886]
 [  4276201.4446 -18141852.5847  18597241.974 ]]
