68473.000 [  856539.38623162 -4842968.1286989   4047985.12949635] [-0.80901699  0.58778525  0.        ]
68474.000 [  856539.38123162 -4842968.1199989   4047985.12379635] [-0.80901699  0.58778525  0.        ]
68476.000 [  856539.38383162 -4842968.1156989   4047985.12779635] [-0.80901699  0.58778525  0.        ]
68477.000 [  856539.39383162 -4842968.1182989   4047985.13639635] [-0.80901699  0.58778525  0.        ]
68479.000 [  856539.39463162 -4842968.1130989   4047985.15289635] [-0.80901699  0.58778525  0.        ]
68480.000 [  856539.39313162 -4842968.1196989   4047985.15989635] [-0.80901699  0.58778525  0.        ]
68481.000 [  856539.39903162 -4842968.1342989   4047985.16069635] [-0.80901699  0.58778525  0.        ]
68482.000 [  856539.40943162 -4842968.1401989   4047985.17289635] [-0.80901699  0.58778525  0.        ]
68483.000 [  856539.41233162 -4842968.1566989   4047985.17259635] [-0.80901699  0.58778525  0.        ]
68484.000 [  856539.41783162 -4842968.1708989   4047985.18219635] [-0.80901699  0.58778525  0.        ]
68485.000 [  856541.27281741 -4842968.23454026  4047984.7325    ] [ 1.  0.  0.]
68492.000 [  856541.05143786 -4842967.96600252  4047985.22429635] [ 0.80901699  0.58778525  0.        ]
68500.000 [  856541.03903787 -4842968.00090252  4047985.24319635] [ 0.80901699  0.58778525  0.        ]
68502.000 [  856541.05423787 -4842968.02160252  4047985.25039635] [ 0.80901699  0.58778525  0.        ]
68503.000 [  856541.05693786 -4842968.03560252  4047985.26039635] [ 0.80901699  0.58778525  0.        ]
68504.000 [  856541.05653786 -4842968.03350252  4047985.26659635] [ 0.80901699  0.58778525  0.        ]
68505.000 [  856541.06343786 -4842968.03350252  4047985.27369635] [ 0.80901699  0.58778525  0.        ]
68506.000 [  856541.05853786 -4842968.03810252  4047985.27489635] [ 0.80901699  0.58778525  0.        ]
68507.000 [  856541.06103786 -4842968.04820252  4047985.28009635] [ 0.80901699  0.58778525  0.        ]
68508.000 [  856539.92522328 -4842968.01557952  4047985.56391628] [-0.30901699  0.95105652  0.        ]
68514.000 [  856541.06323787 -4842968.10990252  4047985.30109635] [ 0.80901699  0.58778525  0.        ]
68522.000 [  856541.06603787 -4842968.12220252  4047985.32559635] [ 0.80901699  0.58778525  0.        ]
68530.000 [  856541.02963787 -4842968.06000252  4047985.27099635] [ 0.80901699  0.58778525  0.        ]
68536.000 [  856541.01203787 -4842968.06030252  4047985.27189635] [ 0.80901699  0.58778525  0.        ]
68542.000 [  856541.02163787 -4842968.03880252  4047985.27009635] [ 0.80901699  0.58778525  0.        ]
68548.000 [  856541.02293787 -4842967.99400252  4047985.25309635] [ 0.80901699  0.58778525  0.        ]
68554.000 [  856541.03073787 -4842967.98810252  4047985.28469635] [ 0.80901699  0.58778525  0.        ]
68560.000 [  856541.01483787 -4842967.91620251  4047985.26999634] [ 0.80901699  0.58778525  0.        ]
