67875.000 [  856540.39281211 -4842967.16544288  4047984.92061628] [ 0.30901699  0.95105652  0.        ]
67884.000 [  856540.20911214 -4842967.08014292  4047984.43971631] [ 0.30901699  0.95105652  0.        ]
67885.000 [  856539.81698786 -4842968.38765708  4047982.9902837 ] [-0.30901699 -0.95105652  0.        ]
67886.000 [  856539.79898786 -4842968.38365708  4047982.95568369] [-0.30901699 -0.95105652  0.        ]
67888.000 [  856539.78098786 -4842968.38765708  4047982.92068369] [-0.30901699 -0.95105652  0.        ]
67889.000 [  856539.77438786 -4842968.38635707  4047982.90188369] [-0.30901699 -0.95105652  0.        ]
67890.000 [  856539.79598786 -4842968.38555708  4047982.97718369] [-0.30901699 -0.95105652  0.        ]
67891.000 [  856539.77698786 -4842968.38655708  4047982.94658369] [-0.30901699 -0.95105652  0.        ]
67893.000 [  856539.74118785 -4842968.34945707  4047982.83568369] [-0.30901699 -0.95105652  0.        ]
67894.000 [  856539.75268785 -4842968.34965707  4047982.88168369] [-0.30901699 -0.95105652  0.        ]
67895.000 [  856539.76408785 -4842968.37075708  4047982.90838369] [-0.30901699 -0.95105652  0.        ]
67897.000 [  856539.73908785 -4842968.36525707  4047982.83058369] [-0.30901699 -0.95105652  0.        ]
67898.000 [  856539.73178785 -4842968.36075706  4047982.78048368] [-0.30901699 -0.95105652  0.        ]
67899.000 [  856539.74168785 -4842968.37165707  4047982.80868368] [-0.30901699 -0.95105652  0.        ]
67900.000 [  856539.75238785 -4842968.37265707  4047982.81958368] [-0.30901699 -0.95105652  0.        ]
67902.000 [  856539.73528785 -4842968.37105706  4047982.74918368] [-0.30901699 -0.95105652  0.        ]
67903.000 [  856539.74478785 -4842968.36785707  4047982.79398368] [-0.30901699 -0.95105652  0.        ]
67905.000 [  856539.76738786 -4842968.35885707  4047982.88478369] [-0.30901699 -0.95105652  0.        ]
67906.000 [  856539.76808786 -4842968.34905708  4047982.88648369] [-0.30901699 -0.95105652  0.        ]
67907.000 [  856539.76788786 -4842968.33835708  4047982.88408369] [-0.30901699 -0.95105652  0.        ]
67909.000 [  856539.75728786 -4842968.30075708  4047982.88068369] [-0.30901699 -0.95105652  0.        ]
