69176.000
 [[-12120160.301  -10347317.6548  21210191.3894]
 [ 12352564.2582 -22960258.8792   4228289.0412]
 [ 13891797.7722  -6957098.6668  21546932.065 ]
 [ -4118224.542  -20903058.5903  15858302.2809]
 [  6003948.4601 -15492719.0307  20461519.4278]]
69180.000
 [[-12115962.6663 -10357290.967   21207721.4387]
 [ 12352663.3864 -22957851.4912   4240958.0593]
 [ 13898554.4372  -6948481.4509  21545407.8921]
 [ -4114394.5142 -20910089.769   15849711.4632]
 [  6010030.5882 -15484094.1445  20466391.9972]]
69181.000
 [[-12114913.6813 -10359784.2628  21207102.8193]
 [ 12352687.8841 -22957248.7167   4244125.0845]
 [ 13900243.8351  -6946327.4858  21545025.7035]
 [ -4113437.4839 -20911847.0786  15847562.9155]
 [  6011551.6594 -15481937.8408  20467609.0259]]
69182.000
 [[-12113864.8657 -10362277.5456  21206483.7471]
 [ 12352712.2682 -22956645.5712   4247292.018 ]
 [ 13901933.3255  -6944173.6564  21544643.0568]
 [ -4112480.6442 -20913604.1941  15845414.0306]
 [  6013072.9462 -15479781.5043  20468825.6091]]
69184.000
 [[-12111767.7432 -10367264.0717  21205244.2447]
 [ 12352760.6958 -22955438.1672   4253625.6091]
 [ 13905312.5836  -6939866.4047  21543876.3891]
 [ -4110567.5368 -20917117.8423  15841115.2492]
 [  6016116.1666 -15475468.7333  20471257.4388]]
69185.000
 [[-12110719.4362 -10369757.3148  21204623.8146]
 [ 12352784.7394 -22954833.9086   4256792.2665]
 [ 13907002.3513  -6937712.9825  21543492.3681]
 [ -4109611.269  -20918874.3749  15838965.3529]
 [  6017638.1001 -15473312.299   20472472.6853]]
69186.000
 [[-12109671.2988 -10372250.5447  21204002.9318]
 [ 12352808.6696 -22954229.279    4259958.8319]
 [ 13908692.2113  -6935559.6963  21543107.889 ]
 [ -4108655.1918 -20920630.7131  15836815.1195]
 [  6019160.2491 -15471155.8322  20473687.4862]]
69187.000
 [[-12108623.3309 -10374743.7613  21203381.5963]
 [ 12352832.4865 -22953624.2784   4263125.3051]
 [ 13910382.1636  -6933406.5458  21542722.9518]
 [ -4107699.3051 -20922386.8569  15834664.5491]
 [  6020682.6137 -15468999.333   20474901.8414]]
69188.000
 [[-12107575.5327 -10377236.9644  21202759.8083]
 [ 12352856.19   -22953018.9067   4266291.6861]
 [ 13912072.2082  -6931253.5314  21542337.5565]
 [ -4106743.609  -20924142.8062  15832513.6418]
 [  6022205.1938 -15466842.8015  20476115.751 ]]
69189.000
 [[-12106527.9039 -10379730.154   21202137.5676]
 [ 12352879.7804 -22952413.1639   4269457.9747]
 [ 13913762.345   -6929100.6528  21541951.7032]
 [ -4105788.1034 -20925898.561   15830362.3975]
 [  6023727.9895 -15464686.2376  20477329.2149]]
69191.000
 [[-12104433.1554 -10384716.4926  21200891.7285]
 [ 12352926.6216 -22951200.5651   4275790.2749]
 [ 13917142.895   -6924795.3039  21541178.6224]
 [ -4103877.6638 -20929409.4866  15826058.8982]
 [  6026774.2271 -15460373.0134  20479754.8055]]
69192.000
 [[-12103386.0355 -10387209.6414  21200268.1301]
 [ 12352949.8726 -22950593.7091   4278956.2862]
 [ 13918833.3082  -6922642.8336  21540791.3949]
 [ -4102922.7297 -20931164.6574  15823906.6434]
 [  6028297.669  -15458216.3531  20480966.9322]]
69193.000
 [[-12102339.0853 -10389702.7765  21199644.0791]
 [ 12352973.0105 -22949986.482    4282122.205 ]
 [ 13920523.8134  -6920490.4995  21540403.7095]
 [ -4101967.9861 -20932919.6333  15821754.0518]
 [  6029821.3264 -15456059.6608  20482178.6131]]
69194.000
 [[-12101292.3047 -10392195.8978  21199019.5756]
 [ 12352996.0355 -22949378.8838   4285288.0312]
 [ 13922214.4106  -6918338.3016  21540015.5659]
 [ -4101013.4329 -20934674.4145  15819601.1235]
 [  6031345.1992 -15453902.9365  20483389.8481]]
69195.000
 [[-12100245.6938 -10394689.0053  21198394.6196]
 [ 12353018.9476 -22948770.9145   4288453.7646]
 [ 13923905.0998  -6916186.2399  21539626.9644]
 [ -4100059.0702 -20936429.0007  15817447.8585]
 [  6032869.2874 -15451746.1804  20484600.6374]]
69197.000
 [[-12098152.9811 -10399675.1783  21197143.35  ]
 [ 12353064.4333 -22947553.8625   4294784.9531]
 [ 13927286.7537  -6911882.5255  21538848.3873]
 [ -4098150.9161 -20939937.5883  15813140.3187]
 [  6035918.1098 -15447432.5727  20487020.8783]]
69201.000
 [[-12093969.5925 -10409647.3549  21194635.3811]
 [ 12353154.0521 -22945115.3051   4307446.2144]
 [ 13934051.1627  -6903276.7342  21537285.7375]
 [ -4094336.8927 -20946952.4221  15804521.2012]
 [  6042018.3381 -15438804.978   20491856.009 ]]
69202.000
 [[-12092924.1698 -10412140.3633  21194007.2578]
 [ 12353176.1753 -22944504.7379   4310611.2967]
 [ 13935742.494   -6901125.6278  21536893.9301]
 [ -4093383.8629 -20948705.6423  15802365.5809]
 [  6043543.9333 -15436648.0008  20493063.6766]]
69203.000
 [[-12091878.917  -10414633.3572  21193378.6821]
 [ 12353198.186  -22943893.7996   4313776.2858]
 [ 13937433.9168  -6898974.6582  21536501.6648]
 [ -4092431.0235 -20950458.6671  15800209.6243]
 [  6045069.7435 -15434490.9922  20494270.8982]]
69205.000
 [[-12089788.9208 -10419619.3015  21192120.1735]
 [ 12353241.87   -22942670.8095   4320105.9837]
 [ 13940817.0369  -6894673.1292  21535715.7605]
 [ -4090525.9157 -20953964.1304  15795896.7025]
 [  6048122.0095 -15430176.8816  20496684.0031]]
69207.000
 [[-12087699.604  -10424605.1875  21190859.8554]
 [ 12353285.1047 -22941446.3348   4326435.3077]
 [ 13944200.5226  -6890372.1474  21534928.0245]
 [ -4088621.5691 -20957468.8114  15791582.436 ]
 [  6051175.1361 -15425862.6464  20499095.3236]]
69209.000
 [[-12085610.9667 -10429591.0144  21189597.7279]
 [ 12353327.8906 -22940220.3753   4332764.2572]
 [ 13947584.3736  -6886071.7133  21534138.4569]
 [ -4086717.9837 -20960972.7098  15787266.8252]
 [  6054229.123  -15421548.2873  20501504.8594]]
69211.000
 [[-12083523.009  -10434576.782   21188333.7911]
 [ 12353370.2279 -22938992.9311   4339092.8316]
 [ 13950968.5895  -6881771.8272  21533347.0579]
 [ -4084815.1593 -20964475.825   15782949.8704]
 [  6057283.9702 -15417233.8049  20503912.6103]]
69213.000
 [[-12081435.731  -10439562.4897  21187068.0451]
 [ 12353412.1174 -22937764.0019   4345421.0306]
 [ 13954353.1701  -6877472.4893  21532553.8273]
 [ -4082913.0958 -20967978.1568  15778631.5719]
 [  6060339.6775 -15412919.1995  20506318.5762]]
69214.000
 [[-12080392.3469 -10442055.3209  21186434.4937]
 [ 12353432.8942 -22937148.9805   4348584.9891]
 [ 13956045.597   -6875323.0261  21532156.5253]
 [ -4081962.3493 -20969729.0286  15776471.9189]
 [  6061867.8537 -15410761.8509  20507520.8897]]
69215.000
 [[-12079349.1328 -10444548.137   21185800.4901]
 [ 12353453.5592 -22936533.5879   4351748.8535]
 [ 13957738.1148  -6873173.7002  21531758.7655]
 [ -4081011.793  -20971479.7044  15774311.9301]
 [  6063396.2448 -15408604.4718  20508722.7568]]
69216.000
 [[-12078306.0887 -10447040.9378  21185166.0342]
 [ 12353474.1125 -22935917.824    4354912.6237]
 [ 13959430.7237  -6871024.5115  21531360.5478]
 [ -4080061.4268 -20973230.1841  15772151.6056]
 [  6064924.8508 -15406447.0623  20509924.1776]]
69217.000
 [[-12077263.2146 -10449533.7234  21184531.126 ]
 [ 12353494.554  -22935301.6888   4358076.2997]
 [ 13961123.4234  -6868875.4601  21530961.8723]
 [ -4079111.2508 -20974980.4676  15769990.9454]
 [  6066453.6718 -15404289.6224  20511125.152 ]]
69221.000
 [[-12073093.4183 -10459504.7113  21181986.9714]
 [ 12353575.2038 -22932833.4357   4370730.0602]
 [ 13967895.1306  -6860280.6287  21529362.5923]
 [ -4075312.4481 -20981979.6387  15761344.9485]
 [  6072571.1047 -15395659.5601  20515924.5853]]
69224.000
 [[-12069967.857  -10466982.7882  21180074.1078]
 [ 12353634.5205 -22930978.3474   4380219.3876]
 [ 13972974.8631  -6853835.9495  21528158.3257]
 [ -4072465.342  -20987226.9542  15754856.9284]
 [  6077161.4349 -15389186.698   20519519.4719]]
69225.000
 [[-12068926.3434 -10469475.4489  21179435.5824]
 [ 12353654.07   -22930359.2421   4383382.3072]
 [ 13974668.2883  -6851687.9985  21527755.988 ]
 [ -4071516.6868 -20988975.6661  15752693.5843]
 [  6078691.9745 -15387029.0175  20520716.8743]]
69226.000
 [[-12067885.     -10471968.0938  21178796.6048]
 [ 12353673.5083 -22929739.7655   4386545.132 ]
 [ 13976361.8041  -6849540.1853  21527353.1926]
 [ -4070568.2217 -20990724.1813  15750529.9049]
 [  6080222.7288 -15384871.3073  20521913.8301]]
69227.000
 [[-12066843.8267 -10474460.7227  21178157.1751]
 [ 12353692.8355 -22929119.9175   4389707.862 ]
 [ 13978055.4104  -6847392.5098  21526949.9394]
 [ -4069619.9464 -20992472.4998  15748365.8902]
 [  6081753.6979 -15382713.5673  20523110.3393]]
69228.000
 [[-12065802.8235 -10476953.3357  21177517.2933]
 [ 12353712.0515 -22928499.6982   4392870.497 ]
 [ 13979749.107   -6845244.9721  21526546.2285]
 [ -4068671.8612 -20994220.6215  15746201.5403]
 [  6083284.8818 -15380555.7977  20524306.4018]]
69229.000
 [[-12064761.9905 -10479445.9326  21176876.9595]
 [ 12353731.1564 -22927879.1076   4396033.0369]
 [ 13981442.894   -6843097.5723  21526142.06  ]
 [ -4067723.9659 -20995968.5463  15744036.8553]
 [  6084816.2803 -15378397.9985  20525502.0176]]
69230.000
 [[-12063721.3277 -10481938.5134  21176236.1736]
 [ 12353750.1503 -22927258.1457   4399195.4818]
 [ 13983136.7714  -6840950.3104  21525737.4337]
 [ -4066776.2606 -20997716.2741  15741871.8351]
 [  6086347.8935 -15376240.1698  20526697.1867]]
69232.000
 [[-12061640.5126 -10486923.6262  21174953.2458]
 [ 12353787.8052 -22926015.1078   4405520.0858]
 [ 13986524.7967  -6836656.2007  21524926.8081]
 [ -4064881.4199 -21001211.1388  15737540.7896]
 [  6089411.7637 -15371924.4242  20529086.1848]]
69233.000
 [[-12060600.3605 -10489416.1581  21174311.1038]
 [ 12353806.4663 -22925393.0318   4408682.2448]
 [ 13988218.9446  -6834509.3529  21524520.8088]
 [ -4063934.2844 -21002958.2756  15735374.7643]
 [  6090944.0207 -15369766.5074  20530280.0136]]
69234.000
 [[-12059560.3786 -10491908.6736  21173668.5099]
 [ 12353825.0166 -22924770.5845   4411844.3085]
 [ 13989913.1827  -6832362.6433  21524114.3518]
 [ -4062987.3389 -21004705.2151  15733208.4042]
 [  6092476.4923 -15367608.5614  20531473.3956]]
69235.000
 [[-12058520.5669 -10494401.1727  21173025.4639]
 [ 12353843.4561 -22924147.7658   4415006.2767]
 [ 13991607.5108  -6830216.0719  21523707.4372]
 [ -4062040.5832 -21006451.9574  15731041.7091]
 [  6094009.1784 -15365450.5863  20532666.3308]]
69237.000
 [[-12056441.4545 -10499386.1211  21171738.0162]
 [ 12353880.0031 -22922901.0144   4421329.9263]
 [ 13994996.437   -6825923.3439  21522892.235 ]
 [ -4060147.6416 -21009944.8501  15726707.3145]
 [  6097075.1942 -15361134.5488  20535050.8606]]
69238.000
 [[-12055402.1537 -10501878.5703  21171093.6144]
 [ 12353898.1106 -22922277.0816   4424491.6077]
 [ 13996691.035   -6823777.1873  21522483.9475]
 [ -4059201.4556 -21011691.0003  15724539.615 ]
 [  6098608.5239 -15358976.4866  20536242.4552]]
69239.000
 [[-12054363.0232 -10504371.0029  21170448.7607]
 [ 12353916.1076 -22921652.7774   4427653.1934]
 [ 13998385.7229  -6821631.1691  21522075.2024]
 [ -4058255.4594 -21013436.9531  15722371.5808]
 [  6100142.0681 -15356818.3956  20537433.6028]]
69240.000
 [[-12053324.0631 -10506863.4186  21169803.455 ]
 [ 12353933.9941 -22921028.1018   4430814.6832]
 [ 14000080.5006  -6819485.2893  21521665.9996]
 [ -4057309.6531 -21015182.7084  15720203.212 ]
 [  6101675.8267 -15354660.2757  20538624.3034]]
69241.000
 [[-12052285.2733 -10509355.8175  21169157.6975]
 [ 12353951.7702 -22920403.0549   4433976.0772]
 [ 14001775.3681  -6817339.548   21521256.3393]
 [ -4056364.0366 -21016928.2661  15718034.5085]
 [  6103209.7997 -15352502.127   20539814.5571]]
69242.000
 [[-12051246.6538 -10511848.1994  21168511.4881]
 [ 12353969.4358 -22919777.6365   4437137.3752]
 [ 14003470.3253  -6815193.9452  21520846.2214]
 [ -4055418.6099 -21018673.6262  15715865.4704]
 [  6104743.9871 -15350343.9497  20541004.3638]]
69243.000
 [[-12050208.2048 -10514340.5643  21167864.8268]
 [ 12353986.9912 -22919151.8468   4440298.5772]
 [ 14005165.3723  -6813048.481   21520435.6459]
 [ -4054473.3729 -21020418.7886  15713696.0978]
 [  6106278.3889 -15348185.7438  20542193.7234]]
69244.000
 [[-12049169.9262 -10516832.9122  21167217.7136]
 [ 12354004.4362 -22918525.6856   4443459.683 ]
 [ 14006860.5088  -6810903.1554  21520024.6128]
 [ -4053528.3258 -21022163.7532  15711526.3908]
 [  6107813.0051 -15346027.5093  20543382.636 ]]
69245.000
 [[-12048131.8179 -10519325.2429  21166570.1486]
 [ 12354021.771  -22917899.153    4446620.6927]
 [ 14008555.7349  -6808757.9685  21519613.1222]
 [ -4052583.4685 -21023908.52    15709356.3493]
 [  6109347.8355 -15343869.2464  20544571.1014]]
69247.000
 [[-12046056.1128 -10524309.8526  21165273.6632]
 [ 12354056.11   -22916644.9736   4452942.4233]
 [ 14011946.4557  -6804468.011   21518788.7683]
 [ -4050694.3231 -21027397.4598  15705015.2632]
 [  6112418.1394 -15339552.6355  20546946.691 ]]
69249.000
 [[-12043981.0895 -10529294.3931  21163975.3705]
 [ 12354090.0088 -22915389.3085   4459263.7684]
 [ 14015337.5343  -6800178.6086  21517962.5844]
 [ -4048805.9367 -21030885.6077  15700672.8399]
 [  6115489.3003 -15335235.9115  20549320.492 ]]
69250.000
 [[-12042943.8336 -10531786.6371  21163325.5465]
 [ 12354106.7932 -22914760.9188   4462424.2963]
 [ 14017033.2076  -6798034.1159  21517548.8061]
 [ -4047862.028  -21032629.3845  15698501.1269]
 [  6117025.2021 -15333077.5073  20550506.7216]]
69251.000
 [[-12041906.7481 -10534278.8636  21162675.2708]
 [ 12354123.4677 -22914132.1576   4465584.7275]
 [ 14018728.9703  -6795889.762   21517134.5704]
 [ -4046918.309  -21034372.9631  15696329.0798]
 [  6118561.3181 -15330919.0751  20551692.5041]]
69253.000
 [[-12039833.0887 -10539263.2639  21161373.3641]
 [ 12354156.4872 -22912873.5209   4471905.3001]
 [ 14022120.7633  -6791601.4713  21516304.7264]
 [ -4045031.44   -21037859.5258  15691983.983 ]
 [  6121634.1928 -15326602.1266  20554062.7272]]
69254.000
 [[-12038796.5148 -10541755.4376  21160721.7331]
 [ 12354172.8323 -22912243.6453   4475065.4413]
 [ 14023816.7937  -6789457.5345  21515889.1182]
 [ -4044088.2899 -21039602.5096  15689810.9335]
 [  6123170.9515 -15324443.6105  20555247.1678]]
69256.000
 [[-12036723.8786 -10546739.7314  21159417.1161]
 [ 12354205.1934 -22910982.7797   4481385.4331]
 [ 14027209.1216  -6785170.0785  21515056.5294]
 [ -4042202.5587 -21043087.882   15685463.8327]
 [  6126245.111  -15320126.495   20557614.707 ]]
69256.000
 [[-12036723.8786 -10546739.7314  21159417.1161]
 [ 12354205.1934 -22910982.7797   4481385.4331]
 [ 14027209.1216  -6785170.0785  21515056.5294]
 [ -4042202.5587 -21043087.882   15685463.8327]
 [  6126245.111  -15320126.495   20557614.707 ]]
69257.000
 [[-12035687.8164 -10549231.8515  21158764.1301]
 [ 12354221.2096 -22910351.7897   4484545.2835]
 [ 14028905.4191  -6783026.5594  21514639.5488]
 [ -4041259.9775 -21044830.2705  15683289.7814]
 [  6127782.5119 -15317967.8958  20558797.8056]]
69259.000
 [[-12033616.2039 -10554216.0376  21157456.803 ]
 [ 12354252.9133 -22909088.6952   4490864.693 ]
 [ 14032298.281   -6778739.9391  21513804.2154]
 [ -4039375.3839 -21048314.4516  15678940.6774]
 [  6130857.9558 -15313650.6147  20561162.6604]]
69260.000
 [[-12032580.6534 -10556708.1037  21156802.4621]
 [ 12354268.6011 -22908456.5907   4494024.2522]
 [ 14033994.8453  -6776596.8379  21513385.8625]
 [ -4038433.3714 -21050056.2442  15676765.6246]
 [  6132395.9989 -15311491.9328  20562344.4167]]
69261.000
 [[-12031545.2737 -10559200.1515  21156147.6695]
 [ 12354284.1794 -22907824.1147   4497183.714 ]
 [ 14035691.4985  -6774453.8761  21512967.0523]
 [ -4037491.5484 -21051797.8381  15674590.2381]
 [  6133934.2559 -15309333.2236  20563525.7255]]
69262.000
 [[-12030510.0645 -10561692.1811  21155492.4253]
 [ 12354299.6485 -22907191.2671   4500343.0785]
 [ 14037388.2405  -6772311.0538  21512547.7846]
 [ -4036549.915  -21053539.2332  15672414.5179]
 [  6135472.727  -15307174.4871  20564706.5868]]
69263.000
 [[-12029475.0261 -10564184.1924  21154836.7295]
 [ 12354315.0082 -22906558.0481   4503502.3456]
 [ 14039085.0711  -6770168.3711  21512128.0596]
 [ -4035608.4711 -21055280.4294  15670238.4641]
 [  6137011.412  -15305015.7234  20565887.0006]]
69267.000
 [[-12025336.5791 -10574152.0534  21152209.4306]
 [ 12354375.3558 -22904021.4564   4516138.4389]
 [ 14045873.2805  -6761599.0361  21510444.5857]
 [ -4031844.5901 -21062243.2245  15661530.9133]
 [  6143168.2913 -15296380.3971  20570604.18  ]]
69268.000
 [[-12024302.3941 -10576643.9725  21151551.477 ]
 [ 12354390.1702 -22903386.3796   4519297.2182]
 [ 14047570.5543  -6759457.0515  21510022.5739]
 [ -4030904.0934 -21063983.4257  15659353.1919]
 [  6144708.046  -15294221.4979  20571782.3558]]
69272.000
 [[-12020167.3609 -10586611.4623  21148915.1475]
 [ 12354448.3393 -22900842.356    4531931.3579]
 [ 14054360.5346  -6750890.5105  21508329.953 ]
 [ -4027143.9997 -21070942.2385  15650638.972 ]
 [  6150869.2037 -15285585.6327  20576490.5827]]
69273.000
 [[-12019134.0295 -10589103.2877  21148254.9364]
 [ 12354462.6097 -22900205.4211   4535089.6479]
 [ 14056058.2505  -6748749.225   21507905.6546]
 [ -4026204.4497 -21072681.4433  15648459.5838]
 [  6152410.0277 -15283426.5996  20577666.5201]]
69277.000
 [[-12015002.4122 -10599070.3984  21145609.5779]
 [ 12354518.6049 -22897653.9658   4547721.8257]
 [ 14062849.996   -6740185.4839  21506203.8879]
 [ -4022448.1429 -21079636.2671  15639738.7003]
 [  6158575.4606 -15274790.2033  20582365.7915]]
69278.000
 [[-12013969.935  -10601562.128   21144947.1098]
 [ 12354532.3325 -22897015.1729   4550879.6243]
 [ 14064548.1526  -6738044.8991  21505777.3031]
 [ -4021509.5395 -21081374.4738  15637557.6469]
 [  6160117.353  -15272631.0384  20583539.4897]]
69279.000
 [[-12012937.6287 -10604053.8384  21144284.1903]
 [ 12354545.9516 -22896376.0085   4554037.3244]
 [ 14066246.3971  -6735904.4545  21505350.2611]
 [ -4020571.1254 -21083112.4808  15635376.2605]
 [  6161659.459  -15270471.8474  20584712.74  ]]
69280.000
 [[-12011905.4933 -10606545.5293  21143620.8195]
 [ 12354559.4624 -22895736.4724   4557194.9259]
 [ 14067944.7296  -6733764.1503  21504922.7619]
 [ -4019632.9005 -21084850.2879  15633194.5413]
 [  6163201.7786 -15268312.6303  20585885.5423]]
69281.000
 [[-12010873.5288 -10609037.2008  21142956.9973]
 [ 12354572.8649 -22895096.5647   4560352.4288]
 [ 14069643.15    -6731623.9865  21504494.8054]
 [ -4018694.8649 -21086587.8952  15631012.4892]
 [  6164744.3119 -15266153.3872  20587057.8967]]
69285.000
 [[-12006747.3803 -10619003.6906  21140297.1955]
 [ 12354625.3929 -22892533.2176   4572981.4528]
 [ 14076437.7096  -6723064.7359  21502778.4075]
 [ -4014944.6148 -21093536.324   15622280.9536]
 [  6170916.58   -15257516.1557  20591742.8341]]
69286.000
 [[-12005716.2706 -10621495.2636  21139631.1168]
 [ 12354638.2547 -22891891.4518   4576138.4614]
 [ 14078136.5687  -6720925.2748  21502348.1651]
 [ -4014007.5253 -21095272.9308  15620097.2381]
 [  6172460.1808 -15255356.7835  20592912.9482]]
69287.000
 [[-12004685.332  -10623986.8168  21138964.5869]
 [ 12354651.0085 -22891249.3143   4579295.371 ]
 [ 14079835.5154  -6718785.9543  21501917.4656]
 [ -4013070.625  -21097009.3374  15617913.19  ]
 [  6174003.9949 -15253197.3857  20594082.6143]]
69288.000
 [[-12003654.5643 -10626478.35    21138297.6058]
 [ 12354663.6543 -22890606.8052   4582452.1815]
 [ 14081534.5496  -6716646.7745  21501486.3089]
 [ -4012133.9138 -21098745.5436  15615728.8095]
 [  6175548.0225 -15251037.9623  20595251.8322]]
69289.000
 [[-12002623.9677 -10628969.8633  21137630.1734]
 [ 12354676.1923 -22889963.9243   4585608.8929]
 [ 14083233.6714  -6714507.7354  21501054.6951]
 [ -4011197.3917 -21100481.5495  15613544.0964]
 [  6177092.2635 -15248878.5135  20596420.602 ]]
69290.000
 [[-12001593.542  -10631461.3566  21136962.2898]
 [ 12354688.6225 -22889320.6718   4588765.505 ]
 [ 14084932.8807  -6712368.8372  21500622.6241]
 [ -4010261.0588 -21102217.3551  15611359.0509]
 [  6178636.718  -15246719.0392  20597588.9236]]
69291.000
 [[-12000563.2874 -10633952.8298  21136293.9551]
 [ 12354700.945  -22888677.0476   4591922.0179]
 [ 14086632.1774  -6710230.0797  21500190.096 ]
 [ -4009324.9149 -21103952.9601  15609173.673 ]
 [  6180181.3858 -15244559.5395  20598756.797 ]]
69292.000
 [[-11999533.2039 -10636444.2829  21135625.1691]
 [ 12354713.1598 -22888033.0517   4595078.4314]
 [ 14088331.5615  -6708091.4631  21499757.1108]
 [ -4008388.9601 -21105688.3647  15606987.9627]
 [  6181726.267  -15242400.0145  20599924.2222]]
69293.000
 [[-11998503.2914 -10638935.7157  21134955.9319]
 [ 12354725.2669 -22887388.6841   4598234.7455]
 [ 14090031.0329  -6705952.9874  21499323.6685]
 [ -4007453.1944 -21107423.5686  15604801.9201]
 [  6183271.3616 -15240240.4642  20601091.1991]]
69294.000
 [[-11997473.55   -10641427.1282  21134286.2436]
 [ 12354737.2664 -22886743.9448   4601390.9601]
 [ 14091730.5917  -6703814.6527  21498889.7691]
 [ -4006517.6177 -21109158.5719  15602615.5452]
 [  6184816.6695 -15238080.8888  20602257.7278]]
69296.000
 [[-11995414.5805 -10646409.892   21132945.5136]
 [ 12354760.9429 -22885453.3512   4607703.0904]
 [ 14095129.9708  -6699538.4064  21498020.599 ]
 [ -4004647.0315 -21112627.9764  15598241.7989]
 [  6187907.925  -15233761.6629  20604589.4402]]
69297.000
 [[-11994385.3524 -10648901.2432  21132274.4719]
 [ 12354772.62   -22884807.4968   4610859.0061]
 [ 14096829.791   -6697400.4949  21497585.3284]
 [ -4003712.0219 -21114362.3774  15596054.4276]
 [  6189453.8727 -15231602.0124  20605754.6239]]
69299.000
 [[-11992327.4097 -10653883.8839  21130931.0353]
 [ 12354795.6521 -22883514.6728   4617170.538 ]
 [ 14100229.6929  -6693125.0955  21496713.4161]
 [ -4001842.5697 -21117830.5768  15591678.6887]
 [  6192546.4077 -15227282.6369  20608083.6462]]
69300.000
 [[-11991298.6951 -10656375.1732  21130258.6404]
 [ 12354807.0072 -22882867.7032   4620326.1541]
 [ 14101929.7743  -6690987.6076  21496276.7743]
 [ -4000908.127  -21119564.3751  15589490.3212]
 [  6194092.995  -15225122.912   20609247.4847]]
69301.000
 [[-11990270.1517 -10658866.4418  21129585.7944]
 [ 12354818.2551 -22882220.3619   4623481.6702]
 [ 14103629.9427  -6688850.2611  21495839.6756]
 [ -3999973.8733 -21121297.9722  15587301.6218]
 [  6195639.7954 -15222963.1624  20610410.8748]]
69302.000
 [[-11989241.7795 -10661357.6895  21128912.4973]
 [ 12354829.3958 -22881572.6488   4626637.0862]
 [ 14105330.198   -6686713.0559  21495402.1198]
 [ -3999039.8086 -21123031.3683  15585112.5906]
 [  6197186.809  -15220803.3882  20611573.8164]]
69304.000
 [[-11987185.5487 -10666340.1222  21127564.5502]
 [ 12354851.3559 -22880276.1075   4632947.6178]
 [ 14108730.9691  -6682439.0699  21494525.6373]
 [ -3997172.2459 -21126497.5569  15580733.5325]
 [  6200281.4754 -15216483.7663  20613898.3541]]
69305.000
 [[-11986157.6901 -10668831.3071  21126889.9002]
 [ 12354862.1755 -22879627.2792   4636102.7333]
 [ 14110431.4848  -6680302.2891  21494086.7105]
 [ -3996238.7479 -21128230.3493  15578543.5058]
 [  6201829.1282 -15214323.9187  20615059.9502]]
69306.000
 [[-11985130.0028 -10671322.4709  21126214.7991]
 [ 12354872.8881 -22878978.0792   4639257.7484]
 [ 14112132.0872  -6678165.6497  21493647.3268]
 [ -3995305.4387 -21129962.9404  15576353.1473]
 [  6203376.9942 -15212164.0466  20616221.0977]]
69307.000
 [[-11984102.4867 -10673813.6137  21125539.2471]
 [ 12354883.4939 -22878328.5073   4642412.6633]
 [ 14113832.7764  -6676029.152   21493207.4861]
 [ -3994372.3184 -21131695.3301  15574162.4572]
 [  6204925.0732 -15210004.1503  20617381.7966]]
69308.000
 [[-11983075.1418 -10676304.7352  21124863.2441]
 [ 12354893.9928 -22877678.5637   4645567.4776]
 [ 14115533.5521  -6673892.7958  21492767.1885]
 [ -3993439.3869 -21133427.5183  15571971.4354]
 [  6206473.3652 -15207844.2298  20618542.047 ]]
69309.000
 [[-11982047.9683 -10678795.8354  21124186.7902]
 [ 12354904.3849 -22877028.2483   4648722.1914]
 [ 14117234.4145  -6671756.5814  21492326.4339]
 [ -3992506.6442 -21135159.5051  15569780.082 ]
 [  6208021.8702 -15205684.2851  20619701.8487]]
69313.000
 [[-11977940.9872 -10688760.0224  21121476.4654]
 [ 12354944.8867 -22874423.2688   4661340.0401]
 [ 14124038.7287  -6663213.1413  21490558.8463]
 [ -3988777.5616 -21142085.4359  15561011.3536]
 [  6214218.0198 -15197044.2663  20624336.5687]]
69316.000
 [[-11974862.5506 -10696232.936   21119438.9876]
 [ 12354974.1445 -22872465.6304   4670802.3676]
 [ 14129142.871   -6656807.0512  21489228.3582]
 [ -3985982.7317 -21147277.7654  15554431.3278]
 [  6218867.3673 -15190564.0021  20627807.8968]]
69317.000
 [[-11973836.7479 -10698723.8637  21118758.9266]
 [ 12354983.6843 -22871812.3406   4673956.2747]
 [ 14130844.4242  -6654671.9719  21488783.9484]
 [ -3985051.4992 -21149008.138   15552237.3234]
 [  6220417.5754 -15188403.8667  20628964.1086]]
69318.000
 [[-11972811.1165 -10701214.7696  21118078.4149]
 [ 12354993.1178 -22871158.679    4677110.0807]
 [ 14132546.0636  -6652537.0347  21488339.0818]
 [ -3984120.4553 -21150738.3086  15550042.9877]
 [  6221967.9964 -15186243.7077  20630119.8715]]
69319.000
 [[-11971785.6565 -10703705.6535  21117397.4524]
 [ 12355002.4451 -22870504.6455   4680263.7855]
 [ 14134247.7891  -6650402.2396  21487893.7583]
 [ -3983189.6001 -21152468.2771  15547848.321 ]
 [  6223518.6302 -15184083.5253  20631275.1856]]
69320.000
 [[-11970760.368  -10706196.5155  21116716.039 ]
 [ 12355011.6662 -22869850.2402   4683417.389 ]
 [ 14135949.6007  -6648267.5867  21487447.978 ]
 [ -3982258.9336 -21154198.0435  15545653.3231]
 [  6225069.4767 -15181923.3195  20632430.0508]]
69321.000
 [[-11969735.2508 -10708687.3555  21116034.1749]
 [ 12355020.7812 -22869195.4631   4686570.8913]
 [ 14137651.4983  -6646133.076   21487001.7408]
 [ -3981328.4557 -21155927.6077  15543457.9941]
 [  6226620.536  -15179763.0902  20633584.4671]]
69323.000
 [[-11967685.531  -10713668.9691  21114669.0945]
 [ 12355038.693  -22867884.7933   4692877.5914]
 [ 14141055.5513  -6641864.4814  21486107.8961]
 [ -3979468.0658 -21159386.1294  15539066.3432]
 [  6229723.2927 -15175442.5621  20635891.9528]]
69324.000
 [[-11966660.9283 -10716159.7425  21113985.8782]
 [ 12355047.4898 -22867228.9006   4696030.7891]
 [ 14142757.7066  -6639730.3978  21485660.2885]
 [ -3978538.1538 -21161115.0866  15536870.0214]
 [  6231274.9901 -15173282.2633  20637045.0222]]
69325.000
 [[-11965636.4971 -10718650.4936  21113302.2112]
 [ 12355056.1808 -22866572.6361   4699183.8852]
 [ 14144459.9478  -6637596.4565  21485212.2242]
 [ -3977608.4304 -21162843.8414  15534673.3688]
 [  6232826.9    -15171121.9415  20638197.6425]]
69326.000
 [[-11964612.2374 -10721141.2222  21112618.0935]
 [ 12355064.7659 -22865915.9997   4702336.8795]
 [ 14146162.2746  -6635462.6578  21484763.7031]
 [ -3976678.8956 -21164572.3937  15532476.3853]
 [  6234379.0226 -15168961.5967  20639349.8138]]
69327.000
 [[-11963588.1493 -10723631.9284  21111933.5251]
 [ 12355073.2451 -22865258.9915   4705489.7721]
 [ 14147864.6872  -6633329.0017  21484314.7253]
 [ -3975749.5493 -21166300.7435  15530279.0711]
 [  6235931.3577 -15166801.229   20640501.536 ]]
69328.000
 [[-11962564.2328 -10726122.6121  21111248.506 ]
 [ 12355081.6186 -22864601.6114   4708642.5629]
 [ 14149567.1854  -6631195.488   21483865.2906]
 [ -3974820.3916 -21168028.8906  15528081.4261]
 [  6237483.9055 -15164640.8384  20641652.8092]]
69329.000
 [[-11961540.4877 -10728613.2732  21110563.0363]
 [ 12355089.8864 -22863943.8594   4711795.2518]
 [ 14151269.7693  -6629062.117   21483415.3993]
 [ -3973891.4225 -21169756.8351  15525883.4505]
 [  6239036.6658 -15162480.425   20642803.6332]]
69330.000
 [[-11960516.9142 -10731103.9117  21109877.116 ]
 [ 12355098.0486 -22863285.7356   4714947.8387]
 [ 14152972.4387  -6626928.8886  21482965.0512]
 [ -3972962.6418 -21171484.577   15523685.1442]
 [  6240589.6387 -15160319.9889  20643954.0081]]
69331.000
 [[-11959493.5123 -10733594.5276  21109190.7451]
 [ 12355106.1051 -22862627.2398   4718100.3236]
 [ 14154675.1937  -6624795.803   21482514.2464]
 [ -3972034.0496 -21173212.116   15521486.5073]
 [  6242142.824  -15158159.5301  20645103.9339]]
69333.000
 [[-11957447.2233 -10738575.6908  21107816.6513]
 [ 12355121.9017 -22861309.1326   4724404.987 ]
 [ 14158080.9601  -6620530.06    21481611.2666]
 [ -3970177.4308 -21176666.5855  15517088.2418]
 [  6245249.8322 -15153838.5449  20647402.4378]]
69334.000
 [[-11956424.3361 -10741066.2382  21107128.9286]
 [ 12355129.6418 -22860649.5212   4727557.1654]
 [ 14159783.9714  -6618397.4027  21481159.0917]
 [ -3969249.404  -21178393.5158  15514888.6134]
 [  6246803.655  -15151678.0185  20648551.016 ]]
69336.000
 [[-11954379.0768 -10746047.2639  21105752.1315]
 [ 12355144.806  -22859329.1826   4733861.2153]
 [ 14163190.2501  -6614132.5168  21480253.3718]
 [ -3967393.9157 -21181846.7676  15510488.3653]
 [  6249911.938  -15147356.8986  20650846.8245]]
69339.000
 [[-11951312.4751 -10753518.6293  21103683.5568]
 [ 12355166.7629 -22857345.8852   4743316.5218]
 [ 14168300.3073  -6607736.2605  21478891.367 ]
 [ -3964612.0963 -21187025.1216  15503885.5157]
 [  6254575.9552 -15140875.052   20654287.1676]]
69341.000
 [[-11949268.9325 -10758499.4233  21102302.2545]
 [ 12355180.8752 -22856021.8273   4749619.5463]
 [ 14171707.4377  -6603472.8051  21477981.0806]
 [ -3962758.4918 -21190476.3413  15499481.965 ]
 [  6257686.3617 -15136553.7105  20656578.4828]]
69344.000
 [[-11946204.9063 -10765970.4386  21100226.9226]
 [ 12355201.2563 -22854032.9508   4759073.3122]
 [ 14176818.7708  -6597078.6962  21476612.2264]
 [ -3959979.4974 -21195651.6453  15492874.1631]
 [  6262353.5635 -15130071.534   20660012.085 ]]
69347.000
 [[-11943142.4259 -10773441.2417  21098147.537 ]
 [ 12355220.6941 -22852040.7267   4768526.1514]
 [ 14181930.8679  -6590685.8773  21475239.263 ]
 [ -3957202.1975 -21200825.1172  15486263.3914]
 [  6267022.6755 -15123589.1618  20663441.642 ]]
69348.000
 [[-11942121.9426 -10775931.462   21097453.5077]
 [ 12355226.9639 -22851375.908    4771676.8916]
 [ 14183635.0698  -6588555.2245  21474780.6954]
 [ -3956276.8072 -21202549.2004  15484059.141 ]
 [  6268579.4705 -15121428.3279  20664583.9285]]
69351.000
 [[-11939061.5237 -10783401.9792  21095368.7176]
 [ 12355245.146  -22849379.2201   4781128.4924]
 [ 14188748.1834  -6582164.1276  21473402.2534]
 [ -3953501.7659 -21207720.2271  15477444.4114]
 [  6273251.1282 -15114945.6978  20668008.0907]]
69355.000
 [[-11934983.3709 -10793362.3318  21092582.6932]
 [ 12355267.9266 -22846711.7618   4793729.178 ]
 [ 14195566.8514  -6573644.6769  21471557.9397]
 [ -3949804.3451 -21214612.0735  15468620.1571]
 [  6279482.9739 -15106301.8938  20672567.3451]]
69356.000
 [[-11933964.2625 -10795852.3593  21091885.0615]
 [ 12355273.361  -22846043.9672   4796879.0903]
 [ 14197271.7294  -6571515.1737  21471095.7201]
 [ -3948880.4602 -21216334.5247  15466413.2696]
 [  6281041.4653 -15104140.8901  20673706.0344]]
69357.000
 [[-11932945.3259 -10798342.3624  21091186.9795]
 [ 12355278.6912 -22845375.8006   4800028.8987]
 [ 14198976.6917  -6569385.8145  21470633.044 ]
 [ -3947956.7634 -21218056.7717  15464206.0528]
 [  6282600.1687 -15101979.8656  20674844.274 ]]
69358.000
 [[-11931926.5613 -10800832.3411  21090488.4472]
 [ 12355283.9173 -22844707.262    4803178.6033]
 [ 14200681.7381  -6567256.5992  21470169.9115]
 [ -3947033.2548 -21219778.8143  15461998.5067]
 [  6284159.0839 -15099818.8203  20675982.0637]]
69359.000
 [[-11930907.9686 -10803322.2951  21089789.4648]
 [ 12355289.0393 -22844038.3514   4806328.2038]
 [ 14202386.8688  -6565127.5281  21469706.3225]
 [ -3946109.9342 -21221500.6525  15459790.6312]
 [  6285718.211  -15097657.7542  20677119.4036]]
69361.000
 [[-11928871.2992 -10808302.1294  21088390.1494]
 [ 12355298.9712 -22842699.4142   4812627.0928]
 [ 14205797.3825  -6560869.8179  21468777.7753]
 [ -3944263.8572 -21224943.7155  15455373.8924]
 [  6288837.1008 -15093335.5601  20679392.7338]]
69362.000
 [[-11927853.2225 -10810792.0095  21087689.8165]
 [ 12355303.7812 -22842029.3875   4815776.3811]
 [ 14207502.7654  -6558741.1791  21468312.8171]
 [ -3943341.1008 -21226664.9401  15453165.0293]
 [  6290396.8635 -15091174.4321  20680528.7241]]
69363.000
 [[-11926835.3177 -10813281.8648  21086989.0334]
 [ 12355308.4873 -22841358.9888   4818925.5652]
 [ 14209208.2324  -6556612.6844  21467847.4026]
 [ -3942418.5324 -21228385.9602  15450955.8369]
 [  6291956.8379 -15089013.2836  20681664.2645]]
69364.000
 [[-11925817.5849 -10815771.6953  21086287.8002]
 [ 12355313.0897 -22840688.2181   4822074.645 ]
 [ 14210913.7833  -6554484.334   21467381.5316]
 [ -3941496.1519 -21230106.7756  15448746.3155]
 [  6293517.0242 -15086852.1147  20682799.355 ]]
69365.000
 [[-11924800.0242 -10818261.5009  21085586.1168]
 [ 12355317.5883 -22840017.0753   4825223.6205]
 [ 14212619.4181  -6552356.1279  21466915.2042]
 [ -3940573.9595 -21231827.3863  15446536.465 ]
 [  6295077.4222 -15084690.9255  20683933.9955]]
69366.000
 [[-11923782.6354 -10820751.2815  21084883.9834]
 [ 12355321.9832 -22839345.5605   4828372.4915]
 [ 14214325.1368  -6550228.0661  21466448.4205]
 [ -3939651.955  -21233547.7923  15444326.2854]
 [  6296638.032  -15082529.7159  20685068.186 ]]
69367.000
 [[-11922765.4187 -10823241.037   21084181.3998]
 [ 12355326.2745 -22838673.6736   4831521.2581]
 [ 14216030.9393  -6548100.1486  21465981.1804]
 [ -3938730.1384 -21235267.9934  15442115.7769]
 [  6298198.8535 -15080368.486   20686201.9266]]
69368.000
 [[-11921748.3741 -10825730.7675  21083478.3662]
 [ 12355330.4622 -22838001.4147   4834669.9202]
 [ 14217736.8255  -6545972.3756  21465513.484 ]
 [ -3937808.5097 -21236987.9896  15439904.9395]
 [  6299759.8867 -15078207.2361  20687335.2171]]
69369.000
 [[-11920731.5015 -10828220.4728  21082774.8826]
 [ 12355334.5463 -22837328.7837   4837818.4775]
 [ 14219442.7955  -6543844.7471  21465045.3313]
 [ -3936887.069  -21238707.7808  15437693.7732]
 [  6301321.1316 -15076045.966   20688468.0575]]
69373.000
 [[-11916665.7322 -10838179.0407  21079956.4477]
 [ 12355349.8483 -22834634.5392   4850411.6592]
 [ 14226267.5114  -6535335.6789  21463168.1573]
 [ -3933203.1852 -21245584.8948  15428845.8203]
 [  6307568.2272 -15067400.6863  20692994.9183]]
69375.000
 [[-11914633.8804 -10843158.1718  21078544.5303]
 [ 12355356.8794 -22833285.1845   4856707.6205]
 [ 14229680.3704  -6531082.0129  21462226.8326]
 [ -3931362.3704 -21249022.2206  15424419.8717]
 [  6310693.0445 -15063077.9276  20695255.6478]]
69378.000
 [[-11911587.3938 -10850626.676   21076423.2797]
 [ 12355366.6524 -22831258.3619   4866150.7738]
 [ 14234800.2839  -6524702.6002  21460811.4236]
 [ -3928602.5569 -21254176.6688  15417778.485 ]
 [  6315381.8565 -15056593.6428  20698643.3653]]
69379.000
 [[-11910572.2427 -10853116.1258  21075715.2963]
 [ 12355369.704  -22830582.0102   4869298.281 ]
 [ 14236507.0883  -6522576.4192  21460338.7081]
 [ -3927682.9946 -21255894.4072  15415564.0325]
 [  6316945.2168 -15054432.1756  20699771.7039]]
69380.000
 [[-11909557.2638 -10855605.5498  21075006.863 ]
 [ 12355372.6527 -22829905.2863   4872445.6829]
 [ 14238213.9759  -6520450.3831  21459865.5365]
 [ -3926763.6201 -21257611.9401  15413349.2516]
 [  6318508.7885 -15052270.689   20700899.5922]]
69382.000
 [[-11907527.8225 -10860584.3199  21073588.6468]
 [ 12355378.2414 -22828550.7222   4878740.1703]
 [ 14241628.0005  -6516198.7459  21458917.8245]
 [ -3924925.434  -21261046.3888  15408918.7048]
 [  6321636.5663 -15047947.658   20703154.0179]]
69383.000
 [[-11906513.3602 -10863073.6659  21072878.864 ]
 [ 12355380.8816 -22827872.882    4881887.2557]
 [ 14243335.1374  -6514073.1449  21458443.2843]
 [ -3924006.6226 -21262763.3046  15406702.9391]
 [  6323200.7722 -15045786.1137  20704280.5552]]
69384.000
 [[-11905499.0701 -10865562.9857  21072168.6313]
 [ 12355383.4191 -22827194.6697   4885034.2355]
 [ 14245042.3573  -6511947.6891  21457968.2878]
 [ -3923087.9987 -21264480.0146  15404486.8451]
 [  6324765.1895 -15043624.5503  20705406.6421]]
69385.000
 [[-11904484.9523 -10868052.2795  21071457.9487]
 [ 12355385.8539 -22826516.0852   4888181.1097]
 [ 14246749.6602  -6509822.3785  21457492.8352]
 [ -3922169.5625 -21266196.5188  15402270.4229]
 [  6326329.8182 -15041462.9679  20706532.2787]]
69386.000
 [[-11903471.0067 -10870541.5469  21070746.8164]
 [ 12355388.1861 -22825837.1285   4891327.878 ]
 [ 14248457.046   -6507697.213   21457016.9265]
 [ -3921251.314  -21267912.817   15400053.6725]
 [  6327894.6581 -15039301.3664  20707657.4647]]
69387.000
 [[-11902457.2334 -10873030.7881  21070035.2342]
 [ 12355390.4157 -22825157.7997   4894474.5406]
 [ 14250164.5147  -6505572.1929  21456540.5615]
 [ -3920333.253  -21269628.9093  15397836.5941]
 [  6329459.7094 -15037139.7461  20708782.2004]]
69388.000
 [[-11901443.6324 -10875520.0029  21069323.2023]
 [ 12355392.5429 -22824478.0987   4897621.0973]
 [ 14251872.0662  -6503447.318   21456063.7405]
 [ -3919415.3796 -21271344.7956  15395619.1877]
 [  6331024.972  -15034978.1068  20709906.4855]]
69389.000
 [[-11900430.2036 -10878009.1913  21068610.7206]
 [ 12355394.5677 -22823798.0256   4900767.5481]
 [ 14253579.7006  -6501322.5885  21455586.4633]
 [ -3918497.6937 -21273060.4758  15393401.4532]
 [  6332590.4459 -15032816.4488  20711030.3202]]
69390.000
 [[-11899416.9472 -10880498.3532  21067897.7892]
 [ 12355396.49   -22823117.5803   4903913.8928]
 [ 14255287.4176  -6499198.0045  21455108.73  ]
 [ -3917580.1955 -21274775.9498  15391183.3908]
 [  6334156.1309 -15030654.7721  20712153.7043]]
69392.000
 [[-11897390.9514 -10885476.5971  21066470.5772]
 [ 12355400.0277 -22821755.5733   4910206.2638]
 [ 14258703.0996  -6494949.2728  21454151.8952]
 [ -3915745.7617 -21278206.2793  15386746.2824]
 [  6337288.1346 -15026331.3629  20714399.1208]]
69393.000
 [[-11896378.212  -10887965.6791  21065756.2966]
 [ 12355401.6432 -22821074.0115   4913352.29  ]
 [ 14260411.0646  -6492825.1253  21453672.7936]
 [ -3914828.826  -21279921.1346  15384527.2364]
 [  6338854.4532 -15024169.6305  20715521.1533]]
69394.000
 [[-11895365.6449 -10890454.7343  21065041.5663]
 [ 12355403.1566 -22820392.0775   4916498.2099]
 [ 14262119.1121  -6490701.1233  21453193.236 ]
 [ -3913912.0778 -21281635.7835  15382307.8627]
 [  6340420.983  -15022007.8797  20716642.7351]]
69396.000
 [[-11893341.028  -10895432.764   21063610.7568]
 [ 12355405.8768 -22819027.0931   4922789.7305]
 [ 14265535.4543  -6486453.5565  21452232.7526]
 [ -3912079.144  -21285064.4619  15377868.1322]
 [  6343554.6757 -15017684.323   20718884.5466]]
69397.000
 [[-11892328.9783 -10897921.7383  21062894.6776]
 [ 12355407.0839 -22818344.0426   4925935.3309]
 [ 14267243.749   -6484329.9918  21451751.8268]
 [ -3911162.9584 -21286778.4913  15375647.7756]
 [  6345121.8386 -15015522.5174  20720004.7764]]
69398.000
 [[-11891317.101  -10900410.6854  21062178.1489]
 [ 12355408.1888 -22817660.6201   4929080.8246]
 [ 14268952.1258  -6482206.5732  21451270.4451]
 [ -3910246.9604 -21288492.3139  15373427.0915]
 [  6346689.2123 -15013360.6938  20721124.5553]]
69399.000
 [[-11890305.3962 -10902899.6052  21061461.1705]
 [ 12355409.1918 -22816976.8255   4932226.2114]
 [ 14270660.5849  -6480083.3004  21450788.6073]
 [ -3909331.1499 -21290205.9298  15371206.08  ]
 [  6348256.797  -15011198.8522  20722243.8835]]
69400.000
 [[-11889293.864  -10905388.4978  21060743.7426]
 [ 12355410.093  -22816292.6587   4935371.4915]
 [ 14272369.1262  -6477960.1737  21450306.3136]
 [ -3908415.5269 -21291919.339   15368984.7411]
 [  6349824.5926 -15009036.9927  20723362.7609]]
69402.000
 [[-11887271.3166 -10910366.2015  21059307.538 ]
 [ 12355411.59   -22814923.2083   4941661.7315]
 [ 14275786.4554  -6473714.3577  21449340.3581]
 [ -3906584.8428 -21295345.537   15364541.0808]
 [  6352960.8169 -15004713.2195  20725599.1634]]
69403.000
 [[-11886260.3016 -10912855.0124  21058588.7613]
 [ 12355412.1859 -22814237.9248   4944806.6912]
 [ 14277495.2432  -6471591.6687  21448856.6964]
 [ -3905669.7818 -21297058.3257  15362318.7596]
 [  6354529.2454 -15002551.3062  20726716.6884]]
69404.000
 [[-11885249.4591 -10915343.7958  21057869.5351]
 [ 12355412.6802 -22813552.2691   4947951.5439]
 [ 14279204.113   -6469469.1258  21448372.5787]
 [ -3904754.9081 -21298770.9075  15360096.1111]
 [  6356097.885  -15000389.375   20727833.7626]]
69405.000
 [[-11884238.7891 -10917832.5518  21057149.8595]
 [ 12355413.073  -22812866.2412   4951096.2896]
 [ 14280913.0649  -6467346.729   21447888.0051]
 [ -3903840.2218 -21300483.2823  15357873.1353]
 [  6357666.7353 -14998227.4262  20728950.3858]]
69407.000
 [[-11882217.9668 -10922809.9809  21055709.1596]
 [ 12355413.5539 -22811493.0687   4957385.4593]
 [ 14284331.2143  -6463102.374   21446917.4901]
 [ -3902011.4111 -21303907.4106  15353426.2023]
 [  6360805.0685 -14993903.4759  20731182.2797]]
69408.000
 [[-11881207.8144 -10925298.6538  21054988.1355]
 [ 12355413.6421 -22810805.9242   4960529.8833]
 [ 14286040.4117  -6460980.4159  21446431.5487]
 [ -3901097.2867 -21305619.164   15351202.2451]
 [  6362374.5513 -14991741.4745  20732297.5502]]
69409.000
 [[-11880197.8346 -10927787.2991  21054266.6619]
 [ 12355413.629  -22810118.4075   4963674.1999]
 [ 14287749.691   -6458858.6041  21445945.1514]
 [ -3900183.3497 -21307330.7102  15348977.9608]
 [  6363944.2449 -14989579.4557  20733412.3697]]
69412.000
 [[-11877168.9305 -10935253.0679  21052099.5446]
 [ 12355412.9822 -22808053.6236   4973106.5053]
 [ 14292878.0194  -6452494.0467  21444483.2241]
 [ -3897442.6616 -21312464.1048  15342303.1459]
 [  6368654.5903 -14983093.2952  20736754.1224]]
69414.000
 [[-11875150.524  -10940230.1071  21050652.5527]
 [ 12355412.0451 -22806675.2399   4979394.1711]
 [ 14296297.3131  -6448251.7409  21443506.3266]
 [ -3895616.4723 -21315885.3307  15337851.6348]
 [  6371795.8741 -14978769.1024  20738979.7022]]
69416.000
 [[-11873132.8081 -10945207.0336  21049203.7634]
 [ 12355410.7038 -22805295.3672   4985681.4057]
 [ 14299716.9328  -6444010.0214  21442527.6057]
 [ -3893791.0319 -21319305.7262  15333398.8166]
 [  6374938.0004 -14974444.8416  20741203.4776]]
69418.000
 [[-11871115.7829 -10950183.8469  21047753.1768]
 [ 12355408.9588 -22803914.0055   4991968.2087]
 [ 14303136.8781  -6439768.8888  21441547.0616]
 [ -3891966.34   -21322725.2908  15328944.6916]
 [  6378080.969  -14970120.5133  20743425.4483]]
69422.000
 [[-11867083.8045 -10960137.1324  21044846.6121]
 [ 12355404.2592 -22801146.8149   5004540.5182]
 [ 14309977.7443  -6431288.3847  21439580.5039]
 [ -3888319.2013 -21329561.9262  15320032.5225]
 [  6384369.433  -14961471.6563  20747863.9754]]
69424.000
 [[-11865068.8516 -10965113.6033  21043390.6343]
 [ 12355401.3056 -22799760.986    5010826.0235]
 [ 14313398.6643  -6427049.0142  21438594.4905]
 [ -3886496.7543 -21332978.9959  15315574.4792]
 [  6387514.9278 -14957147.1287  20750080.5312]]
69425.000
 [[-11864061.6343 -10967601.7954  21042661.9717]
 [ 12355399.6779 -22799067.5132   5013968.6133]
 [ 14315109.2458  -6424929.5497  21438100.8002]
 [ -3885585.8115 -21334687.2185  15313344.9682]
 [  6389087.9907 -14954984.8405  20751188.1321]]
69427.000
 [[-11862047.7183 -10972578.0927  21041203.2988]
 [ 12355396.1211 -22797679.4508   5020253.4673]
 [ 14318530.6515  -6420691.0622  21437112.0525]
 [ -3883764.487  -21338103.0388  15308884.9674]
 [  6392234.7475 -14950660.2155  20753401.9797]]
69428.000
 [[-11861041.0194 -10975066.1979  21040473.2886]
 [ 12355394.1921 -22796984.8612   5023395.7313]
 [ 14320241.4756  -6418572.0392  21436616.9951]
 [ -3882854.1052 -21339810.6364  15306654.4778]
 [  6393808.4413 -14948497.8788  20754508.2264]]
69429.000
 [[-11860034.4933 -10977554.274   21039742.8293]
 [ 12355392.1629 -22796289.8993   5026537.8866]
 [ 14321952.3806  -6416453.1634  21436121.482 ]
 [ -3881943.9104 -21341518.0257  15304423.6619]
 [  6395382.3456 -14946335.5261  20755614.0217]]
69431.000
 [[-11858021.9595 -10982530.3391  21038280.5633]
 [ 12355387.8039 -22794898.8584   5032821.8712]
 [ 14325374.4331  -6412215.8534  21435129.0888]
 [ -3880124.0813 -21344932.1791  15299961.0518]
 [  6398530.7851 -14942010.7724  20757824.258 ]]
69432.000
 [[-11857015.9518 -10985018.3278  21037548.7566]
 [ 12355385.4742 -22794202.7795   5035963.7001]
 [ 14327085.5804  -6410097.4194  21434632.2087]
 [ -3879214.4471 -21346638.9431  15297729.2577]
 [  6400105.3203 -14939848.3717  20758928.6989]]
69433.000
 [[-11856010.1169 -10987506.2872  21036816.5008]
 [ 12355383.0445 -22793506.3283   5039105.4201]
 [ 14328796.8084  -6407979.1329  21434134.873 ]
 [ -3878304.9998 -21348345.4984  15295497.1376]
 [  6401680.0657 -14937685.9552  20760032.6883]]
69434.000
 [[-11855004.4549 -10989994.2172  21036083.796 ]
 [ 12355380.5147 -22792809.5048   5042247.0311]
 [ 14330508.117   -6405860.9937  21433637.0816]
 [ -3877395.7393 -21350051.845   15293264.6915]
 [  6403255.0213 -14935523.5229  20761136.2262]]
69435.000
 [[-11853998.9658 -10992482.1178  21035350.6421]
 [ 12355377.885  -22792112.3089   5045388.533 ]
 [ 14332219.5061  -6403743.002   21433138.8346]
 [ -3876486.6657 -21351757.983   15291031.9196]
 [  6404830.1872 -14933361.075   20762239.3125]]
69437.000
 [[-11851988.5061 -10997457.8303  21033882.9873]
 [ 12355372.3259 -22790716.8003   5051671.2092]
 [ 14335642.5257  -6399507.4614  21432140.9738]
 [ -3874669.079  -21355169.6325  15286565.3983]
 [  6407981.1493 -14929036.1324  20764444.1303]]
69438.000
 [[-11850983.5356 -10999945.6421  21033148.4863]
 [ 12355369.3967 -22790018.4874   5054812.3833]
 [ 14337354.1562  -6397389.9125  21431641.36  ]
 [ -3873760.5659 -21356875.144   15284331.6491]
 [  6409556.9455 -14926873.6379  20765545.8618]]
69439.000
 [[-11849978.7381 -11002433.4242  21032413.5364]
 [ 12355366.3677 -22789319.8023   5057953.4481]
 [ 14339065.867   -6395272.5113  21431141.2907]
 [ -3872852.2395 -21358580.4465  15282097.5741]
 [  6411132.9518 -14924711.128   20766647.1416]]
69440.000
 [[-11848974.1134 -11004921.1766  21031678.1376]
 [ 12355363.239  -22788620.7448   5061094.4034]
 [ 14340777.6581  -6393155.2578  21430640.7658]
 [ -3871944.0999 -21360285.54    15279863.1735]
 [  6412709.1682 -14922548.6027  20767747.9698]]
69441.000
 [[-11847969.6617 -11007408.8991  21030942.2897]
 [ 12355360.0106 -22787921.315    5064235.2493]
 [ 14342489.5295  -6391038.1521  21430139.7853]
 [ -3871036.1471 -21361990.4245  15277628.4473]
 [  6414285.5947 -14920386.0622  20768848.3463]]
69442.000
 [[-11846965.3829 -11009896.5918  21030205.9929]
 [ 12355356.6828 -22787221.5128   5067375.9856]
 [ 14344201.4811  -6388921.1941  21429638.3492]
 [ -3870128.3809 -21363695.0998  15275393.3954]
 [  6415862.2312 -14918223.5064  20769948.2711]]
69444.000
 [[-11844957.3443 -11014871.8869  21028732.0526]
 [ 12355349.7284 -22785820.7914   5073657.129 ]
 [ 14347625.6246  -6384687.722   21428634.1106]
 [ -3868313.4089 -21367103.8229  15270922.3154]
 [  6419016.1341 -14913898.3497  20772146.7653]]
69445.000
 [[-11843953.5845 -11017359.4892  21027994.4091]
 [ 12355346.102  -22785119.8723   5076797.5359]
 [ 14349337.8164  -6382571.2079  21428131.3081]
 [ -3867406.203  -21368807.8704  15268686.2874]
 [  6420593.4004 -14911735.7489  20773245.3347]]
69446.000
 [[-11842949.9978 -11019847.0614  21027256.3168]
 [ 12355342.3762 -22784418.5808   5079937.8329]
 [ 14351050.0882  -6380454.8419  21427628.05  ]
 [ -3866499.1838 -21370511.7086  15266449.9339]
 [  6422170.8766 -14909573.1333  20774343.4523]]
69448.000
 [[-11840943.3433 -11024822.1148  21025778.7856]
 [ 12355334.6268 -22783014.8808   5086218.0971]
 [ 14354474.8716  -6376222.5542  21426620.1675]
 [ -3864685.7054 -21373918.7567  15261976.2512]
 [  6425326.4586 -14905247.8574  20776538.332 ]]
69450.000
 [[-11838937.381  -11029797.0468  21024299.459 ]
 [ 12355326.4805 -22781609.6914   5092497.9211]
 [ 14357899.9744  -6371990.859   21425610.4631]
 [ -3862872.9736 -21377324.9667  15257501.2675]
 [  6428482.8801 -14900922.5227  20778731.4041]]
69453.000
 [[-11835929.7353 -11037259.216   21022077.1032]
 [ 12355313.5182 -22779499.1144   5101916.8304]
 [ 14363038.2269  -6365644.4278  21424092.4908]
 [ -3860155.2751 -21382432.7094  15250786.3535]
 [  6433219.0858 -14894434.4113  20782017.6229]]
69457.000
 [[-11831921.9643 -11047208.3453  21019107.6797]
 [ 12355294.8504 -22776679.7983   5114473.8307]
 [ 14369890.3449  -6357184.5967  21422062.1519]
 [ -3856534.2883 -21389240.0958  15241828.5847]
 [  6439536.9635 -14885783.3946  20786392.92  ]]
69458.000
 [[-11830920.4543 -11049695.5504  21018364.2021]
 [ 12355289.9365 -22775974.0383   5117612.8042]
 [ 14371603.5731  -6355070.0102  21421553.4288]
 [ -3855629.5079 -21390941.4174  15239588.3304]
 [  6441116.957  -14883620.605   20787485.6142]]
69461.000
 [[-11827916.9636 -11057156.9789  21016131.0773]
 [ 12355274.603  -22773854.5241   5127029.0597]
 [ 14376743.7334  -6348727.1427  21420024.5274]
 [ -3852916.2854 -21396044.1214  15232865.6191]
 [  6445858.195  -14877132.1523  20790760.9838]]
69462.000
 [[-11826916.1464 -11059644.0595  21015385.8051]
 [ 12355269.2948 -22773147.2746   5130167.5898]
 [ 14378457.2788  -6346613.1509  21419513.9829]
 [ -3852012.2508 -21397744.6023  15230624.066 ]
 [  6447439.0269 -14874969.307   20791851.8694]]
69466.000
 [[-11822914.6095 -11069592.0681  21012400.2305]
 [ 12355247.078  -22770314.5525   5142720.5991]
 [ 14385312.2514  -6338158.6721  21417467.2522]
 [ -3848397.976  -21404544.4222  15221654.6082]
 [  6453764.4492 -14866317.7884  20796210.8895]]
69467.000
 [[-11821914.6584 -11072078.9915  21011652.7154]
 [ 12355241.2781 -22769605.441    5145858.5733]
 [ 14387026.1921  -6336045.4248  21416954.4314]
 [ -3847494.8733 -21406243.8509  15219411.4327]
 [  6455346.3283 -14864154.8749  20797299.5138]]
69470.000
 [[-11818915.8448 -11079539.5716  21009407.4793]
 [ 12355223.2894 -22767475.8719   5155271.8273]
 [ 14392168.4875  -6329706.5771  21415413.2375]
 [ -3844786.6829 -21411340.8731  15212679.9603]
 [  6460093.222  -14857666.0541  20800562.6729]]
69472.000
 [[-11816917.5021 -11084513.1328  21007908.4127]
 [ 12355210.8068 -22766054.2971   5161546.7724]
 [ 14395597.0785  -6325481.4242  21414383.4988]
 [ -3842982.1539 -21414737.8342  15208190.6908]
 [  6463258.8645 -14853340.1071  20802735.8505]]
69474.000
 [[-11814919.8525 -11089486.5664  21006407.5524]
 [ 12355197.9327 -22764631.2325   5167821.2708]
 [ 14399025.9844  -6321256.8682  21413351.9393]
 [ -3841178.3698 -21418133.9519  15203700.1248]
 [  6466425.3443 -14849014.1076  20804907.2185]]
69475.000
 [[-11813921.2877 -11091973.2352  21005656.4495]
 [ 12355191.349  -22763919.1415   5170958.3523]
 [ 14400740.5552  -6319144.8141  21412835.4768]
 [ -3840276.757  -21419831.6943  15201454.3557]
 [  6468008.8982 -14846851.0883  20805992.2238]]
69478.000
 [[-11810926.6333 -11099433.0487  21003400.4507]
 [ 12355171.0116 -22761780.6338   5180368.9254]
 [ 14405884.7391  -6312809.548   21411283.3584]
 [ -3837573.0355 -21424923.6549  15194715.1044]
 [  6472760.815  -14840361.9532  20809244.5249]]
69479.000
 [[-11809928.7619 -11101919.5887  21002647.5544]
 [ 12355164.0372 -22761067.0531   5183505.5589]
 [ 14407599.6239  -6310698.0916  21410765.0753]
 [ -3836672.1672 -21426620.5528  15192468.0396]
 [  6474345.2055 -14838198.8826  20810327.7201]]
69480.000
 [[-11808931.0639 -11104406.0962  21001894.2098]
 [ 12355156.9654 -22760353.0998   5186642.0803]
 [ 14409314.5871  -6308586.7847  21410246.3371]
 [ -3835771.4851 -21428317.2394  15190220.6509]
 [  6475929.8053 -14836035.7994  20811410.4628]]
69481.000
 [[-11807933.5393 -11106892.5713  21001140.4168]
 [ 12355149.7961 -22759638.7741   5189778.4895]
 [ 14411029.6285  -6306475.6274  21409727.1439]
 [ -3834870.9891 -21430013.7146  15187972.9385]
 [  6477514.6141 -14833872.7036  20812492.7529]]
69482.000
 [[-11806936.1881 -11109379.0139  21000386.1755]
 [ 12355142.5293 -22758924.076    5192914.7863]
 [ 14412744.7483  -6304364.6198  21409207.4955]
 [ -3833970.6792 -21431709.9784  15185724.9025]
 [  6479099.6319 -14831709.5954  20813574.5904]]
69483.000
 [[-11805939.0104 -11111865.4238  20999631.486 ]
 [ 12355135.1652 -22758209.0054   5196050.9707]
 [ 14414459.9462  -6302253.7619  21408687.3921]
 [ -3833070.5553 -21433406.0308  15183476.5427]
 [  6480684.8589 -14829546.4747  20814655.9753]]
69484.000
 [[-11804942.0061 -11114351.8011  20998876.3482]
 [ 12355127.7038 -22757493.5624   5199187.0427]
 [ 14416175.2222  -6300143.0538  21408166.8337]
 [ -3832170.6175 -21435101.8717  15181227.8594]
 [  6482270.2948 -14827383.3416  20815736.9075]]
69486.000
 [[-11802948.5178 -11119324.4574  20997364.7278]
 [ 12355112.4892 -22756061.5589   5205458.849 ]
 [ 14419606.0086  -6295922.0868  21407124.3516]
 [ -3830371.3    -21438492.9186  15176729.522 ]
 [  6485441.7936 -14823057.0387  20817897.4137]]
69487.000
 [[-11801952.0339 -11121810.7364  20996608.2453]
 [ 12355104.7362 -22755344.9985   5208594.5832]
 [ 14421321.5188  -6293811.8281  21406602.428 ]
 [ -3829471.9202 -21440188.1246  15174479.8681]
 [  6487027.8564 -14820893.8689  20818976.9878]]
69488.000
 [[-11800955.7234 -11124296.9824  20995851.3145]
 [ 12355096.8862 -22754628.0656   5211730.2047]
 [ 14423037.107   -6291701.7194  21406080.0494]
 [ -3828572.7264 -21441883.1189  15172229.8907]
 [  6488614.1283 -14818730.687   20820056.1091]]
69490.000
 [[-11798963.6229 -11129269.3756  20994336.1085]
 [ 12355080.895  -22753193.0823   5218001.1094]
 [ 14426468.5172  -6287481.9516  21405033.9272]
 [ -3826774.8966 -21445272.472   15167728.9658]
 [  6491787.2986 -14814404.2872  20822212.9934]]
69491.000
 [[-11797967.833  -11131755.5225  20993577.8333]
 [ 12355072.754  -22752475.0319   5221136.3924]
 [ 14428184.339   -6285372.2928  21404510.1836]
 [ -3825876.2606 -21446966.8307  15165478.0184]
 [  6493374.1971 -14812241.0693  20823290.7564]]
69493.000
 [[-11795976.7735 -11136727.7169  20992059.9383]
 [ 12355056.1815 -22751037.8137   5227406.6194]
 [ 14431616.2159  -6281153.4254  21403461.3315]
 [ -3824079.5463 -21450354.9123  15160975.1539]
 [  6496548.6206 -14807914.5982  20825444.9238]]
69494.000
 [[-11794981.5041 -11139213.7642  20991300.3187]
 [ 12355047.7501 -22750318.6459   5230541.5632]
 [ 14433332.2709  -6279044.217   21402936.223 ]
 [ -3823181.4679 -21452048.635   15158723.2368]
 [  6498136.1456 -14805751.345   20826521.3282]]
69495.000
 [[-11793986.4083 -11141699.7781  20990540.251 ]
 [ 12355039.2219 -22749599.1056   5233676.3939]
 [ 14435048.4035  -6276935.1588  21402410.6596]
 [ -3822283.5754 -21453742.1456  15156470.9967]
 [  6499723.8793 -14803588.0802  20827597.2797]]
69497.000
 [[-11791996.7374 -11146671.7055  20989018.7713]
 [ 12355021.8758 -22748158.9075   5239945.7153]
 [ 14438480.9014  -6272717.4933  21401358.1681]
 [ -3820488.348  -21457128.5301  15151965.5473]
 [  6502899.9728 -14799261.516   20829747.8238]]
69499.000
 [[-11790007.7609 -11151643.4986  20987495.4996]
 [ 12355004.1434 -22746717.2195   5246214.5831]
 [ 14441913.709   -6268500.4293  21400303.857 ]
 [ -3818693.8638 -21460514.0654  15147458.8061]
 [  6506076.9011 -14794934.9061  20831896.5561]]
69501.000
 [[-11788019.4789 -11156615.1567  20985970.4358]
 [ 12354986.0252 -22745274.0416   5252482.9965]
 [ 14445346.8261  -6264283.9674  21399247.7264]
 [ -3816900.1229 -21463898.7508  15142950.7735]
 [  6509254.6638 -14790608.2513  20834043.4762]]
69505.000
 [[-11784044.9987 -11166558.0664  20982914.9326]
 [ 12354948.6333 -22742383.2156   5265018.4588]
 [ 14452213.9871  -6255852.8503  21397130.0071]
 [ -3813314.8699 -21470665.571   15133930.8354]
 [  6515612.6922 -14781954.808   20838331.8796]]
69509.000
 [[-11780073.2972 -11176500.4311  20979852.2628]
 [ 12354909.7038 -22739486.4293   5277552.0983]
 [ 14459082.3816  -6247424.1447  21395005.0109]
 [ -3809732.5873 -21477428.9872  15124905.7355]
 [  6521974.0567 -14773301.1901  20842613.0327]]
69510.000
 [[-11779080.8061 -11178985.9366  20979085.4757]
 [ 12354899.7316 -22738761.3014   5280685.2228]
 [ 14460799.6725  -6245317.3454  21394472.6249]
 [ -3808837.4807 -21479119.309   15122648.6543]
 [  6523564.9189 -14771137.7589  20843682.188 ]]
69512.000
 [[-11777096.345  -11183956.8443  20977550.558 ]
 [ 12354879.4998 -22737309.9279   5286951.1291]
 [ 14464234.485   -6241104.1996  21393406.4887]
 [ -3807047.8242 -21482499.3134  15118133.5249]
 [  6526747.2686 -14766810.8648  20845819.1388]]
69514.000
 [[-11775112.5789 -11188927.614   20976013.8491]
 [ 12354858.8851 -22735857.0644   5293216.5777]
 [ 14467669.6044  -6236891.6579  21392338.5336]
 [ -3805258.9098 -21485878.4652  15113617.1064]
 [  6529930.4515 -14762483.9289  20847954.2764]]
69517.000
 [[-11772138.2332 -11196383.5083  20973705.4275]
 [ 12354827.2461 -22733674.9749   5302613.8914]
 [ 14472822.8582  -6230573.979   21390733.1908]
 [ -3802576.9296 -21490945.5934  15106840.0623]
 [  6534706.7881 -14755993.4479  20851153.5827]]
69519.000
 [[-11770156.205  -11201353.9303  20972164.2412]
 [ 12354805.676  -22732218.3859   5308878.1937]
 [ 14476258.7434  -6226362.9492  21389660.6889]
 [ -3800789.87   -21494322.6118  15102320.4226]
 [  6537892.0536 -14751666.4099  20853284.1866]]
69521.000
 [[-11768174.8721 -11206324.2124  20970621.2641]
 [ 12354783.7246 -22730760.3067   5315142.0363]
 [ 14479694.9341  -6222152.5248  21388586.3685]
 [ -3799003.5522 -21497698.7761  15097799.4952]
 [  6541078.1518 -14747339.3322  20855412.9767]]
69523.000
 [[-11766194.2347 -11211294.3538  20969076.4965]
 [ 12354761.3923 -22729300.7373   5321405.4188]
 [ 14483131.43    -6217942.7063  21387510.2296]
 [ -3797217.9761 -21501074.0856  15093277.2803]
 [  6544265.0823 -14743012.2151  20857539.9527]]
69527.000
 [[-11762235.0465 -11221234.2131  20965981.59  ]
 [ 12354715.5864 -22726377.1279   5333930.8012]
 [ 14490005.3356  -6209524.888   21385352.4969]
 [ -3793649.0479 -21507822.139   15084228.9899]
 [  6550641.44   -14734357.8653  20861788.4623]]
69528.000
 [[ 12354703.8974 -22725645.2943   5337061.8583]
 [ 14491724.002   -6207420.8128  21384811.9273]
 [ -3792757.2793 -21509508.6174  15081966.1133]
 [  6552236.0492 -14732194.2542  20862849.4556]]
69530.000
 [[ 12354680.235  -22724180.5092   5343323.6258]
 [ 14495161.5628  -6203213.1175  21383729.4247]
 [ -3790974.2978 -21512880.932   15077439.3956]
 [  6555425.8916 -14727867.004   20864970.0813]]
69531.000
 [[-11758278.641  -11231173.5038  20962879.5227]
 [ 12354668.2618 -22723447.5577   5346454.3364]
 [ 14496880.457   -6201109.4975  21383187.4916]
 [ -3790083.0848 -21514566.7681  15075175.5545]
 [  6557021.1247 -14725703.3649  20866029.7137]]
69533.000
 [[-11756301.482  -11236142.9348  20961325.8041]
 [ 12354644.0313 -22721980.537    5352715.4103]
 [ 14500318.473   -6196902.7131  21382102.2618]
 [ -3788301.2144 -21517937.7979  15070646.908 ]
 [  6560212.2147 -14721376.0592  20868147.6173]]
69536.000
 [[-11753337.0481 -11243596.8122  20958991.8702]
 [ 12354606.9764 -22719777.2116   5362106.1525]
 [ 14505476.0647  -6190593.6763  21380471.0087]
 [ -3785629.7975 -21522992.7348  15063851.5286]
 [  6565000.4084 -14714885.0331  20871321.0696]]
69540.000
 [[-11749386.9057 -11253534.8098  20955873.6948]
 [ 12354556.2482 -22716834.2281   5374625.5171]
 [ 14512353.9112  -6182183.757   21378289.6425]
 [ -3782070.5    -21529729.6474  15054786.5268]
 [  6571387.575  -14706230.2082  20875545.9857]]
69541.000
 [[-11748399.8052 -11256019.2184  20955093.0326]
 [ 12354543.3305 -22716097.5508   5377755.0676]
 [ 14514073.5614  -6180081.6578  21377743.165 ]
 [ -3781181.1384 -21531413.3389  15052519.4737]
 [  6572984.8858 -14704066.4805  20876601.08  ]]
69543.000
 [[-11746426.1265 -11260987.9263  20953530.3662]
 [ 12354517.2128 -22714623.0784   5384013.8195]
 [ 14517513.0876  -6175877.9164  21376648.8468]
 [ -3779402.9702 -21534780.0774  15047984.405 ]
 [  6576180.1303 -14699738.9995  20878709.9069]]
69544.000
 [[-11745439.5482 -11263472.2254  20952748.3621]
 [ 12354504.0128 -22713885.2833   5387143.0207]
 [ 14519232.9635  -6173776.2744  21376101.0062]
 [ -3778514.1637 -21536463.1243  15045716.3894]
 [  6577778.0639 -14697575.2465  20879763.6394]]
69546.000
 [[-11743466.914  -11268440.7137  20951183.0121]
 [ 12354477.331  -22712408.5753   5393401.0732]
 [ 14522672.9409  -6169573.4478  21375003.962 ]
 [ -3776737.1055 -21539828.5733  15041179.3958]
 [  6580974.5538 -14693247.7156  20881869.7423]]
69549.000
 [[-11740509.2686 -11275893.1703  20948831.6328]
 [ 12354436.6044 -22710190.7188   5402787.2765]
 [ 14527833.4697  -6163270.3522  21373354.9883]
 [ -3774072.9055 -21544875.1335  15034371.5004]
 [  6585770.8448 -14686756.3583  20885025.4914]]
69553.000
 [[-11736568.1796 -11285829.2614  20945690.2   ]
 [ 12354380.9905 -22707228.3604   5415300.5769]
 [ 14534715.2235  -6154868.3626  21371149.997 ]
 [ -3770523.2274 -21551600.8669  15025289.819 ]
 [  6592168.8032 -14678101.1041  20889226.7994]]
69555.000
 [[-11734598.6802 -11290797.084   20944116.8008]
 [ 12354352.6223 -22705744.9455   5421556.5242]
 [ 14538156.5489  -6150668.2849  21370044.776 ]
 [ -3768749.4974 -21554962.441   15020747.056 ]
 [  6595369.0266 -14673773.4306  20891324.7284]]
69558.000
 [[-11731645.7377 -11298248.5374  20941753.349 ]
 [ 12354309.3698 -22703517.0286   5430939.5649]
 [ 14543319.0965  -6144369.3157  21368383.5379]
 [ -3766090.2885 -21560003.1852  15013930.5095]
 [  6600170.916  -14667281.8639  20894468.2151]]
69562.000
 [[-11727710.9205 -11308183.2827  20938595.8215]
 [ 12354250.395  -22700541.2561   5443448.6401]
 [ 14550203.5356  -6135972.8338  21366162.1956]
 [ -3762547.2631 -21566721.1568  15004837.2994]
 [  6606576.3358 -14658626.3391  20898653.1704]]
69566.000
 [[-11723778.8917 -11318117.4235  20935431.1425]
 [ 12354189.9322 -22697559.5214   5455955.8306]
 [ 14557089.1633  -6127578.804   21363933.5874]
 [ -3759007.1922 -21573435.673   14995738.97  ]
 [  6612985.0697 -14649970.7006  20902830.8558]]
69567.000
 [[-11722796.3203 -11320600.8638  20934638.8555]
 [ 12354174.5845 -22696813.1562   5459082.3333]
 [ 14558810.7556  -6125480.68    21363375.3002]
 [ -3758122.636  -21575113.7617  14993463.5881]
 [  6614587.7707 -14647806.7737  20903874.1411]]
69568.000
 [[-11721813.9232 -11323084.2658  20933846.1216]
 [ 12354159.1439 -22696066.4183   5462208.7178]
 [ 14560532.4219  -6123382.7096  21362816.5589]
 [ -3757238.2645 -21576791.6341  14991187.8866]
 [  6616190.6787 -14645642.8401  20904916.9718]]
69569.000
 [[-11720831.7005 -11325567.6296  20933052.9408]
 [ 12354143.6107 -22695319.3078   5465334.984 ]
 [ 14562254.1621  -6121284.8927  21362257.3636]
 [ -3756354.0776 -21578469.2902  14988911.8654]
 [  6617793.7936 -14643478.8999  20905959.348 ]]
69571.000
 [[-11718867.7782 -11330534.2424  20931465.2388]
 [ 12354112.2665 -22693823.969    5471587.1615]
 [ 14565697.8642  -6117089.7198  21361137.6108]
 [ -3754586.2573 -21581823.9533  14984358.8643]
 [  6621000.6442 -14639150.9996  20908042.7369]]
69573.000
 [[-11716904.5532 -11335500.7018  20929875.7494]
 [ 12354080.5523 -22692327.1394   5477838.8655]
 [ 14569141.8619  -6112895.1614  21360016.0421]
 [ -3752819.175  -21585177.7505  14979804.5849]
 [  6624208.3225 -14634823.0732  20910124.3076]]
69575.000
 [[-11714942.0258 -11340467.0074  20928284.4729]
 [ 12354048.4686 -22690828.8192   5484090.0956]
 [ 14572586.1546  -6108701.2179  21358892.6573]
 [ -3751052.8304 -21588530.6816  14975249.0276]
 [  6627416.8283 -14630495.1212  20912204.0599]]
69576.000
 [[-11713961.0236 -11342950.1023  20927488.1645]
 [ 12354032.2882 -22690079.1001   5487215.5327]
 [ 14574308.4114  -6106604.4768  21358330.284 ]
 [ -3750169.9348 -21590206.8221  14972970.7699]
 [  6629021.3914 -14628331.1358  20913243.254 ]]
69577.000
 [[-11712980.1959 -11345433.1584  20926691.4094]
 [ 12354016.0157 -22689329.0084   5490340.851 ]
 [ 14576030.7418  -6104507.8897  21357767.4568]
 [ -3749287.2237 -21591882.7458  14970692.193 ]
 [  6630626.1612 -14626167.1443  20914281.9935]]
69578.000
 [[-11711999.5427 -11347916.1757  20925894.2076]
 [ 12353999.6509 -22688578.5441   5493466.0504]
 [ 14577753.1457  -6102411.4566  21357204.1756]
 [ -3748404.6969 -21593558.4527  14968413.2969]
 [  6632231.1377 -14624003.1467  20915320.2783]]
69579.000
 [[-11711019.064  -11350399.1541  20925096.5591]
 [ 12353983.194  -22687827.7072   5496591.1309]
 [ 14579475.6231  -6100315.1775  21356640.4406]
 [ -3747522.3546 -21595233.9427  14966134.0816]
 [  6633836.3209 -14621839.1432  20916358.1083]]
69581.000
 [[-11709058.6298 -11355364.9941  20923499.9221]
 [ 12353950.0039 -22686324.9153   5502840.9349]
 [ 14582920.798   -6096123.0814  21355511.6088]
 [ -3745758.2232 -21598584.2719  14961574.6937]
 [  6637047.3072 -14617511.1183  20918432.4042]]
69583.000
 [[-11707098.8935 -11360330.678   20921901.4985]
 [ 12353916.4461 -22684820.6328   5509090.2627]
 [ 14586366.2664  -6091931.6017  21354380.9614]
 [ -3743994.829  -21601933.733   14957014.0294]
 [  6640259.1202 -14613183.07    20920504.881 ]]
69584.000
 [[-11706119.2871 -11362813.4613  20921101.6168]
 [ 12353899.5294 -22684067.9325   5512214.7478]
 [ 14588089.1105  -6089836.0931  21353814.9569]
 [ -3743113.4083 -21603608.1378  14954733.2188]
 [  6641865.3366 -14611019.0373  20921540.4371]]
69585.000
 [[-11705139.8552 -11365296.2054  20920301.2884]
 [ 12353882.5208 -22683314.8596   5515339.1136]
 [ 14589812.0277  -6087740.7387  21353248.4986]
 [ -3742232.1719 -21605282.3255  14952452.0892]
 [  6643471.7596 -14608854.999   20922575.5385]]
69586.000
 [[-11704160.5978 -11367778.9101  20919500.5135]
 [ 12353865.4206 -22682561.414    5518463.3601]
 [ 14591535.0181  -6085645.5386  21352681.5865]
 [ -3741351.1198 -21606956.2959  14950170.6409]
 [  6645078.3891 -14606690.9551  20923610.1849]]
69587.000
 [[-11703181.5149 -11370261.5754  20918699.2921]
 [ 12353848.2286 -22681807.5958   5521587.4871]
 [ 14593258.0816  -6083550.4929  21352114.2205]
 [ -3740470.252  -21608630.0489  14947888.8737]
 [  6646685.225  -14604526.9057  20924644.3765]]
69589.000
 [[-11701223.8729 -11375226.7877  20917095.5096]
 [ 12353813.5697 -22680298.8414   5527835.3825]
 [ 14596704.4276  -6079360.8648  21350978.1272]
 [ -3738709.069  -21611976.9028  14943324.3831]
 [  6649899.5163 -14600198.7908  20926711.3949]]
69591.000
 [[-11699266.929  -11380191.8417  20915489.9411]
 [ 12353778.5448 -22678788.5963   5534082.7994]
 [ 14600151.0653  -6075171.8545  21349840.2188]
 [ -3736948.6228 -21615322.8868  14938758.6178]
 [  6653114.6334 -14595870.6548  20928776.5934]]
69593.000
 [[-11697310.6834 -11385156.737   20913882.5867]
 [ 12353743.1541 -22677276.8606   5540329.7372]
 [ 14603597.9945  -6070983.4624  21348700.4954]
 [ -3735188.9131 -21618668.0004  14934191.5781]
 [  6656330.576  -14591542.4981  20930839.9721]]
69594.000
 [[-11696332.8225 -11387639.1249  20913078.2398]
 [ 12353725.3218 -22676520.4337   5543453.0263]
 [ 14605321.5682  -6068889.4982  21348129.9531]
 [ -3734309.3345 -21620340.2306  14931907.5805]
 [  6657938.8568 -14589378.4122  20931870.9788]]
69595.000
 [[-11695355.1362 -11390121.473   20912273.4465]
 [ 12353707.3983 -22675763.6342   5546576.1955]
 [ 14607045.2146  -6066795.6888  21347558.9571]
 [ -3733429.94   -21622012.2431  14929623.2645]
 [  6659547.3439 -14587214.3213  20932901.5306]]
69598.000
 [[-11692423.125  -11397568.2772  20909856.3883]
 [ 12353653.0806 -22673490.9996   5555944.9825]
 [ 14612216.5894  -6060515.1891  21345843.2469]
 [ -3730792.8609 -21627026.9735  14922768.4062]
 [  6664374.0428 -14580722.0196  20935990.4552]]
69599.000
 [[-11691446.1372 -11400050.4651  20909049.8095]
 [ 12353634.7925 -22672732.7094   5559067.6711]
 [ 14613940.5261  -6058421.9989  21345270.4361]
 [ -3729914.2026 -21628698.1143  14920482.8168]
 [  6665983.3548 -14578557.9095  20937019.1865]]
69602.000
 [[-11688516.2218 -11407496.7871  20906627.3951]
 [ 12353579.3827 -22670455.6026   5568435.0148]
 [ 14619112.7706  -6052143.3578  21343549.282 ]
 [ -3727279.3317 -21633710.2284  14913624.1397]
 [  6670812.528  -14572065.5519  20940102.6493]]
69605.000
 [[-11685587.8785 -11414942.7454  20904200.9643]
 [ 12353523.1555 -22668175.1418   5577801.274 ]
 [ 14624285.6657  -6045866.1122  21341824.0454]
 [ -3724646.1165 -21638720.3786  14906762.6001]
 [  6675643.5562 -14565573.1545  20943182.0152]]
69607.000
 [[-11683636.5232 -11419906.5147  20902581.1125]
 [ 12353485.2174 -22666652.9712   5584044.8433]
 [ 14627734.6232  -6041682.0575  21340671.6197]
 [ -3722891.5592 -21642059.3869  14902186.6505]
 [  6678865.2718 -14561244.8682  20945232.6493]]
69611.000
 [[-11679735.9094 -11429833.5641  20899336.0546]
 [ 12353408.255  -22663604.1578   5596530.5314]
 [ 14634633.4026  -6033315.8115  21338361.3259]
 [ -3719384.6507 -21648734.7812  14893030.9379]
 [  6685311.1746 -14552588.2472  20949328.4536]]
69612.000
 [[-11678761.1928 -11432315.2241  20898523.6748]
 [ 12353388.7884 -22662841.0227   5599651.6508]
 [ 14636358.2771  -6031224.6385  21337782.6186]
 [ -3718508.3832 -21650403.0831  14890741.2155]
 [  6686923.165  -14550424.0822  20950351.2662]]
69616.000
 [[-11674864.0745 -11442241.4529  20895269.6946]
 [ 12353310.02   -22659784.7555   5612134.9158]
 [ 14643258.4929  -6022861.5017  21335463.255 ]
 [ -3715005.1504 -21657074.1025  14881579.1504]
 [  6693373.185  -14541767.3853  20954437.9622]]
69619.000
 [[-11671943.0713 -11449685.6908  20892824.526 ]
 [ 12353249.9979 -22657488.6419   5621496.0896]
 [ 14648434.4067  -6016590.7834  21333718.9711]
 [ -3712379.6548 -21662075.0678  14874704.2687]
 [  6698212.8605 -14535274.8257  20957498.2013]]
69622.000
 [[-11669023.6417 -11457129.555   20890375.3435]
 [ 12353189.1668 -22655189.1741   5630856.1683]
 [ 14653610.9634  -6010321.4672  21331970.6068]
 [ -3709755.812  -21667074.0605  14867826.5317]
 [  6703054.3869 -14528782.2366  20960554.3402]]
69623.000
 [[-11668050.8483 -11459610.7597  20889558.0574]
 [ 12353168.7102 -22654421.9395   5633975.951 ]
 [ 14655336.625   -6008232.0069  21331386.9119]
 [ -3708881.5649 -21668739.9528  14865533.3183]
 [  6704668.6403 -14526618.0339  20961572.1419]]
69625.000
 [[-11666105.786  -11464573.0438  20887922.1475]
 [ 12353127.5281 -22652886.3521   5640215.1504]
 [ 14658788.1619  -6004053.5542  21330218.1621]
 [ -3707133.6215 -21672071.0792  14860945.9405]
 [  6707897.7637 -14522289.6195  20963606.3784]]
69628.000
 [[-11663189.5044 -11472016.1555  20885464.9386]
 [ 12353065.0834 -22650580.1757   5649573.034 ]
 [ 14663966.0008  -5997787.0456  21328461.6377]
 [ -3704513.0827 -21677066.1225  14854062.4964]
 [  6712742.9902 -14515796.9763  20966654.3153]]
69629.000
 [[-11662217.7603 -11474497.1086  20884644.9773]
 [ 12353044.0896 -22649810.7049   5652692.0841]
 [ 14665692.0892  -5995698.5217  21327875.2229]
 [ -3703639.9368 -21678730.6977  14851767.3813]
 [  6714358.4767 -14513632.7565  20967669.3827]]
69631.000
 [[-11660274.7971 -11479458.8882  20883003.7172]
 [ 12353001.8341 -22648270.645    5658929.8173]
 [ 14669144.4787  -5991521.9427  21326701.0337]
 [ -3701894.1953 -21682059.1888  14847176.2007]
 [  6717590.0657 -14509304.3089  20969698.1503]]
69632.000
 [[-11659303.5779 -11481939.7146  20882182.4185]
 [ 12352980.5725 -22647500.0561   5662048.5002]
 [ 14670870.7797  -5989433.8876  21326113.2592]
 [ -3701021.5997 -21683723.1046  14844880.1354]
 [  6719206.1683 -14507140.0814  20970711.8504]]
69633.000
 [[-11658332.5337 -11484420.4986  20881360.674 ]
 [ 12352959.2216 -22646729.0945   5665167.0605]
 [ 14672597.1516  -5987345.9889  21325525.0315]
 [ -3700149.1875 -21685386.8005  14842583.7534]
 [  6720822.4762 -14504975.8514  20971725.0946]]
69634.000
 [[-11657361.6645 -11486901.2401  20880538.4838]
 [ 12352937.7817 -22645957.7601   5668285.4982]
 [ 14674323.5942  -5985258.2466  21324936.3506]
 [ -3699276.9587 -21687050.2765  14840287.0548]
 [  6722438.9894 -14502811.6191  20972737.8829]]
69636.000
 [[-11655420.4511 -11491862.5957  20878892.7662]
 [ 12352894.6346 -22644413.9734   5674522.0056]
 [ 14677776.6914  -5981083.2315  21323757.6291]
 [ -3697533.0513 -21690376.5683  14835692.708 ]
 [  6725672.6317 -14498483.1476  20974762.0919]]
69640.000
 [[-11651540.1243 -11501784.7949  20875595.9828]
 [ 12352807.2733 -22641321.9273   5686993.5463]
 [ 14684683.7327  -5972735.0796  21321394.7482]
 [ -3694047.436  -21697026.5103  14826500.2172]
 [  6732142.3789 -14489826.1791  20978805.0387]]
69643.000
 [[-11648631.717  -11509225.9944  20873118.7162]
 [ 12352740.8205 -22638998.9793   5696345.91  ]
 [ 14689864.7532  -5966475.6109  21319617.8297]
 [ -3691435.1487 -21702011.6535  14819602.5279]
 [  6736996.8435 -14483333.4325  20981832.4608]]
69644.000
 [[-11647662.598  -11511706.3081  20872292.0695]
 [ 12352718.4923 -22638223.9179   5699463.1181]
 [ 14691591.9006  -5964389.4349  21319024.6173]
 [ -3690564.7527 -21703672.927   14817302.6658]
 [  6738615.4084 -14481169.1801  20982840.6894]]
69647.000
 [[-11644756.2917 -11519146.9901  20869809.4561]
 [ 12352650.9768 -22635896.4975   5708814.0019]
 [ 14696773.7638  -5958131.8485  21317242.2619]
 [ -3687954.6638 -21708655.4237  14810401.1833]
 [  6743472.3334 -14474676.4135  20985862.6385]]
69648.000
 [[-11643787.8731 -11521627.1309  20868981.0273]
 [ 12352628.2949 -22635119.9453   5711930.7162]
 [ 14698501.1916  -5956046.3004  21316647.2373]
 [ -3687085.0004 -21710315.8146  14808100.0572]
 [  6745091.7183 -14472512.155   20986869.0426]]
69651.000
 [[-11640883.6681 -11529067.2924  20866493.0681]
 [ 12352559.7194 -22632788.0523   5721280.1171]
 [ 14703683.8951  -5949790.5984  21314859.4456]
 [ -3684477.1089 -21715295.6623  14801194.7837]
 [  6749951.1026 -14466019.3716  20989885.5178]]
69654.000
 [[-11637981.0395 -11536507.0613  20864001.1001]
 [ 12352490.3506 -22630452.8051   5730628.4036]
 [ 14708867.2272  -5943536.3111  21313067.5771]
 [ -3681870.8649 -21720273.5214  14794286.6684]
 [  6754812.3304 -14459526.5777  20992897.8869]]
69658.000
 [[-11634113.3205 -11546426.1396  20860672.2409]
 [ 12352396.6273 -22627333.9242   5743091.0489]
 [ 14715779.3121  -5935199.4642  21310672.078 ]
 [ -3678398.4348 -21726907.5709  14785071.4299]
 [  6761296.834  -14450869.506   20996907.9907]]
69662.000
 [[-11630248.4051 -11556344.5123  20857336.257 ]
 [ 12352301.4997 -22624209.0802   5755551.7051]
 [ 14722692.5087  -5926865.1376  21308269.3329]
 [ -3674928.9318 -21733538.0786  14775851.1449]
 [  6767784.6118 -14442212.4235  21000910.7923]]
69663.000
 [[-11629282.6143 -11558823.9949  20856501.1479]
 [ 12352277.4988 -22623426.9374   5758666.558 ]
 [ 14724420.9812  -5924781.9499  21307667.5145]
 [ -3674062.0132 -21735195.1518  14773545.2855]
 [  6769407.0678 -14440048.1516  21001910.3516]]
69665.000
 [[-11627351.5584 -11563782.8271  20854829.5941]
 [ 12352229.2347 -22621861.5336   5764895.89  ]
 [ 14727878.1342  -5920616.0476  21306462.5192]
 [ -3672328.7242 -21738508.6334  14768932.6209]
 [  6772652.5935 -14435719.6065  21003908.1009]]
69667.000
 [[-11625421.2035 -11568741.4813  20853156.2594]
 [ 12352180.6213 -22620294.6388   5771124.7231]
 [ 14731335.5638  -5916450.7763  21305255.7128]
 [ -3670596.1663 -21741821.2282  14764318.6959]
 [  6775898.9372 -14431391.0604  21005904.0241]]
69671.000
 [[-11621562.5972 -11578658.2534  20849804.2486]
 [ 12352082.3475 -22617156.3768   5783580.89  ]
 [ 14738251.2512  -5908122.1287  21302836.6668]
 [ -3667133.2434 -21748443.7551  14755087.0664]
 [  6782394.0776 -14422733.9674  21009890.3917]]
69673.000
 [[-11619634.3459 -11583616.3703  20848125.5727]
 [ 12352032.6881 -22615585.0095   5789808.2228]
 [ 14741709.5082  -5903958.753   21301624.4274]
 [ -3665402.878  -21751753.6864  14750469.3626]
 [  6785642.8739 -14418405.4215  21011880.8358]]
69676.000
 [[-11616743.2841 -11591053.2077  20845604.2211]
 [ 12351957.5472 -22613225.1632   5799148.2821]
 [ 14746897.4093  -5897714.8755  21299802.6733]
 [ -3662808.6996 -21756716.9169  14743540.4466]
 [  6790517.6004 -14411912.605   21014863.0767]]
69679.000
 [[-11613853.8007 -11598489.6378  20843078.8647]
 [ 12351881.6253 -22610861.9625   5808487.2118]
 [ 14752085.9276  -5891472.4226  21297976.8454]
 [ -3660216.1645 -21761678.1464  14736608.6997]
 [  6795394.1645 -14405419.793   21017841.2069]]
69680.000
 [[-11612890.9903 -11600968.3571  20842236.1894]
 [ 12351856.1446 -22610073.4835   5811599.937 ]
 [ 14753815.5707  -5889391.9217  21297367.3309]
 [ -3659352.3512 -21763331.4445  14734297.4885]
 [  6797020.0942 -14403255.5236  21018833.0035]]
69682.000
 [[-11610965.8958 -11605925.659   20840549.504 ]
 [ 12351804.9238 -22608495.4075   5817825.0101]
 [ 14757275.062   -5885231.3953  21296146.9441]
 [ -3657625.2721 -21766637.3732  14729674.123 ]
 [  6800272.5657 -14398926.9872  21020815.226 ]]
69683.000
 [[-11610003.6117 -11608404.2416  20839705.494 ]
 [ 12351779.1837 -22607705.8104   5820937.3578]
 [ 14759004.9101  -5883151.3699  21295536.0718]
 [ -3656762.0063 -21768290.0035  14727361.9688]
 [  6801899.1075 -14396762.7203  21021805.6519]]
69686.000
 [[-11607117.812  -11615839.7149  20837170.7949]
 [ 12351701.4452 -22605334.7828   5830273.6448]
 [ 14764194.8636  -5876912.2452  21293700.7398]
 [ -3654173.3034 -21773246.5579  14720423.621 ]
 [  6806779.957  -14390269.9255  21024774.1885]]
69687.000
 [[-11606156.2297 -11618318.1142  20836325.0056]
 [ 12351675.3598 -22604543.6949   5833385.4882]
 [ 14765924.9844  -5874832.8544  21293088.0574]
 [ -3653310.7672 -21774898.2969  14718110.2102]
 [  6808407.3146 -14388105.6629  21025762.7868]]
69689.000
 [[-11604233.5915 -11623274.7749  20834632.0926]
 [ 12351622.9306 -22602960.401    5839608.7961]
 [ 14769385.4299  -5870674.5491  21291861.3352]
 [ -3651586.2421 -21778201.106   14713482.4466]
 [  6811662.6416 -14383777.1413  21027738.6125]]
