310804.000
 [[ -4239606.7533 -17537984.7959  20107127.6789]
 [ 21584745.5423 -15146741.6096   2745948.3787]
 [-10339847.4337 -18891270.1393  15509628.8554]
 [ -3125777.2345 -26235790.7593  -1231461.4683]
 [ 22921610.7228  -5064691.9094  12406863.6892]
 [ 17814727.1108 -17096923.1677   9797761.5806]]
310804.000
 [[ -4239606.7533 -17537984.7959  20107127.6789]
 [ 21584745.5423 -15146741.6096   2745948.3787]
 [-10339847.4337 -18891270.1393  15509628.8554]
 [ -3125777.2345 -26235790.7593  -1231461.4683]
 [ 22921610.7228  -5064691.9094  12406863.6892]
 [ 17814727.1108 -17096923.1677   9797761.5806]]
