68658.000
 [[-12686275.6671  -9055545.6049  21468562.0057]
 [ 12323099.4634 -23222064.6311   2576875.5141]
 [ 13030398.4376  -8090196.0656  21682198.4444]
 [ -4640273.2133 -19967673.5532  16924197.2601]
 [  5245896.8034 -16603589.1295  19770920.8745]]
68660.000
 [[-12684005.5521  -9060528.2838  21467800.0644]
 [ 12323281.4027 -23221243.4941   2583286.5822]
 [ 13033668.4982  -8085760.1472  21681913.7936]
 [ -4638157.1801 -19971374.6059  16920263.4975]
 [  5248709.2691 -16599329.2747  19773812.2648]]
68661.000
 [[-12682870.7348  -9063019.6537  21467418.4064]
 [ 12323372.1607 -23220832.3774   2586492.0324]
 [ 13035303.7017  -8083542.3521  21681770.7762]
 [ -4637099.4577 -19973224.8873  16918296.0776]
 [  5250115.8382 -16597199.2447  19775257.3134]]
68662.000
 [[-12681736.0775  -9065511.0439  21467036.2902]
 [ 12323462.7776 -23220420.8952   2589697.4266]
 [ 13036939.0207  -8081324.6666  21681627.2975]
 [ -4636041.9314 -19975075.0054  16916328.2987]
 [  5251522.6315 -16595069.1465  19776701.9309]]
68663.000
 [[-12680601.5804  -9068002.4543  21466653.7157]
 [ 12323553.2536 -23220009.0474   2592902.7648]
 [ 13038574.4551  -8079107.0906  21681483.3575]
 [ -4634984.6012 -19976924.9602  16914360.1608]
 [  5252929.6489 -16592938.9799  19778146.1173]]
68664.000
 [[-12679467.2435  -9070493.8848  21466270.683 ]
 [ 12323643.5887 -23219596.8341   2596108.047 ]
 [ 13040210.0049  -8076889.6243  21681338.9562]
 [ -4633927.4672 -19978774.7515  16912391.664 ]
 [  5254336.8904 -16590808.7453  19779589.8726]]
68665.000
 [[-12678333.0667  -9072985.3353  21465887.1921]
 [ 12323733.783  -23219184.2552   2599313.2729]
 [ 13041845.67    -8074672.2676  21681194.0935]
 [ -4632870.5292 -19980624.3793  16910422.8083]
 [  5255744.356  -16588678.4425  19781033.1967]]
68666.000
 [[-12677199.0502  -9075476.8059  21465503.2429]
 [ 12323823.8364 -23218771.3107   2602518.4427]
 [ 13043481.4504  -8072455.0207  21681048.7696]
 [ -4631813.7873 -19982473.8436  16908453.5937]
 [  5257152.0457 -16586548.0716  19782476.0897]]
