65876.000
 [[ -9521642.4077 -24489532.0251  -3589846.7841]
 [-16360026.2582  -2418744.1188  20749289.2497]
 [-12740788.9874 -23103803.8586   3271085.7444]
 [ 13443413.4508   6623959.1606  21913542.7941]
 [ 11352867.6479 -23032418.3139  -6307171.8301]
 [  9053293.7564 -14479287.6775  20303313.204 ]
 [ -8340555.7311 -14408269.6852  20883182.9711]
 [ 18366400.0979 -18852130.2291  -2505137.3269]
 [ 20531287.2502  -7864871.2849  15235815.0468]
 [  2214315.2743 -22019459.626   14212452.0784]]
65885.000
 [[ -9516491.0356 -24487222.206   -3617296.0022]
 [-16346895.6259  -2438625.8851  20757284.7741]
 [-12740050.3523 -23108217.6801   3242851.8465]
 [ 13427717.3398   6643437.5645  21917283.5719]
 [ 11358806.543  -23036957.2928  -6279337.973 ]
 [  9064008.0234 -14458614.0324  20313377.2893]
 [ -8326249.3297 -14426869.4401  20875574.0761]
 [ 18366350.3168 -18847965.7286  -2533633.9851]
 [ 20548103.6649  -7861045.2921  15215420.8605]
 [  2221352.7138 -22004344.4857  14234888.2075]]
65894.000
 [[ -9511324.2386 -24484887.3112  -3644738.9566]
 [-16333769.892   -2458521.7196  20765244.4223]
 [-12739301.0881 -23112602.7244   3214612.3752]
 [ 13412029.423    6662927.9662  21920986.5327]
 [ 11364724.5482 -23041473.7392  -6251493.1462]
 [  9074737.6641 -14437935.693   20323406.251 ]
 [ -8311956.8187 -14445469.7297  20867929.7976]
 [ 18366281.8383 -18843776.3363  -2562126.2155]
 [ 20564899.2841  -7857231.4846  15195001.0045]
 [  2228407.0214 -21989209.0249  14257299.0718]]
65895.000
 [[ -9510749.1967 -24484626.3315  -3647787.7851]
 [-16332311.7811  -2460733.2348  20766126.6124]
 [-12739217.1788 -23113088.1755   3211474.3143]
 [ 13410286.8285   6665094.3055  21921395.6381]
 [ 11365380.8157 -23041974.1742  -6248398.6016]
 [  9075930.795  -14435637.8121  20324518.4112]
 [ -8310369.6201 -14447536.4597  20867078.2496]
 [ 18366273.0767 -18843309.3109  -2565291.7434]
 [ 20566764.1788  -7856808.4794  15192730.5486]
 [  2229191.8754 -21987526.0545  14259787.6066]]
