61231.000 [  856539.45447657 -4842968.29602043  4047981.65548361] [ 0.30901699 -0.95105652  0.        ]
61233.000 [  856539.45177657 -4842968.30172043  4047981.65068361] [ 0.30901699 -0.95105652  0.        ]
61234.000 [  856539.38257656 -4842968.37442044  4047981.6702836 ] [ 0.30901699 -0.95105652  0.        ]
61235.000 [  856539.30087655 -4842968.39362044  4047981.6513836 ] [ 0.30901699 -0.95105652  0.        ]
61236.000 [  856539.20577654 -4842968.43732045  4047981.6212836 ] [ 0.30901699 -0.95105652  0.        ]
61237.000 [  856539.12567653 -4842968.47922045  4047981.6103836 ] [ 0.30901699 -0.95105652  0.        ]
61238.000 [  856539.05117652 -4842968.50712046  4047981.60328359] [ 0.30901699 -0.95105652  0.        ]
61240.000 [  856540.68667674 -4842967.57432045  4047982.73888372] [ 0.30901699 -0.95105652  0.        ]
61241.000 [  856541.7600769  -4842966.57072049  4047983.62408383] [ 0.30901699 -0.95105652  0.        ]
61242.000 [  856542.52377703 -4842965.51472056  4047984.60038396] [ 0.30901699 -0.95105652  0.        ]
61243.000 [  856543.10947714 -4842964.49702065  4047985.56028408] [ 0.30901699 -0.95105652  0.        ]
61244.000 [  856543.64557723 -4842963.90352069  4047986.28088417] [ 0.30901699 -0.95105652  0.        ]
61245.000 [  856543.89737728 -4842963.1895207   4047986.1709842 ] [ 0.30901699 -0.95105652  0.        ]
61246.000 [  856543.92777728 -4842963.05992068  4047985.95288419] [ 0.30901699 -0.95105652  0.        ]
61247.000 [  856543.96357728 -4842963.20832067  4047985.93388418] [ 0.30901699 -0.95105652  0.        ]
61248.000 [  856543.99767728 -4842963.31642065  4047985.87178417] [ 0.30901699 -0.95105652  0.        ]
61249.000 [  856544.02777728 -4842963.35062064  4047985.78988416] [ 0.30901699 -0.95105652  0.        ]
61250.000 [  856544.06617728 -4842963.41402063  4047985.68288415] [ 0.30901699 -0.95105652  0.        ]
61251.000 [  856542.69798274 -4842963.1584606   4047986.3509    ] [ -1.00000000e+00   1.22464680e-16   0.00000000e+00]
61254.000 [  856544.16797728 -4842963.66122058  4047985.45048411] [ 0.30901699 -0.95105652  0.        ]
61256.000 [  856544.14437728 -4842963.62812059  4047985.49288412] [ 0.30901699 -0.95105652  0.        ]
61258.000 [  856544.16567728 -4842963.64242058  4047985.40588411] [ 0.30901699 -0.95105652  0.        ]
61259.000 [  856544.20777728 -4842963.71952056  4047985.3090841 ] [ 0.30901699 -0.95105652  0.        ]
61260.000 [  856542.84478274 -4842963.39426062  4047985.9531    ] [ -1.00000000e+00   1.22464680e-16   0.00000000e+00]
61262.000 [  856544.30427728 -4842963.83102053  4047985.11478408] [ 0.30901699 -0.95105652  0.        ]
61265.000 [  856544.26037728 -4842963.74942054  4047985.15778409] [ 0.30901699 -0.95105652  0.        ]
61266.000 [  856544.28227729 -4842963.71862054  4047985.09978408] [ 0.30901699 -0.95105652  0.        ]
61267.000 [  856544.31757729 -4842963.74302053  4047985.00028407] [ 0.30901699 -0.95105652  0.        ]
61268.000 [  856544.36687729 -4842963.81152051  4047984.92028406] [ 0.30901699 -0.95105652  0.        ]
61269.000 [  856544.94971725 -4842963.17833935  4047985.5569    ] [ 1.  0.  0.]
61272.000 [  856544.45607729 -4842963.98012046  4047984.61818403] [ 0.30901699 -0.95105652  0.        ]
61275.000 [  856544.46927729 -4842963.99232046  4047984.62518403] [ 0.30901699 -0.95105652  0.        ]
61276.000 [  856544.52727729 -4842964.05452045  4047984.61358402] [ 0.30901699 -0.95105652  0.        ]
61277.000 [  856544.53997729 -4842964.11042044  4047984.52218401] [ 0.30901699 -0.95105652  0.        ]
61278.000 [  856544.56367729 -4842964.19112043  4047984.441884  ] [ 0.30901699 -0.95105652  0.        ]
61279.000 [  856544.58617729 -4842964.25892041  4047984.36448399] [ 0.30901699 -0.95105652  0.        ]
61280.000 [  856544.64307729 -4842964.3344204   4047984.30548398] [ 0.30901699 -0.95105652  0.        ]
61281.000 [  856544.69037729 -4842964.38592039  4047984.24508398] [ 0.30901699 -0.95105652  0.        ]
61282.000 [  856544.72577729 -4842964.44992037  4047984.15548397] [ 0.30901699 -0.95105652  0.        ]
61283.000 [  856544.7761773  -4842964.51132036  4047984.07188396] [ 0.30901699 -0.95105652  0.        ]
61284.000 [  856544.8308773  -4842964.56562034  4047983.98188394] [ 0.30901699 -0.95105652  0.        ]
61285.000 [  856544.8750773  -4842964.63072033  4047983.89838393] [ 0.30901699 -0.95105652  0.        ]
61286.000 [  856544.9314773  -4842964.69842031  4047983.81568392] [ 0.30901699 -0.95105652  0.        ]
61288.000 [  856545.03977731 -4842964.84142028  4047983.6755839 ] [ 0.30901699 -0.95105652  0.        ]
61289.000 [  856545.10027731 -4842964.88272026  4047983.6146839 ] [ 0.30901699 -0.95105652  0.        ]
61290.000 [  856545.14157731 -4842964.94732025  4047983.54398389] [ 0.30901699 -0.95105652  0.        ]
61291.000 [  856545.19107732 -4842965.01882024  4047983.46708388] [ 0.30901699 -0.95105652  0.        ]
61292.000 [  856543.97403137 -4842964.3211997   4047984.56999626] [-0.80901699  0.58778525  0.        ]
61293.000 [  856545.29117732 -4842965.1677202   4047983.31408385] [ 0.30901699 -0.95105652  0.        ]
61295.000 [  856545.28617732 -4842965.15922021  4047983.36318386] [ 0.30901699 -0.95105652  0.        ]
61296.000 [  856545.27757732 -4842965.17572021  4047983.35558386] [ 0.30901699 -0.95105652  0.        ]
61297.000 [  856545.31907732 -4842965.2156202   4047983.28718385] [ 0.30901699 -0.95105652  0.        ]
61298.000 [  856545.39077732 -4842965.26712018  4047983.19218384] [ 0.30901699 -0.95105652  0.        ]
61299.000 [  856545.42117732 -4842965.32432017  4047983.11508383] [ 0.30901699 -0.95105652  0.        ]
61300.000 [  856545.47447733 -4842965.40332015  4047983.04668382] [ 0.30901699 -0.95105652  0.        ]
61301.000 [  856545.52707733 -4842965.44592014  4047982.98358381] [ 0.30901699 -0.95105652  0.        ]
61302.000 [  856545.59367734 -4842965.48342012  4047982.9309838 ] [ 0.30901699 -0.95105652  0.        ]
61304.000 [  856545.70947734 -4842965.62302009  4047982.74358378] [ 0.30901699 -0.95105652  0.        ]
61305.000 [  856545.77997735 -4842965.67472007  4047982.66008377] [ 0.30901699 -0.95105652  0.        ]
61306.000 [  856545.84357735 -4842965.69692006  4047982.57128376] [ 0.30901699 -0.95105652  0.        ]
61307.000 [  856545.88767735 -4842965.74872004  4047982.50348375] [ 0.30901699 -0.95105652  0.        ]
61308.000 [  856545.95597736 -4842965.79092003  4047982.44518375] [ 0.30901699 -0.95105652  0.        ]
61309.000 [  856545.99347736 -4842965.85332002  4047982.36238374] [ 0.30901699 -0.95105652  0.        ]
61310.000 [  856546.07327736 -4842965.91132     4047982.28588373] [ 0.30901699 -0.95105652  0.        ]
61311.000 [  856546.14777737 -4842965.96261998  4047982.21148372] [ 0.30901699 -0.95105652  0.        ]
61312.000 [  856546.22787737 -4842966.00691997  4047982.15178371] [ 0.30901699 -0.95105652  0.        ]
61313.000 [  856546.26497738 -4842966.07361995  4047982.0751837 ] [ 0.30901699 -0.95105652  0.        ]
61314.000 [  856546.35227738 -4842966.13641993  4047982.00388369] [ 0.30901699 -0.95105652  0.        ]
61315.000 [  856546.40337738 -4842966.18491992  4047981.94548368] [ 0.30901699 -0.95105652  0.        ]
61316.000 [  856546.48597739 -4842966.22661991  4047981.87598367] [ 0.30901699 -0.95105652  0.        ]
61317.000 [  856546.5707774  -4842966.28131989  4047981.79288366] [ 0.30901699 -0.95105652  0.        ]
61318.000 [  856546.6095774  -4842966.32921987  4047981.72038365] [ 0.30901699 -0.95105652  0.        ]
61319.000 [  856546.6878774  -4842966.39531986  4047981.65508364] [ 0.30901699 -0.95105652  0.        ]
61321.000 [  856546.86537742 -4842966.47601982  4047981.50578363] [ 0.30901699 -0.95105652  0.        ]
61322.000 [  856546.91577742 -4842966.51571981  4047981.44008362] [ 0.30901699 -0.95105652  0.        ]
61323.000 [  856546.98277743 -4842966.5678198   4047981.38638361] [ 0.30901699 -0.95105652  0.        ]
61324.000 [  856547.04837743 -4842966.59611979  4047981.35308361] [ 0.30901699 -0.95105652  0.        ]
61325.000 [  856547.11417744 -4842966.63051977  4047981.3003836 ] [ 0.30901699 -0.95105652  0.        ]
61326.000 [  856547.21187744 -4842966.65911976  4047981.24668359] [ 0.30901699 -0.95105652  0.        ]
61327.000 [  856547.27937745 -4842966.70311974  4047981.19178359] [ 0.30901699 -0.95105652  0.        ]
61328.000 [  856545.95708283 -4842966.37616113  4047981.8468    ] [ -1.00000000e+00   1.22464680e-16   0.00000000e+00]
61331.000 [  856546.08568284 -4842966.41006116  4047981.7736    ] [ -1.00000000e+00   1.22464680e-16   0.00000000e+00]
61332.000 [  856547.45587746 -4842966.75811971  4047981.05788357] [ 0.30901699 -0.95105652  0.        ]
61334.000 [  856547.32407745 -4842966.72911973  4047981.13648358] [ 0.30901699 -0.95105652  0.        ]
61335.000 [  856547.30637745 -4842966.73841973  4047981.14548358] [ 0.30901699 -0.95105652  0.        ]
61336.000 [  856547.33087745 -4842966.74921973  4047981.11708358] [ 0.30901699 -0.95105652  0.        ]
61337.000 [  856547.43057746 -4842966.81481971  4047981.04498357] [ 0.30901699 -0.95105652  0.        ]
61338.000 [  856547.50437746 -4842966.88891969  4047980.95108355] [ 0.30901699 -0.95105652  0.        ]
61339.000 [  856547.57657747 -4842966.92831968  4047980.92078355] [ 0.30901699 -0.95105652  0.        ]
61340.000 [  856547.66887748 -4842966.96461966  4047980.84018354] [ 0.30901699 -0.95105652  0.        ]
61341.000 [  856547.75257748 -4842966.99411965  4047980.76978353] [ 0.30901699 -0.95105652  0.        ]
61342.000 [  856547.82377749 -4842967.02821963  4047980.70098352] [ 0.30901699 -0.95105652  0.        ]
61343.000 [  856547.9361775  -4842967.05461961  4047980.65148352] [ 0.30901699 -0.95105652  0.        ]
61345.000 [  856548.09357751 -4842967.12231959  4047980.5403835 ] [ 0.30901699 -0.95105652  0.        ]
61346.000 [  856548.16897752 -4842967.16631957  4047980.4893835 ] [ 0.30901699 -0.95105652  0.        ]
61347.000 [  856548.27907753 -4842967.17431956  4047980.43648349] [ 0.30901699 -0.95105652  0.        ]
61348.000 [  856548.34807753 -4842967.22921954  4047980.35598348] [ 0.30901699 -0.95105652  0.        ]
61349.000 [  856548.41617754 -4842967.24751953  4047980.32148348] [ 0.30901699 -0.95105652  0.        ]
61350.000 [  856548.51617755 -4842967.28051952  4047980.29318347] [ 0.30901699 -0.95105652  0.        ]
61351.000 [  856548.59837756 -4842967.3149195   4047980.25708347] [ 0.30901699 -0.95105652  0.        ]
61352.000 [  856548.64597756 -4842967.37341949  4047980.20868346] [ 0.30901699 -0.95105652  0.        ]
61353.000 [  856548.76187757 -4842967.39811947  4047980.16608345] [ 0.30901699 -0.95105652  0.        ]
61354.000 [  856548.84617758 -4842967.41221946  4047980.12618345] [ 0.30901699 -0.95105652  0.        ]
61355.000 [  856548.95297759 -4842967.44001945  4047980.07328344] [ 0.30901699 -0.95105652  0.        ]
61356.000 [  856549.02197759 -4842967.48291943  4047980.02718343] [ 0.30901699 -0.95105652  0.        ]
61357.000 [  856549.1227776  -4842967.50501942  4047979.97488343] [ 0.30901699 -0.95105652  0.        ]
61358.000 [  856549.21157761 -4842967.5238194   4047979.93558342] [ 0.30901699 -0.95105652  0.        ]
61359.000 [  856548.00353126 -4842966.78580065  4047981.07579654] [-0.80901699  0.58778525  0.        ]
61361.000 [  856548.20173125 -4842966.83860069  4047980.96009655] [-0.80901699  0.58778525  0.        ]
61362.000 [  856548.17893125 -4842966.83530069  4047980.98929655] [-0.80901699  0.58778525  0.        ]
61363.000 [  856548.07953126 -4842966.80450067  4047981.04819654] [-0.80901699  0.58778525  0.        ]
61364.000 [  856547.99763126 -4842966.80370065  4047981.07939654] [-0.80901699  0.58778525  0.        ]
61365.000 [  856547.90203126 -4842966.77280063  4047981.13109653] [-0.80901699  0.58778525  0.        ]
61366.000 [  856547.78403127 -4842966.75140061  4047981.17239653] [-0.80901699  0.58778525  0.        ]
61367.000 [  856548.93997758 -4842967.50981944  4047980.03678343] [ 0.30901699 -0.95105652  0.        ]
61369.000 [  856548.75947757 -4842967.42681947  4047980.13858345] [ 0.30901699 -0.95105652  0.        ]
61370.000 [  856548.74417757 -4842967.44351947  4047980.11648345] [ 0.30901699 -0.95105652  0.        ]
61371.000 [  856548.79777757 -4842967.47021946  4047980.08178344] [ 0.30901699 -0.95105652  0.        ]
61372.000 [  856548.89177758 -4842967.49361944  4047980.01628343] [ 0.30901699 -0.95105652  0.        ]
61373.000 [  856548.97707759 -4842967.52991943  4047979.96558343] [ 0.30901699 -0.95105652  0.        ]
61374.000 [  856549.0834776  -4842967.54851941  4047979.91648342] [ 0.30901699 -0.95105652  0.        ]
61375.000 [  856549.1651776  -4842967.5810194   4047979.84258341] [ 0.30901699 -0.95105652  0.        ]
61376.000 [  856549.24617761 -4842967.58761938  4047979.78938341] [ 0.30901699 -0.95105652  0.        ]
61378.000 [  856549.41777763 -4842967.61481936  4047979.7057834 ] [ 0.30901699 -0.95105652  0.        ]
61379.000 [  856549.49687763 -4842967.59991935  4047979.6730834 ] [ 0.30901699 -0.95105652  0.        ]
61380.000 [  856549.59057764 -4842967.62471934  4047979.62088339] [ 0.30901699 -0.95105652  0.        ]
61381.000 [  856549.68357765 -4842967.64911932  4047979.57968338] [ 0.30901699 -0.95105652  0.        ]
61382.000 [  856549.78697766 -4842967.65661931  4047979.54058338] [ 0.30901699 -0.95105652  0.        ]
61383.000 [  856549.90587767 -4842967.68411929  4047979.48658337] [ 0.30901699 -0.95105652  0.        ]
61384.000 [  856550.00017768 -4842967.70601928  4047979.44408337] [ 0.30901699 -0.95105652  0.        ]
61385.000 [  856550.07257769 -4842967.73041927  4047979.41078336] [ 0.30901699 -0.95105652  0.        ]
61386.000 [  856550.1821777  -4842967.77851924  4047979.32738335] [ 0.30901699 -0.95105652  0.        ]
61387.000 [  856550.2706777  -4842967.80961923  4047979.27698335] [ 0.30901699 -0.95105652  0.        ]
61388.000 [  856550.33857771 -4842967.81351922  4047979.24438334] [ 0.30901699 -0.95105652  0.        ]
61389.000 [  856550.45777772 -4842967.8287192   4047979.16488334] [ 0.30901699 -0.95105652  0.        ]
61390.000 [  856550.52717773 -4842967.86561919  4047979.12718333] [ 0.30901699 -0.95105652  0.        ]
61391.000 [  856550.65347774 -4842967.86141917  4047979.05018332] [ 0.30901699 -0.95105652  0.        ]
61392.000 [  856550.76797775 -4842967.86541916  4047978.99268332] [ 0.30901699 -0.95105652  0.        ]
61393.000 [  856550.87737776 -4842967.88411914  4047978.93798331] [ 0.30901699 -0.95105652  0.        ]
61394.000 [  856550.99377777 -4842967.88971912  4047978.89128331] [ 0.30901699 -0.95105652  0.        ]
61395.000 [  856551.07767778 -4842967.90491911  4047978.8399833 ] [ 0.30901699 -0.95105652  0.        ]
61397.000 [  856551.2988778  -4842967.91721908  4047978.76608329] [ 0.30901699 -0.95105652  0.        ]
61398.000 [  856551.40207781 -4842967.94331907  4047978.72858329] [ 0.30901699 -0.95105652  0.        ]
61399.000 [  856551.51767782 -4842967.96981905  4047978.66658328] [ 0.30901699 -0.95105652  0.        ]
61400.000 [  856551.61357783 -4842967.94781904  4047978.65058328] [ 0.30901699 -0.95105652  0.        ]
61401.000 [  856551.72177784 -4842967.95071903  4047978.61658327] [ 0.30901699 -0.95105652  0.        ]
61402.000 [  856551.82887785 -4842967.94931901  4047978.57608327] [ 0.30901699 -0.95105652  0.        ]
61403.000 [  856551.91417786 -4842967.946719    4047978.52568327] [ 0.30901699 -0.95105652  0.        ]
61404.000 [  856552.01387787 -4842967.94331899  4047978.47998326] [ 0.30901699 -0.95105652  0.        ]
61405.000 [  856552.10507788 -4842967.91581898  4047978.46438326] [ 0.30901699 -0.95105652  0.        ]
61406.000 [  856552.21477789 -4842967.93421897  4047978.44368326] [ 0.30901699 -0.95105652  0.        ]
61407.000 [  856552.33277791 -4842967.93841895  4047978.40348325] [ 0.30901699 -0.95105652  0.        ]
61408.000 [  856552.44557792 -4842967.93781894  4047978.36598325] [ 0.30901699 -0.95105652  0.        ]
61409.000 [  856552.52677793 -4842967.94821893  4047978.33338325] [ 0.30901699 -0.95105652  0.        ]
61410.000 [  856552.61907794 -4842967.94501892  4047978.32628324] [ 0.30901699 -0.95105652  0.        ]
61411.000 [  856552.71387794 -4842967.94541891  4047978.28928324] [ 0.30901699 -0.95105652  0.        ]
61412.000 [  856552.82497796 -4842967.95081889  4047978.25648324] [ 0.30901699 -0.95105652  0.        ]
61413.000 [  856552.96797797 -4842967.96391888  4047978.23938323] [ 0.30901699 -0.95105652  0.        ]
61414.000 [  856553.09277798 -4842967.94881886  4047978.22088323] [ 0.30901699 -0.95105652  0.        ]
61415.000 [  856553.220978   -4842967.95181885  4047978.17898323] [ 0.30901699 -0.95105652  0.        ]
61416.000 [  856553.33317801 -4842967.94511883  4047978.14828322] [ 0.30901699 -0.95105652  0.        ]
61417.000 [  856553.45037802 -4842967.94491882  4047978.12648322] [ 0.30901699 -0.95105652  0.        ]
61419.000 [  856553.64927804 -4842967.9145188   4047978.05418321] [ 0.30901699 -0.95105652  0.        ]
61420.000 [  856553.76707805 -4842967.90381879  4047978.04458321] [ 0.30901699 -0.95105652  0.        ]
61421.000 [  856553.89977807 -4842967.90981877  4047978.01358321] [ 0.30901699 -0.95105652  0.        ]
61422.000 [  856554.02857808 -4842967.87221876  4047977.99238321] [ 0.30901699 -0.95105652  0.        ]
61423.000 [  856554.1660781  -4842967.85501874  4047977.95888321] [ 0.30901699 -0.95105652  0.        ]
61424.000 [  856554.24967811 -4842967.86591874  4047977.9501832 ] [ 0.30901699 -0.95105652  0.        ]
61425.000 [  856554.37137812 -4842967.85861872  4047977.9245832 ] [ 0.30901699 -0.95105652  0.        ]
61426.000 [  856554.48027813 -4842967.85001871  4047977.9091832 ] [ 0.30901699 -0.95105652  0.        ]
61427.000 [  856554.57017814 -4842967.8245187   4047977.8956832 ] [ 0.30901699 -0.95105652  0.        ]
61428.000 [  856554.69147815 -4842967.81701869  4047977.8776832 ] [ 0.30901699 -0.95105652  0.        ]
61429.000 [  856554.77557816 -4842967.81591868  4047977.8894832 ] [ 0.30901699 -0.95105652  0.        ]
61430.000 [  856554.88347817 -4842967.80751867  4047977.8755832 ] [ 0.30901699 -0.95105652  0.        ]
61431.000 [  856554.99377819 -4842967.79421866  4047977.84718319] [ 0.30901699 -0.95105652  0.        ]
61432.000 [  856555.1286782  -4842967.75901865  4047977.83768319] [ 0.30901699 -0.95105652  0.        ]
61433.000 [  856555.24777821 -4842967.73261864  4047977.81428319] [ 0.30901699 -0.95105652  0.        ]
61434.000 [  856555.36657823 -4842967.72381863  4047977.81398319] [ 0.30901699 -0.95105652  0.        ]
61435.000 [  856555.46717824 -4842967.70821862  4047977.79778319] [ 0.30901699 -0.95105652  0.        ]
61436.000 [  856555.56317825 -4842967.70961861  4047977.79358319] [ 0.30901699 -0.95105652  0.        ]
61437.000 [  856555.62677826 -4842967.7036186   4047977.78258319] [ 0.30901699 -0.95105652  0.        ]
61438.000 [  856555.76287827 -4842967.68371859  4047977.77238319] [ 0.30901699 -0.95105652  0.        ]
61439.000 [  856555.87607828 -4842967.67121858  4047977.77668319] [ 0.30901699 -0.95105652  0.        ]
61440.000 [  856555.97557829 -4842967.64741857  4047977.77668319] [ 0.30901699 -0.95105652  0.        ]
61441.000 [  856556.12937831 -4842967.63111855  4047977.74908318] [ 0.30901699 -0.95105652  0.        ]
61442.000 [  856556.23017832 -4842967.61991854  4047977.74098318] [ 0.30901699 -0.95105652  0.        ]
61443.000 [  856556.32047833 -4842967.60161854  4047977.73528318] [ 0.30901699 -0.95105652  0.        ]
61444.000 [  856556.45277835 -4842967.59051852  4047977.74408318] [ 0.30901699 -0.95105652  0.        ]
61445.000 [  856555.16748315 -4842967.24276292  4047978.4823    ] [ -1.00000000e+00   1.22464680e-16   0.00000000e+00]
61448.000 [  856556.83087839 -4842967.53261849  4047977.77198318] [ 0.30901699 -0.95105652  0.        ]
61451.000 [  856556.74477838 -4842967.59711849  4047977.69948317] [ 0.30901699 -0.95105652  0.        ]
61452.000 [  856556.78527838 -4842967.57581849  4047977.70218318] [ 0.30901699 -0.95105652  0.        ]
61453.000 [  856556.89617839 -4842967.56331848  4047977.67718317] [ 0.30901699 -0.95105652  0.        ]
61454.000 [  856556.99617841 -4842967.53401847  4047977.68758318] [ 0.30901699 -0.95105652  0.        ]
61455.000 [  856557.11047842 -4842967.50851846  4047977.71518318] [ 0.30901699 -0.95105652  0.        ]
61456.000 [  856557.23707843 -4842967.47751846  4047977.73058318] [ 0.30901699 -0.95105652  0.        ]
61457.000 [  856557.35087845 -4842967.46901844  4047977.72588318] [ 0.30901699 -0.95105652  0.        ]
61458.000 [  856557.43187846 -4842967.43881844  4047977.74128318] [ 0.30901699 -0.95105652  0.        ]
61459.000 [  856557.53507847 -4842967.41161843  4047977.75108318] [ 0.30901699 -0.95105652  0.        ]
61460.000 [  856557.64157848 -4842967.37091843  4047977.75868318] [ 0.30901699 -0.95105652  0.        ]
61461.000 [  856557.74317849 -4842967.34401842  4047977.76988318] [ 0.30901699 -0.95105652  0.        ]
61463.000 [  856557.96787852 -4842967.2857184   4047977.77608319] [ 0.30901699 -0.95105652  0.        ]
61464.000 [  856558.08817853 -4842967.24491839  4047977.76758319] [ 0.30901699 -0.95105652  0.        ]
61465.000 [  856558.17457854 -4842967.23111838  4047977.78318319] [ 0.30901699 -0.95105652  0.        ]
61466.000 [  856558.27397855 -4842967.20241838  4047977.78788319] [ 0.30901699 -0.95105652  0.        ]
61467.000 [  856556.99968322 -4842966.7812633   4047978.5256    ] [ -1.00000000e+00   1.22464680e-16   0.00000000e+00]
61469.000 [  856557.41076392 -4842967.09409975  4047978.11270332] [-0.80901699 -0.58778525  0.        ]
61473.000 [  856558.50607858 -4842967.16661836  4047977.78268319] [ 0.30901699 -0.95105652  0.        ]
61476.000 [  856558.54157858 -4842967.13931835  4047977.74968319] [ 0.30901699 -0.95105652  0.        ]
61477.000 [  856558.57447859 -4842967.13731835  4047977.73618319] [ 0.30901699 -0.95105652  0.        ]
61478.000 [  856558.6898786  -4842967.10491834  4047977.74608319] [ 0.30901699 -0.95105652  0.        ]
61479.000 [  856558.79877861 -4842967.08381833  4047977.74398319] [ 0.30901699 -0.95105652  0.        ]
61480.000 [  856558.91727863 -4842967.05921832  4047977.74388319] [ 0.30901699 -0.95105652  0.        ]
61481.000 [  856559.02237864 -4842967.01691831  4047977.75008319] [ 0.30901699 -0.95105652  0.        ]
61482.000 [  856559.13687865 -4842966.9986183   4047977.75768319] [ 0.30901699 -0.95105652  0.        ]
61483.000 [  856559.24407866 -4842966.97021829  4047977.74048319] [ 0.30901699 -0.95105652  0.        ]
61484.000 [  856559.37677868 -4842966.89461828  4047977.72828319] [ 0.30901699 -0.95105652  0.        ]
61485.000 [  856559.48507869 -4842966.84571828  4047977.72088319] [ 0.30901699 -0.95105652  0.        ]
61486.000 [  856559.60027871 -4842966.81351827  4047977.73148319] [ 0.30901699 -0.95105652  0.        ]
61487.000 [  856559.68637872 -4842966.78501827  4047977.7653832 ] [ 0.30901699 -0.95105652  0.        ]
61488.000 [  856559.78607873 -4842966.73861826  4047977.7372832 ] [ 0.30901699 -0.95105652  0.        ]
61489.000 [  856559.89477874 -4842966.68121825  4047977.7575832 ] [ 0.30901699 -0.95105652  0.        ]
61490.000 [  856559.98937875 -4842966.64761825  4047977.7854832 ] [ 0.30901699 -0.95105652  0.        ]
61491.000 [  856560.09607877 -4842966.60451824  4047977.79708321] [ 0.30901699 -0.95105652  0.        ]
61492.000 [  856560.20697878 -4842966.55901823  4047977.79358321] [ 0.30901699 -0.95105652  0.        ]
61493.000 [  856560.31007879 -4842966.51021823  4047977.81608321] [ 0.30901699 -0.95105652  0.        ]
61494.000 [  856560.42437881 -4842966.46301822  4047977.84438321] [ 0.30901699 -0.95105652  0.        ]
61495.000 [  856560.53917882 -4842966.41941821  4047977.86398322] [ 0.30901699 -0.95105652  0.        ]
61496.000 [  856560.63897883 -4842966.37861821  4047977.89578322] [ 0.30901699 -0.95105652  0.        ]
61498.000 [  856560.84807886 -4842966.2837182   4047977.94568323] [ 0.30901699 -0.95105652  0.        ]
61499.000 [  856560.92557887 -4842966.2440182   4047977.99158323] [ 0.30901699 -0.95105652  0.        ]
61500.000 [  856561.02647888 -4842966.20051819  4047978.03248324] [ 0.30901699 -0.95105652  0.        ]
61501.000 [  856561.11807889 -4842966.15371819  4047978.06808324] [ 0.30901699 -0.95105652  0.        ]
61502.000 [  856561.25157891 -4842966.09611818  4047978.08658325] [ 0.30901699 -0.95105652  0.        ]
61503.000 [  856561.33407892 -4842966.04251818  4047978.10508325] [ 0.30901699 -0.95105652  0.        ]
61504.000 [  856561.40467893 -4842965.99181818  4047978.13928325] [ 0.30901699 -0.95105652  0.        ]
61505.000 [  856561.47947894 -4842965.93531818  4047978.17978326] [ 0.30901699 -0.95105652  0.        ]
61506.000 [  856561.58047896 -4842965.86671818  4047978.21788327] [ 0.30901699 -0.95105652  0.        ]
61507.000 [  856561.71667897 -4842965.81241817  4047978.21598327] [ 0.30901699 -0.95105652  0.        ]
61508.000 [  856561.21689062 -4842965.85255745  4047978.24758327] [-0.30901699 -0.95105652  0.        ]
61510.000 [  856561.34239064 -4842965.78615746  4047978.30158328] [-0.30901699 -0.95105652  0.        ]
61511.000 [  856561.36579065 -4842965.77985746  4047978.28428328] [-0.30901699 -0.95105652  0.        ]
61512.000 [  856561.44139066 -4842965.74225747  4047978.29188328] [-0.30901699 -0.95105652  0.        ]
61513.000 [  856561.56499067 -4842965.69305747  4047978.29888328] [-0.30901699 -0.95105652  0.        ]
61514.000 [  856561.69739069 -4842965.64225748  4047978.29078328] [-0.30901699 -0.95105652  0.        ]
61515.000 [  856561.84339071 -4842965.56985749  4047978.33008329] [-0.30901699 -0.95105652  0.        ]
61516.000 [  856561.96149073 -4842965.5245575   4047978.36118329] [-0.30901699 -0.95105652  0.        ]
61518.000 [  856562.17979076 -4842965.43955752  4047978.3677833 ] [-0.30901699 -0.95105652  0.        ]
61519.000 [  856562.27939078 -4842965.36965753  4047978.4157833 ] [-0.30901699 -0.95105652  0.        ]
61520.000 [  856562.3995908  -4842965.34245754  4047978.44718331] [-0.30901699 -0.95105652  0.        ]
61521.000 [  856562.50539081 -4842965.32875754  4047978.4406833 ] [-0.30901699 -0.95105652  0.        ]
61522.000 [  856562.59279082 -4842965.27975755  4047978.47838331] [-0.30901699 -0.95105652  0.        ]
61523.000 [  856562.68539084 -4842965.25095756  4047978.49928331] [-0.30901699 -0.95105652  0.        ]
61524.000 [  856562.76939085 -4842965.20605757  4047978.53658332] [-0.30901699 -0.95105652  0.        ]
61525.000 [  856562.87959087 -4842965.15085758  4047978.56198332] [-0.30901699 -0.95105652  0.        ]
61526.000 [  856562.94799088 -4842965.10315759  4047978.60528333] [-0.30901699 -0.95105652  0.        ]
61527.000 [  856563.05969089 -4842965.0387576   4047978.62428333] [-0.30901699 -0.95105652  0.        ]
61528.000 [  856563.14869091 -4842964.9823576   4047978.63748333] [-0.30901699 -0.95105652  0.        ]
61529.000 [  856563.26119092 -4842964.93555761  4047978.66668334] [-0.30901699 -0.95105652  0.        ]
61530.000 [  856563.34159094 -4842964.90675762  4047978.68428334] [-0.30901699 -0.95105652  0.        ]
61531.000 [  856563.42119095 -4842964.83985763  4047978.72528334] [-0.30901699 -0.95105652  0.        ]
61532.000 [  856563.50039096 -4842964.78735764  4047978.77458335] [-0.30901699 -0.95105652  0.        ]
61534.000 [  856563.71999099 -4842964.70675766  4047978.82598336] [-0.30901699 -0.95105652  0.        ]
61535.000 [  856563.81559101 -4842964.64675767  4047978.86938336] [-0.30901699 -0.95105652  0.        ]
61536.000 [  856563.88809102 -4842964.59065768  4047978.90288337] [-0.30901699 -0.95105652  0.        ]
61537.000 [  856563.97809103 -4842964.54645768  4047978.91678337] [-0.30901699 -0.95105652  0.        ]
61538.000 [  856564.06709105 -4842964.4830577   4047978.95808338] [-0.30901699 -0.95105652  0.        ]
61539.000 [  856564.16019106 -4842964.4532577   4047978.97358338] [-0.30901699 -0.95105652  0.        ]
61540.000 [  856564.27179108 -4842964.38625771  4047979.02778339] [-0.30901699 -0.95105652  0.        ]
61541.000 [  856564.34599109 -4842964.35095772  4047979.05378339] [-0.30901699 -0.95105652  0.        ]
61542.000 [  856564.4202911  -4842964.28785773  4047979.1181834 ] [-0.30901699 -0.95105652  0.        ]
61543.000 [  856564.52749112 -4842964.23665774  4047979.1324834 ] [-0.30901699 -0.95105652  0.        ]
61544.000 [  856564.62489113 -4842964.18695775  4047979.1698834 ] [-0.30901699 -0.95105652  0.        ]
61545.000 [  856564.70789114 -4842964.16425776  4047979.18578341] [-0.30901699 -0.95105652  0.        ]
61546.000 [  856564.77079116 -4842964.09455777  4047979.23808341] [-0.30901699 -0.95105652  0.        ]
61547.000 [  856564.85189117 -4842964.03365778  4047979.27168342] [-0.30901699 -0.95105652  0.        ]
61548.000 [  856564.94779118 -4842963.97045779  4047979.31428342] [-0.30901699 -0.95105652  0.        ]
61549.000 [  856565.0399912  -4842963.9462578   4047979.34128343] [-0.30901699 -0.95105652  0.        ]
61550.000 [  856565.12779121 -4842963.88615781  4047979.37488343] [-0.30901699 -0.95105652  0.        ]
61551.000 [  856565.19919122 -4842963.83535782  4047979.42328344] [-0.30901699 -0.95105652  0.        ]
61552.000 [  856565.29019124 -4842963.78065783  4047979.47208344] [-0.30901699 -0.95105652  0.        ]
61553.000 [  856565.40529126 -4842963.70115784  4047979.53688345] [-0.30901699 -0.95105652  0.        ]
61554.000 [  856565.48439127 -4842963.64715785  4047979.57218346] [-0.30901699 -0.95105652  0.        ]
61555.000 [  856565.57609128 -4842963.58135786  4047979.60548346] [-0.30901699 -0.95105652  0.        ]
61557.000 [  856565.73859131 -4842963.45115789  4047979.70858348] [-0.30901699 -0.95105652  0.        ]
61558.000 [  856565.83779133 -4842963.4017579   4047979.74708348] [-0.30901699 -0.95105652  0.        ]
61559.000 [  856565.92159134 -4842963.32605791  4047979.79508349] [-0.30901699 -0.95105652  0.        ]
61560.000 [  856565.97899135 -4842963.27115792  4047979.83088349] [-0.30901699 -0.95105652  0.        ]
61561.000 [  856566.08229136 -4842963.22935793  4047979.8633835 ] [-0.30901699 -0.95105652  0.        ]
61562.000 [  856566.16059138 -4842963.15705794  4047979.9164835 ] [-0.30901699 -0.95105652  0.        ]
61563.000 [  856566.22599139 -4842963.10095795  4047979.95448351] [-0.30901699 -0.95105652  0.        ]
61564.000 [  856566.3067914  -4842963.06385796  4047980.00238351] [-0.30901699 -0.95105652  0.        ]
61565.000 [  856566.38279141 -4842963.00985797  4047980.05568352] [-0.30901699 -0.95105652  0.        ]
61566.000 [  856566.45329143 -4842962.95385798  4047980.10118353] [-0.30901699 -0.95105652  0.        ]
61567.000 [  856566.54059144 -4842962.88685799  4047980.15588353] [-0.30901699 -0.95105652  0.        ]
61568.000 [  856566.62809145 -4842962.821758    4047980.21398354] [-0.30901699 -0.95105652  0.        ]
61569.000 [  856566.68569147 -4842962.75555801  4047980.26148355] [-0.30901699 -0.95105652  0.        ]
61570.000 [  856566.75809148 -4842962.69865803  4047980.31498355] [-0.30901699 -0.95105652  0.        ]
61571.000 [  856566.81939149 -4842962.66255803  4047980.34318356] [-0.30901699 -0.95105652  0.        ]
61572.000 [  856566.8867915  -4842962.59445804  4047980.37098356] [-0.30901699 -0.95105652  0.        ]
61574.000 [  856567.06399153 -4842962.46145807  4047980.50238358] [-0.30901699 -0.95105652  0.        ]
61575.000 [  856567.14539154 -4842962.41405808  4047980.54978358] [-0.30901699 -0.95105652  0.        ]
61576.000 [  856567.24049156 -4842962.33115809  4047980.59388359] [-0.30901699 -0.95105652  0.        ]
61577.000 [  856567.30069157 -4842962.2884581   4047980.6571836 ] [-0.30901699 -0.95105652  0.        ]
61578.000 [  856567.35969158 -4842962.23015812  4047980.72638361] [-0.30901699 -0.95105652  0.        ]
61579.000 [  856567.45249159 -4842962.15975813  4047980.77508361] [-0.30901699 -0.95105652  0.        ]
61580.000 [  856567.5024916  -4842962.07645814  4047980.84528362] [-0.30901699 -0.95105652  0.        ]
61581.000 [  856567.58509162 -4842962.03585815  4047980.89038363] [-0.30901699 -0.95105652  0.        ]
61582.000 [  856567.65059163 -4842961.95125817  4047980.97468364] [-0.30901699 -0.95105652  0.        ]
61583.000 [  856567.71879164 -4842961.90765817  4047981.00978364] [-0.30901699 -0.95105652  0.        ]
61584.000 [  856567.80519165 -4842961.83235819  4047981.06038365] [-0.30901699 -0.95105652  0.        ]
61585.000 [  856567.86919167 -4842961.7499582   4047981.11408366] [-0.30901699 -0.95105652  0.        ]
61586.000 [  856567.92629168 -4842961.68345821  4047981.16038367] [-0.30901699 -0.95105652  0.        ]
61587.000 [  856568.00189169 -4842961.63425822  4047981.20708367] [-0.30901699 -0.95105652  0.        ]
61588.000 [  856568.0696917  -4842961.60615823  4047981.24998367] [-0.30901699 -0.95105652  0.        ]
61589.000 [  856568.12789171 -4842961.54495824  4047981.31198368] [-0.30901699 -0.95105652  0.        ]
61590.000 [  856568.19509172 -4842961.48345825  4047981.37518369] [-0.30901699 -0.95105652  0.        ]
61591.000 [  856568.24419173 -4842961.43705826  4047981.4281837 ] [-0.30901699 -0.95105652  0.        ]
61592.000 [  856568.31829174 -4842961.36765828  4047981.4910837 ] [-0.30901699 -0.95105652  0.        ]
61593.000 [  856568.38999176 -4842961.30925829  4047981.54888371] [-0.30901699 -0.95105652  0.        ]
61594.000 [  856568.47759177 -4842961.2418583   4047981.59048372] [-0.30901699 -0.95105652  0.        ]
61595.000 [  856568.55309178 -4842961.16905831  4047981.67028373] [-0.30901699 -0.95105652  0.        ]
61597.000 [  856568.68859181 -4842961.06235833  4047981.76938374] [-0.30901699 -0.95105652  0.        ]
61598.000 [  856568.75929182 -4842960.98895835  4047981.82348375] [-0.30901699 -0.95105652  0.        ]
61599.000 [  856568.82589183 -4842960.92585836  4047981.88078375] [-0.30901699 -0.95105652  0.        ]
61600.000 [  856568.90489184 -4842960.88285837  4047981.91498376] [-0.30901699 -0.95105652  0.        ]
61601.000 [  856568.98639186 -4842960.80645838  4047981.98468377] [-0.30901699 -0.95105652  0.        ]
61602.000 [  856569.05259187 -4842960.73275839  4047982.06448378] [-0.30901699 -0.95105652  0.        ]
61603.000 [  856569.13079188 -4842960.65755841  4047982.13658379] [-0.30901699 -0.95105652  0.        ]
61604.000 [  856569.2103919  -4842960.56775843  4047982.2090838 ] [-0.30901699 -0.95105652  0.        ]
61605.000 [  856569.28249191 -4842960.50835844  4047982.2713838 ] [-0.30901699 -0.95105652  0.        ]
61606.000 [  856569.32229192 -4842960.45305845  4047982.32468381] [-0.30901699 -0.95105652  0.        ]
61607.000 [  856569.36889193 -4842960.39155846  4047982.39018382] [-0.30901699 -0.95105652  0.        ]
61608.000 [  856569.41589194 -4842960.33945847  4047982.44278382] [-0.30901699 -0.95105652  0.        ]
61609.000 [  856569.49289195 -4842960.26935848  4047982.49088383] [-0.30901699 -0.95105652  0.        ]
61610.000 [  856569.55319196 -4842960.1842585   4047982.57738384] [-0.30901699 -0.95105652  0.        ]
61611.000 [  856569.59999197 -4842960.10025851  4047982.63908385] [-0.30901699 -0.95105652  0.        ]
61612.000 [  856569.64649198 -4842960.06425852  4047982.69228386] [-0.30901699 -0.95105652  0.        ]
61614.000 [  856569.787092   -4842959.91605854  4047982.80408387] [-0.30901699 -0.95105652  0.        ]
61615.000 [  856569.784492   -4842959.88165855  4047982.84658388] [-0.30901699 -0.95105652  0.        ]
61616.000 [  856569.89549202 -4842959.79655857  4047982.92588389] [-0.30901699 -0.95105652  0.        ]
61617.000 [  856571.12071632 -4842958.95893405  4047983.7002    ] [ 1.  0.  0.]
61619.000 [  856570.03539205 -4842959.67815859  4047983.0625839 ] [-0.30901699 -0.95105652  0.        ]
61621.000 [  856570.04889205 -4842959.70195859  4047983.0755839 ] [-0.30901699 -0.95105652  0.        ]
61622.000 [  856570.03429205 -4842959.71575859  4047983.0780839 ] [-0.30901699 -0.95105652  0.        ]
61623.000 [  856570.09109206 -4842959.6440586   4047983.15188391] [-0.30901699 -0.95105652  0.        ]
61624.000 [  856570.10719206 -4842959.59545861  4047983.22918392] [-0.30901699 -0.95105652  0.        ]
61625.000 [  856570.17699207 -4842959.54155863  4047983.27428392] [-0.30901699 -0.95105652  0.        ]
61626.000 [  856570.27979209 -4842959.46225864  4047983.34078393] [-0.30901699 -0.95105652  0.        ]
61627.000 [  856570.39209211 -4842959.33855866  4047983.46388395] [-0.30901699 -0.95105652  0.        ]
61628.000 [  856570.40429212 -4842959.26295868  4047983.54948396] [-0.30901699 -0.95105652  0.        ]
61630.000 [  856570.53909214 -4842959.1586587   4047983.66288397] [-0.30901699 -0.95105652  0.        ]
61631.000 [  856570.57799215 -4842959.10075871  4047983.70338398] [-0.30901699 -0.95105652  0.        ]
61632.000 [  856570.61859216 -4842959.02255872  4047983.78028399] [-0.30901699 -0.95105652  0.        ]
61633.000 [  856570.63879216 -4842958.95075873  4047983.856384  ] [-0.30901699 -0.95105652  0.        ]
61634.000 [  856570.69659217 -4842958.88865875  4047983.92818401] [-0.30901699 -0.95105652  0.        ]
61635.000 [  856570.74809218 -4842958.81095876  4047984.00248402] [-0.30901699 -0.95105652  0.        ]
61636.000 [  856570.78529219 -4842958.75265877  4047984.05528402] [-0.30901699 -0.95105652  0.        ]
61637.000 [  856570.8361922  -4842958.68595878  4047984.11608403] [-0.30901699 -0.95105652  0.        ]
61638.000 [  856570.87909221 -4842958.6388588   4047984.20188404] [-0.30901699 -0.95105652  0.        ]
61639.000 [  856570.91479222 -4842958.5923588   4047984.23998404] [-0.30901699 -0.95105652  0.        ]
61640.000 [  856570.98699223 -4842958.47775882  4047984.32648406] [-0.30901699 -0.95105652  0.        ]
61641.000 [  856571.03709224 -4842958.43295883  4047984.36728406] [-0.30901699 -0.95105652  0.        ]
61642.000 [  856571.09099225 -4842958.35555885  4047984.47638407] [-0.30901699 -0.95105652  0.        ]
61644.000 [  856571.16359227 -4842958.25565887  4047984.58648409] [-0.30901699 -0.95105652  0.        ]
61645.000 [  856571.22219228 -4842958.14785888  4047984.6704841 ] [-0.30901699 -0.95105652  0.        ]
61646.000 [  856571.24949229 -4842958.09265889  4047984.72578411] [-0.30901699 -0.95105652  0.        ]
61647.000 [  856571.2954923  -4842958.00875891  4047984.83218412] [-0.30901699 -0.95105652  0.        ]
61648.000 [  856572.39006995 -4842957.52659566  4047985.1647039 ] [ 0.80901699 -0.58778525  0.        ]
61650.000 [  856571.38719232 -4842957.85155894  4047984.97728414] [-0.30901699 -0.95105652  0.        ]
61653.000 [  856571.37689232 -4842957.75215896  4047985.09848415] [-0.30901699 -0.95105652  0.        ]
61654.000 [  856571.40249232 -4842957.74825896  4047985.08508415] [-0.30901699 -0.95105652  0.        ]
61655.000 [  856571.42459233 -4842957.70245897  4047985.15838416] [-0.30901699 -0.95105652  0.        ]
61656.000 [  856571.47409234 -4842957.63265898  4047985.20838417] [-0.30901699 -0.95105652  0.        ]
61657.000 [  856571.51659235 -4842957.56805899  4047985.27188418] [-0.30901699 -0.95105652  0.        ]
61658.000 [  856571.56429236 -4842957.47675901  4047985.36448419] [-0.30901699 -0.95105652  0.        ]
61660.000 [  856571.65079238 -4842957.33015903  4047985.51818421] [-0.30901699 -0.95105652  0.        ]
61661.000 [  856571.67799238 -4842957.27115905  4047985.59828422] [-0.30901699 -0.95105652  0.        ]
61662.000 [  856571.73009239 -4842957.20675906  4047985.67698422] [-0.30901699 -0.95105652  0.        ]
61663.000 [  856571.7525924  -4842957.14605907  4047985.74518423] [-0.30901699 -0.95105652  0.        ]
61664.000 [  856571.77809241 -4842957.06355909  4047985.83658424] [-0.30901699 -0.95105652  0.        ]
61665.000 [  856571.82129242 -4842956.9940591   4047985.90118425] [-0.30901699 -0.95105652  0.        ]
61666.000 [  856571.85529242 -4842956.94055911  4047985.95798426] [-0.30901699 -0.95105652  0.        ]
61667.000 [  856571.89509243 -4842956.85715912  4047986.04498427] [-0.30901699 -0.95105652  0.        ]
61668.000 [  856571.90479244 -4842956.81555913  4047986.09498428] [-0.30901699 -0.95105652  0.        ]
61669.000 [  856571.91369244 -4842956.75825914  4047986.18688429] [-0.30901699 -0.95105652  0.        ]
61670.000 [  856571.95449245 -4842956.69725916  4047986.2632843 ] [-0.30901699 -0.95105652  0.        ]
61671.000 [  856572.00879246 -4842956.59935917  4047986.36578431] [-0.30901699 -0.95105652  0.        ]
61673.000 [  856572.05399247 -4842956.4523592   4047986.51758433] [-0.30901699 -0.95105652  0.        ]
61674.000 [  856572.08409248 -4842956.38175921  4047986.59138434] [-0.30901699 -0.95105652  0.        ]
61675.000 [  856572.70318058 -4842956.19471841  4047986.67758435] [ 0.30901699 -0.95105652  0.        ]
61676.000 [  856572.1238925  -4842956.22605924  4047986.76468436] [-0.30901699 -0.95105652  0.        ]
61678.000 [  856572.1514925  -4842956.14575926  4047986.87158437] [-0.30901699 -0.95105652  0.        ]
61679.000 [  856572.1615925  -4842956.16325926  4047986.87688437] [-0.30901699 -0.95105652  0.        ]
61680.000 [  856572.16539251 -4842956.09225927  4047986.95438438] [-0.30901699 -0.95105652  0.        ]
61681.000 [  856572.19289252 -4842956.01265928  4047987.03168439] [-0.30901699 -0.95105652  0.        ]
61683.000 [  856572.26319253 -4842955.89085931  4047987.15698441] [-0.30901699 -0.95105652  0.        ]
61684.000 [  856572.25839253 -4842955.83835931  4047987.21818441] [-0.30901699 -0.95105652  0.        ]
61685.000 [  856572.29609254 -4842955.77035933  4047987.28168442] [-0.30901699 -0.95105652  0.        ]
61686.000 [  856572.31959255 -4842955.68915934  4047987.36438443] [-0.30901699 -0.95105652  0.        ]
61687.000 [  856572.34559256 -4842955.62775935  4047987.43518444] [-0.30901699 -0.95105652  0.        ]
61688.000 [  856572.31899256 -4842955.55835937  4047987.52948445] [-0.30901699 -0.95105652  0.        ]
61689.000 [  856572.35349256 -4842955.48615938  4047987.60628446] [-0.30901699 -0.95105652  0.        ]
61690.000 [  856572.38129257 -4842955.41955939  4047987.68348447] [-0.30901699 -0.95105652  0.        ]
61691.000 [  856572.39909258 -4842955.3450594   4047987.74948448] [-0.30901699 -0.95105652  0.        ]
61692.000 [  856572.38809258 -4842955.25605942  4047987.84218449] [-0.30901699 -0.95105652  0.        ]
61693.000 [  856573.5764162 -4842954.3819334  4047988.6501   ] [ 1.  0.  0.]
61695.000 [  856572.41499259 -4842955.06425945  4047988.06438452] [-0.30901699 -0.95105652  0.        ]
61698.000 [  856572.41319259 -4842955.08615945  4047988.01508452] [-0.30901699 -0.95105652  0.        ]
61699.000 [  856572.4203926  -4842955.02095946  4047988.09508453] [-0.30901699 -0.95105652  0.        ]
61700.000 [  856572.4237926  -4842954.95825947  4047988.15908453] [-0.30901699 -0.95105652  0.        ]
61701.000 [  856572.4122926  -4842954.86745949  4047988.26598455] [-0.30901699 -0.95105652  0.        ]
61702.000 [  856571.75442992 -4842953.92070431  4047989.53659583] [-0.80901699  0.58778525  0.        ]
61704.000 [  856572.44909262 -4842954.71265952  4047988.46878457] [-0.30901699 -0.95105652  0.        ]
61707.000 [  856572.46149262 -4842954.76795951  4047988.42438457] [-0.30901699 -0.95105652  0.        ]
61708.000 [  856572.48379262 -4842954.74625952  4047988.47188457] [-0.30901699 -0.95105652  0.        ]
61709.000 [  856572.51329263 -4842954.67555953  4047988.54878458] [-0.30901699 -0.95105652  0.        ]
61710.000 [  856572.51549263 -4842954.58065955  4047988.65478459] [-0.30901699 -0.95105652  0.        ]
61711.000 [  856572.52859264 -4842954.50025956  4047988.7586846 ] [-0.30901699 -0.95105652  0.        ]
61712.000 [  856572.55729265 -4842954.44525957  4047988.81208461] [-0.30901699 -0.95105652  0.        ]
61713.000 [  856572.59419266 -4842954.35545959  4047988.89548462] [-0.30901699 -0.95105652  0.        ]
61714.000 [  856572.58449266 -4842954.3005596   4047988.96728463] [-0.30901699 -0.95105652  0.        ]
61715.000 [  856572.58059266 -4842954.26855961  4047989.04178464] [-0.30901699 -0.95105652  0.        ]
61716.000 [  856572.60469267 -4842954.17885962  4047989.15948465] [-0.30901699 -0.95105652  0.        ]
61717.000 [  856572.61829267 -4842954.10635964  4047989.23438466] [-0.30901699 -0.95105652  0.        ]
61718.000 [  856572.58269267 -4842954.05755965  4047989.33278467] [-0.30901699 -0.95105652  0.        ]
61719.000 [  856572.58479268 -4842953.98145966  4047989.42008468] [-0.30901699 -0.95105652  0.        ]
61720.000 [  856572.57639268 -4842953.92625967  4047989.46518469] [-0.30901699 -0.95105652  0.        ]
61721.000 [  856572.58139268 -4842953.84445968  4047989.5681847 ] [-0.30901699 -0.95105652  0.        ]
61722.000 [  856572.56279268 -4842953.7558597   4047989.67358472] [-0.30901699 -0.95105652  0.        ]
61723.000 [  856572.55329269 -4842953.66915971  4047989.76158473] [-0.30901699 -0.95105652  0.        ]
61724.000 [  856572.55649269 -4842953.56225973  4047989.85778474] [-0.30901699 -0.95105652  0.        ]
61726.000 [  856572.5460927  -4842953.43695976  4047990.02038476] [-0.30901699 -0.95105652  0.        ]
61727.000 [  856572.5413927  -4842953.37595977  4047990.08048477] [-0.30901699 -0.95105652  0.        ]
61728.000 [  856572.54629271 -4842953.30285978  4047990.15468478] [-0.30901699 -0.95105652  0.        ]
61729.000 [  856572.53119271 -4842953.23295979  4047990.23548479] [-0.30901699 -0.95105652  0.        ]
61730.000 [  856572.51999271 -4842953.1623598   4047990.3421848 ] [-0.30901699 -0.95105652  0.        ]
61731.000 [  856573.11938078 -4842952.98171888  4047990.42508481] [ 0.30901699 -0.95105652  0.        ]
61733.000 [  856572.48149272 -4842952.97735984  4047990.55978483] [-0.30901699 -0.95105652  0.        ]
61734.000 [  856572.47399272 -4842952.95795984  4047990.59658483] [-0.30901699 -0.95105652  0.        ]
61735.000 [  856572.49859272 -4842952.92625985  4047990.62488484] [-0.30901699 -0.95105652  0.        ]
61736.000 [  856572.47079272 -4842952.87125986  4047990.70148485] [-0.30901699 -0.95105652  0.        ]
61737.000 [  856572.43379272 -4842952.82695987  4047990.76568485] [-0.30901699 -0.95105652  0.        ]
61738.000 [  856572.41119272 -4842952.77935987  4047990.82838486] [-0.30901699 -0.95105652  0.        ]
61739.000 [  856572.41589272 -4842952.70735989  4047990.91228487] [-0.30901699 -0.95105652  0.        ]
61741.000 [  856572.34549272 -4842952.60755991  4047991.05368489] [-0.30901699 -0.95105652  0.        ]
61742.000 [  856572.29829272 -4842952.51625992  4047991.1542849 ] [-0.30901699 -0.95105652  0.        ]
61743.000 [  856572.32149273 -4842952.42005994  4047991.23438491] [-0.30901699 -0.95105652  0.        ]
61744.000 [  856572.32659273 -4842952.33685995  4047991.33108493] [-0.30901699 -0.95105652  0.        ]
61745.000 [  856572.28509273 -4842952.26165996  4047991.40898494] [-0.30901699 -0.95105652  0.        ]
61746.000 [  856572.25109273 -4842952.20185997  4047991.48188495] [-0.30901699 -0.95105652  0.        ]
61747.000 [  856572.86458081 -4842952.00081906  4047991.58378496] [ 0.30901699 -0.95105652  0.        ]
61749.000 [  856572.24059274 -4842951.98656001  4047991.72338498] [-0.30901699 -0.95105652  0.        ]
61751.000 [  856572.16229273 -4842951.92346002  4047991.81788499] [-0.30901699 -0.95105652  0.        ]
61752.000 [  856572.15559273 -4842951.88716003  4047991.86918499] [-0.30901699 -0.95105652  0.        ]
61753.000 [  856572.10489273 -4842951.81056004  4047991.97858501] [-0.30901699 -0.95105652  0.        ]
61754.000 [  856572.09069273 -4842951.73926005  4047992.04998502] [-0.30901699 -0.95105652  0.        ]
61755.000 [  856572.05929273 -4842951.63746007  4047992.11558503] [-0.30901699 -0.95105652  0.        ]
61756.000 [  856571.99859273 -4842951.58426007  4047992.17688504] [-0.30901699 -0.95105652  0.        ]
61757.000 [  856571.97059273 -4842951.53606008  4047992.21648504] [-0.30901699 -0.95105652  0.        ]
61758.000 [  856571.96819273 -4842951.46996009  4047992.31388505] [-0.30901699 -0.95105652  0.        ]
61759.000 [  856571.93819273 -4842951.38666011  4047992.41588507] [-0.30901699 -0.95105652  0.        ]
61760.000 [  856571.90369273 -4842951.33226012  4047992.49328508] [-0.30901699 -0.95105652  0.        ]
61761.000 [  856571.86329273 -4842951.28256013  4047992.56828508] [-0.30901699 -0.95105652  0.        ]
61762.000 [  856571.82129273 -4842951.19536014  4047992.6691851 ] [-0.30901699 -0.95105652  0.        ]
61763.000 [  856571.77249273 -4842951.12326016  4047992.76048511] [-0.30901699 -0.95105652  0.        ]
61764.000 [  856571.73909272 -4842951.06206017  4047992.83878512] [-0.30901699 -0.95105652  0.        ]
61765.000 [  856570.9138838  -4842950.51196661  4047993.6548    ] [ -1.00000000e+00   1.22464680e-16   0.00000000e+00]
61769.000 [  856570.8215838  -4842950.43746659  4047993.7524    ] [ -1.00000000e+00   1.22464680e-16   0.00000000e+00]
61770.000 [  856571.62849272 -4842950.91946019  4047993.01268514] [-0.30901699 -0.95105652  0.        ]
61773.000 [  856571.80809274 -4842950.97266018  4047992.95588513] [-0.30901699 -0.95105652  0.        ]
61774.000 [  856571.82249274 -4842950.95556019  4047992.97078513] [-0.30901699 -0.95105652  0.        ]
61775.000 [  856572.42718082 -4842950.82631929  4047993.00898514] [ 0.30901699 -0.95105652  0.        ]
61777.000 [  856571.74659274 -4842950.78916022  4047993.19488516] [-0.30901699 -0.95105652  0.        ]
61779.000 [  856571.68949274 -4842950.71426023  4047993.26948517] [-0.30901699 -0.95105652  0.        ]
61780.000 [  856571.67999274 -4842950.67846023  4047993.30228518] [-0.30901699 -0.95105652  0.        ]
61781.000 [  856571.64869274 -4842950.62556024  4047993.37848519] [-0.30901699 -0.95105652  0.        ]
61782.000 [  856571.61969274 -4842950.56966025  4047993.44568519] [-0.30901699 -0.95105652  0.        ]
61783.000 [  856571.60499274 -4842950.53586026  4047993.5002852 ] [-0.30901699 -0.95105652  0.        ]
61784.000 [  856571.56669274 -4842950.45406027  4047993.58248521] [-0.30901699 -0.95105652  0.        ]
61785.000 [  856571.51959273 -4842950.36606029  4047993.67298522] [-0.30901699 -0.95105652  0.        ]
61786.000 [  856571.45059273 -4842950.3129603   4047993.76838524] [-0.30901699 -0.95105652  0.        ]
61787.000 [  856572.5878162  -4842949.42233343  4047994.5792    ] [ 1.  0.  0.]
