60650.000000 1.256637 7.000000 1.881960 1.895517 3.383963
60659.000000 -1.256637 7.000000 5.639679 5.639679 5.761852
60669.000000 -1.256637 7.000000 5.635675 5.635676 5.757873
60673.000000 -1.256637 7.000000 5.634059 5.634060 5.756265
60682.000000 -1.256637 7.000000 5.630394 5.630394 5.752615
60692.000000 -0.628319 8.000000 3.498208 3.498208 3.692397
60701.000000 -0.628319 8.000000 3.500503 3.500503 3.695509
60706.000000 -0.628319 8.000000 3.501767 3.501767 3.697226
60710.000000 -0.628319 8.000000 3.502773 3.502773 3.698593
60714.000000 -0.628319 8.000000 3.503774 3.503774 3.699954
