66135.000
 [[ -9367138.2277 -24413118.3569  -4377100.7654]
 [-15984238.9742  -2996403.4782  20964995.3611]
 [-12715153.8624 -23219353.8252   2456522.673 ]
 [ 12995116.7425   7189169.9439  22006057.8217]
 [ 11515504.785  -23153914.4018  -5501964.3074]
 [  9367742.1233 -13882638.3597  20578837.4869]
 [ -7934464.2109 -14943589.7629  20650115.7354]
 [ 18357608.6659 -18722266.29    -3323260.0265]
 [ 21006785.9678  -7759557.1498  14638781.3744]
 [  2423638.7382 -21576511.6216  14847875.9476]]
66136.000
 [[ -9366516.1657 -24412783.744   -4380128.9108]
 [-15982796.9415  -2998655.4394  20965770.2377]
 [-12715036.7589 -23219754.0493   2453370.1191]
 [ 12993400.0561   7191370.4103  22006354.1622]
 [ 11516099.851  -23154346.3611  -5498839.2166]
 [  9368980.6365 -13880328.541   20579844.4373]
 [ -7932919.0929 -14945656.2351  20649159.4265]
 [ 18357545.6565 -18721724.37    -3326410.2361]
 [ 21008587.4466  -7759169.4186  14636436.0608]
 [  2424474.4894 -21574770.0523  14850287.6307]]
66137.000
 [[ -9365893.9042 -24412448.8294  -4383156.9625]
 [-15981354.9811  -3000907.563   20966544.6669]
 [-12714919.5117 -23220153.9214   2450217.5133]
 [ 12991683.4831   7193571.0121  22006650.0339]
 [ 11516694.6668 -23154778.0308  -5495714.0071]
 [  9370219.3365 -13878018.6806  20580850.9485]
 [ -7931374.1522 -14947722.699   20648202.685 ]
 [ 18357482.4274 -18721182.1362  -3329560.3739]
 [ 21010388.6564  -7758781.8299  14634090.4425]
 [  2425310.4545 -21573028.2472  14852698.9884]]
66139.000
 [[ -9364648.783  -24411778.0954  -4389212.7845]
 [-15978471.278   -3005412.2966  20968092.1832]
 [-12714684.5857 -23220952.6098   2443912.1456]
 [ 12988250.6771   7197972.6219  22007240.3711]
 [ 11517883.5481 -23155640.5013  -5489463.2325]
 [  9372697.2967 -13873398.8351  20582862.6532]
 [ -7928284.8032 -14951855.6018  20646287.9042]
 [ 18357355.3103 -18720096.7269  -3335860.4337]
 [ 21013990.2688  -7758007.0797  14629398.2921]
 [  2426983.026  -21569543.9294  14857520.7277]]
66140.000
 [[ -9364025.9233 -24411442.2761  -4392240.5546]
 [-15977029.5353  -3007664.9066  20968865.2701]
 [-12714566.9068 -23221351.4261   2440759.384 ]
 [ 12986534.4443   7200173.6298  22007534.8365]
 [ 11518477.6136 -23156071.302   -5486337.6676]
 [  9373936.5569 -13871088.85    20583867.8467]
 [ -7926740.3949 -14953922.0406  20645329.865 ]
 [ 18357291.4225 -18719553.5514  -3339010.3556]
 [ 21015790.6713  -7757619.9183  14627051.7601]
 [  2427819.6326 -21567801.417   14859931.1092]]
66141.000
 [[ -9363402.864  -24411106.1552  -4395268.2308]
 [-15975587.8653  -3009917.6787  20969637.9097]
 [-12714449.0841 -23221749.8904   2437606.5706]
 [ 12984818.325    7202374.7728  22007828.8331]
 [ 11519071.429  -23156501.8129  -5483211.9842]
 [  9375176.0039 -13868778.8235  20584872.601 ]
 [ -7925196.164  -14955988.4709  20644371.3932]
 [ 18357227.3151 -18719010.0619  -3342160.2053]
 [ 21017590.8046  -7757232.8991  14624704.9235]
 [  2428656.453  -21566058.6689  14862341.1651]]
66142.000
 [[ -9362779.6052 -24410769.7328  -4398295.8129]
 [-15974146.2679  -3012170.6129  20970410.1017]
 [-12714331.1173 -23222148.0028   2434453.7055]
 [ 12983102.3192   7204576.0511  22008122.3609]
 [ 11519664.9945 -23156932.0341  -5480086.1826]
 [  9376415.6376 -13866468.7556  20585876.9159]
 [ -7923652.1107 -14958054.8926  20643412.4889]
 [ 18357162.9883 -18718466.2585  -3345309.9829]
 [ 21019390.6687  -7756846.0223  14622357.7826]
 [  2429493.4874 -21564315.6853  14864750.8955]]
66143.000
 [[ -9362156.1468 -24410433.009   -4401323.3009]
 [-15972704.7432  -3014423.709   20971181.8462]
 [-12714213.0065 -23222545.7634   2431300.7887]
 [ 12981386.427    7206777.4645  22008415.42  ]
 [ 11520258.31   -23157361.9654  -5476960.2628]
 [  9377655.458  -13864158.6464  20586880.7915]
 [ -7922108.2349 -14960121.3058  20642453.1521]
 [ 18357098.4421 -18717922.141   -3348459.6882]
 [ 21021190.2634  -7756459.2878  14620010.3372]
 [  2430330.7356 -21562572.4661  14867160.3003]]
66144.000
 [[ -9361532.4888 -24410095.9837  -4404350.6948]
 [-15971263.2913  -3016676.9671  20971953.1433]
 [-12714094.7516 -23222943.1721   2428147.8203]
 [ 12979670.6485   7208979.013   22008708.0102]
 [ 11520851.3757 -23157791.6068  -5473834.2247]
 [  9378895.4651 -13861848.4959  20587884.2278]
 [ -7920564.5367 -14962187.7102  20641493.3829]
 [ 18357033.6766 -18717377.7095  -3351609.3213]
 [ 21022989.5889  -7756072.6955  14617662.5875]
 [  2431168.1979 -21560829.0115  14869569.3794]]
66145.000
 [[ -9360908.6311 -24409758.6571  -4407377.9944]
 [-15969821.9122  -3018930.3871  20972723.9928]
 [-12713976.3525 -23223340.2289   2424994.8005]
 [ 12977954.9836   7211180.6965  22009000.1316]
 [ 11521444.1914 -23158220.9583  -5470708.0686]
 [  9380135.6589 -13859538.3042  20588887.2248]
 [ -7919021.016  -14964254.106   20640533.1812]
 [ 18356968.6917 -18716832.9639  -3354758.8819]
 [ 21024788.6449  -7755686.2454  14615314.5335]
 [  2432005.8741 -21559085.3214  14871978.1328]]
66146.000
 [[ -9360284.5738 -24409421.029   -4410405.1998]
 [-15968380.6059  -3021183.969   20973494.3948]
 [-12713857.8092 -23223736.9338   2421841.7291]
 [ 12976239.4324   7213382.515   22009291.7843]
 [ 11522036.7572 -23158650.0199  -5467581.7944]
 [  9381376.0394 -13857228.0713  20589889.7824]
 [ -7917477.6729 -14966320.4929  20639572.547 ]
 [ 18356903.4876 -18716287.9042  -3357908.3701]
 [ 21026587.4315  -7755299.9375  14612966.1753]
 [  2432843.7643 -21557341.396   14874386.5604]]
66147.000
 [[ -9359660.3167 -24409083.0997  -4413432.3107]
 [-15966939.3726  -3023437.7127  20974264.3493]
 [-12713739.1217 -23224133.287    2418688.6064]
 [ 12974523.9951   7215584.4684  22009582.9681]
 [ 11522629.0732 -23159078.7914  -5464455.4022]
 [  9382616.6065 -13854917.7975  20590891.9005]
 [ -7915934.5075 -14968386.871   20638611.4804]
 [ 18356838.0643 -18715742.5304  -3361057.7858]
 [ 21028385.9487  -7754913.7717  14610617.5128]
 [  2433681.8685 -21555597.2354  14876794.6622]]
66148.000
 [[ -9359035.8599 -24408744.869   -4416459.3273]
 [-15965498.2122  -3025691.6181  20975033.8561]
 [-12713620.2899 -23224529.2883   2415535.4324]
 [ 12972808.6716   7217786.5567  22009873.6831]
 [ 11523221.1394 -23159507.2728  -5461328.8922]
 [  9383857.3603 -13852607.4826  20591893.5793]
 [ -7914391.5197 -14970453.2402  20637649.9814]
 [ 18356772.4217 -18715196.8425  -3364207.1289]
 [ 21030184.1963  -7754527.7481  14608268.5463]
 [  2434520.1867 -21553852.8395  14879202.4381]]
66149.000
 [[ -9358411.2034 -24408406.3371  -4419486.2493]
 [-15964057.1249  -3027945.6852  20975802.9154]
 [-12713501.3138 -23224924.9378   2412382.2071]
 [ 12971093.4619   7219988.7798  22010163.9292]
 [ 11523812.9558 -23159935.4642  -5458202.2644]
 [  9385098.3006 -13850297.1268  20592894.8186]
 [ -7912848.7095 -14972519.6004  20636688.0501]
 [ 18356706.5601 -18714650.8405  -3367356.3993]
 [ 21031982.1743  -7754141.8666  14605919.2757]
 [  2435358.7189 -21552108.2085  14881609.8881]]
66151.000
 [[ -9357161.2907 -24407728.3696  -4425539.8096]
 [-15961175.1693  -3032454.3043  20977339.6911]
 [-12713262.9283 -23225715.1814   2406075.6032]
 [ 12967663.3845   7224393.6302  22010743.015 ]
 [ 11524995.8394 -23160790.9764  -5451948.6555]
 [  9387580.7412 -13845676.2928  20594895.9788]
 [ -7909763.6224 -14976652.2936  20634762.8902]
 [ 18356574.1795 -18713557.8938  -3373654.7219]
 [ 21035577.3213  -7753370.5296  14601219.8223]
 [  2437036.4256 -21548618.2413  14886423.8099]]
66152.000
 [[ -9356536.0346 -24407388.9341  -4428566.4477]
 [-15959734.3013  -3034708.8562  20978107.4075]
 [-12713143.5188 -23226109.7755   2402922.2246]
 [ 12965948.5168   7226596.2575  22011031.8547]
 [ 11525586.9067 -23161218.2972  -5448821.6746]
 [  9388822.2413 -13843365.8146  20595895.8997]
 [ -7908221.3454 -14978718.6266  20633799.6618]
 [ 18356507.6608 -18713010.9491  -3376803.774 ]
 [ 21037374.4903  -7752985.0741  14598869.6397]
 [  2437875.6002 -21546872.9052  14888830.2818]]
66152.000
 [[ -9356536.0346 -24407388.9341  -4428566.4477]
 [-15959734.3013  -3034708.8562  20978107.4075]
 [-12713143.5188 -23226109.7755   2402922.2246]
 [ 12965948.5168   7226596.2575  22011031.8547]
 [ 11525586.9067 -23161218.2972  -5448821.6746]
 [  9388822.2413 -13843365.8146  20595895.8997]
 [ -7908221.3454 -14978718.6266  20633799.6618]
 [ 18356507.6608 -18713010.9491  -3376803.774 ]
 [ 21037374.4903  -7752985.0741  14598869.6397]
 [  2437875.6002 -21546872.9052  14888830.2818]]
66153.000
 [[ -9355910.5786 -24407049.1975  -4431592.9911]
 [-15958293.5064  -3036963.5697  20978874.6762]
 [-12713023.9648 -23226504.018    2399768.795 ]
 [ 12964233.7631   7228799.0193  22011320.2254]
 [ 11526177.7244 -23161645.3276  -5445694.5761]
 [  9390063.9281 -13841055.2958  20596895.3811]
 [ -7906679.2462 -14980784.9503  20632836.001 ]
 [ 18356440.923  -18712463.6902  -3379952.7531]
 [ 21039171.3896  -7752599.7606  14596519.1532]
 [  2438714.9888 -21545127.3342  14891236.4275]]
66153.000
 [[ -9355910.5786 -24407049.1975  -4431592.9911]
 [-15958293.5064  -3036963.5697  20978874.6762]
 [-12713023.9648 -23226504.018    2399768.795 ]
 [ 12964233.7631   7228799.0193  22011320.2254]
 [ 11526177.7244 -23161645.3276  -5445694.5761]
 [  9390063.9281 -13841055.2958  20596895.3811]
 [ -7906679.2462 -14980784.9503  20632836.001 ]
 [ 18356440.923  -18712463.6902  -3379952.7531]
 [ 21039171.3896  -7752599.7606  14596519.1532]
 [  2438714.9888 -21545127.3342  14891236.4275]]
66154.000
 [[ -9355284.9225 -24406709.1597  -4434619.4397]
 [-15956852.7847  -3039218.4446  20979641.4973]
 [-12712904.2662 -23226897.9087   2396615.3145]
 [ 12962519.1235   7231001.9158  22011608.1274]
 [ 11526768.2924 -23162072.0678  -5442567.3601]
 [  9391305.8014 -13838744.7363  20597894.4229]
 [ -7905137.3247 -14982851.2648  20631871.908 ]
 [ 18356373.9664 -18711916.117   -3383101.6592]
 [ 21040968.019   -7752214.589   14594168.3628]
 [  2439554.5916 -21543381.5283  14893642.247 ]]
66154.000
 [[ -9355284.9225 -24406709.1597  -4434619.4397]
 [-15956852.7847  -3039218.4446  20979641.4973]
 [-12712904.2662 -23226897.9087   2396615.3145]
 [ 12962519.1235   7231001.9158  22011608.1274]
 [ 11526768.2924 -23162072.0678  -5442567.3601]
 [  9391305.8014 -13838744.7363  20597894.4229]
 [ -7905137.3247 -14982851.2648  20631871.908 ]
 [ 18356373.9664 -18711916.117   -3383101.6592]
 [ 21040968.019   -7752214.589   14594168.3628]
 [  2439554.5916 -21543381.5283  14893642.247 ]]
66155.000
 [[ -9354659.0665 -24406368.8209  -4437645.7934]
 [-15955412.1363  -3041473.481   20980407.8707]
 [-12712784.4229 -23227291.4477   2393461.7832]
 [ 12960804.5981   7233204.9467  22011895.5604]
 [ 11527358.6109 -23162498.5176  -5439440.0267]
 [  9392547.8612 -13836434.1363  20598893.0251]
 [ -7903595.581  -14984917.5699  20630907.3827]
 [ 18356306.7909 -18711368.2295  -3386250.4923]
 [ 21042764.3785  -7751829.5592  14591817.2687]
 [  2440394.4086 -21541635.4876  14896047.7402]]
66155.000
 [[ -9354659.0665 -24406368.8209  -4437645.7934]
 [-15955412.1363  -3041473.481   20980407.8707]
 [-12712784.4229 -23227291.4477   2393461.7832]
 [ 12960804.5981   7233204.9467  22011895.5604]
 [ 11527358.6109 -23162498.5176  -5439440.0267]
 [  9392547.8612 -13836434.1363  20598893.0251]
 [ -7903595.581  -14984917.5699  20630907.3827]
 [ 18356306.7909 -18711368.2295  -3386250.4923]
 [ 21042764.3785  -7751829.5592  14591817.2687]
 [  2440394.4086 -21541635.4876  14896047.7402]]
66155.000
 [[ -9354659.0665 -24406368.8209  -4437645.7934]
 [-15955412.1363  -3041473.481   20980407.8707]
 [-12712784.4229 -23227291.4477   2393461.7832]
 [ 12960804.5981   7233204.9467  22011895.5604]
 [ 11527358.6109 -23162498.5176  -5439440.0267]
 [  9392547.8612 -13836434.1363  20598893.0251]
 [ -7903595.581  -14984917.5699  20630907.3827]
 [ 18356306.7909 -18711368.2295  -3386250.4923]
 [ 21042764.3785  -7751829.5592  14591817.2687]
 [  2440394.4086 -21541635.4876  14896047.7402]]
