68722.000000 1.884956 5.000000 2.258946 2.265713 3.308709
68724.000000 -1.884956 5.000000 2.977684 3.118663 3.309849
68726.000000 -1.256637 5.000000 2.894328 3.157094 3.310992
68727.000000 -1.884956 5.000000 2.884416 3.155661 3.311563
68729.000000 -1.256637 5.000000 2.469635 2.982884 3.312708
68731.000000 -0.628319 5.000000 2.364921 2.689672 3.313855
68733.000000 0.000000 5.000000 2.070898 2.171054 3.315003
68736.000000 0.628319 5.000000 2.029461 2.144630 3.316728
68738.000000 0.000000 5.000000 2.057890 2.142808 3.317880
68739.000000 -0.628319 5.000000 2.240811 2.480877 3.318457
68743.000000 -0.628319 5.000000 2.275150 2.722885 3.320768
68745.000000 -0.628319 5.000000 2.263134 2.630175 3.321926
