60815.000
 [[-12594218.3374 -16177491.5392  16895995.3388]
 [  5354153.8569 -24013322.4414   9827131.6573]
 [  9031979.0553 -12304518.0702  21794583.3354]
 [ 22319267.5985  -1666578.8536  14274016.4933]
 [-10912344.237  -21474461.0299  11421545.3887]
 [ 14758745.8038 -18110092.1861  12755657.8239]
 [ 20317034.7542 -16598928.7567   3890025.3943]
 [   140538.5064 -26308298.1284  -1069529.5424]]
60820.000
 [[-12593863.7859 -16188251.5538  16885986.8647]
 [  5355933.7455 -24007153.8914   9841280.0638]
 [  9044030.1874 -12297848.3988  21793553.8389]
 [ 22311772.1871  -1661425.7743  14286326.8244]
 [-10911461.8985 -21481700.2845  11408481.9811]
 [ 14766248.0572 -18112830.2173  12742711.0076]
 [ 20319896.2215 -16599043.1254   3874416.9696]
 [   141711.1298 -26308851.9609  -1053231.7705]]
60824.000
 [[-12593582.1794 -16196855.1075  16877973.6231]
 [  5357359.3435 -24002213.0205   9852594.9917]
 [  9053672.0167 -12292515.4831  21792721.9415]
 [ 22305772.1428  -1657298.8956  14296169.6096]
 [-10910756.7386 -21487486.0726  11398026.9329]
 [ 14772244.2188 -18115019.4221  12732348.7049]
 [ 20322179.4666 -16599131.3255   3861928.7386]
 [   142648.8983 -26309287.8191  -1040193.1379]]
60829.000
 [[-12593232.7114 -16207603.971   16867948.998 ]
 [  5359143.4535 -23996029.3974   9866733.8978]
 [  9065725.4504 -12285852.8688  21791671.6952]
 [ 22298267.4499  -1652134.7774  14308466.2353]
 [-10909876.1734 -21494711.2844  11384952.7264]
 [ 14779732.367  -18117754.3969  12719389.7708]
 [ 20325026.1133 -16599237.4523   3846316.5936]
 [   143820.7011 -26309823.6315  -1023894.337 ]]
60833.000
 [[-12592955.1664 -16216198.5952  16859922.8428]
 [  5360572.4351 -23991076.4738   9878041.2151]
 [  9075369.1106 -12280525.6038  21790823.1989]
 [ 22292259.9902  -1647999.0659  14318298.0473]
 [-10909172.4255 -21500485.8331  11374489.0484]
 [ 14785717.2416 -18119941.1475  12709017.7829]
 [ 20327297.5044 -16599319.0512   3833825.3977]
 [   144757.8215 -26310245.0726  -1010854.8932]]
60837.000
 [[-12592679.4227 -16224789.2455  16851890.9526]
 [  5362002.9252 -23986118.1968   9889345.1438]
 [  9085013.5784 -12275200.8533  21789967.3261]
 [ 22286249.241   -1643859.4271  14328124.9769]
 [-10908469.3004 -21506255.3834  11364021.5405]
 [ 14791697.0984 -18122126.8015  12698641.4961]
 [ 20329563.629  -16599397.711    3821332.8907]
 [   145694.6597 -26310660.1056   -997815.0961]]
60839.000
 [[-12592542.2257 -16229083.0795  16847872.8578]
 [  5362718.7367 -23983637.0516   9894995.8362]
 [  9089836.1139 -12272539.4216  21789536.6236]
 [ 22283242.6341  -1641788.1348  14333036.6098]
 [-10908117.9706 -21509138.2836  11358786.3514]
 [ 14794685.1448 -18123219.2162  12693451.7417]
 [ 20330694.7166 -16599435.9379   3815086.1471]
 [   146162.974  -26310865.2189   -991295.0666]]
