69176.000 [  856541.98098269 -4842967.7733603   4047984.6536    ] [ -1.00000000e+00   1.22464680e-16   0.00000000e+00]
69180.000 [  856542.08058269 -4842967.74896032  4047984.6729    ] [ -1.00000000e+00   1.22464680e-16   0.00000000e+00]
69181.000 [  856542.06728269 -4842967.69926032  4047984.7332    ] [ -1.00000000e+00   1.22464680e-16   0.00000000e+00]
69182.000 [  856542.06258269 -4842967.63986032  4047984.8082    ] [ -1.00000000e+00   1.22464680e-16   0.00000000e+00]
69184.000 [  856542.07378269 -4842967.54306033  4047984.9211    ] [ -1.00000000e+00   1.22464680e-16   0.00000000e+00]
69185.000 [  856542.06428269 -4842967.47026033  4047985.0022    ] [ -1.00000000e+00   1.22464680e-16   0.00000000e+00]
69186.000 [  856542.05018269 -4842967.39506033  4047985.0805    ] [ -1.00000000e+00   1.22464680e-16   0.00000000e+00]
69187.000 [  856542.06518269 -4842967.32936033  4047985.1325    ] [ -1.00000000e+00   1.22464680e-16   0.00000000e+00]
69188.000 [  856542.07118269 -4842967.29366033  4047985.1906    ] [ -1.00000000e+00   1.22464680e-16   0.00000000e+00]
69189.000 [  856542.03308269 -4842967.24826033  4047985.2621    ] [ -1.00000000e+00   1.22464680e-16   0.00000000e+00]
69191.000 [  856542.04018269 -4842967.09486033  4047985.4126    ] [ -1.00000000e+00   1.22464680e-16   0.00000000e+00]
69192.000 [  856542.05868269 -4842967.03636034  4047985.4866    ] [ -1.00000000e+00   1.22464680e-16   0.00000000e+00]
69193.000 [  856542.02738269 -4842966.96836034  4047985.57      ] [ -1.00000000e+00   1.22464680e-16   0.00000000e+00]
69194.000 [  856542.00038269 -4842966.90616033  4047985.6198    ] [ -1.00000000e+00   1.22464680e-16   0.00000000e+00]
69195.000 [  856542.01068269 -4842966.86076034  4047985.6492    ] [ -1.00000000e+00   1.22464680e-16   0.00000000e+00]
69197.000 [  856542.24146246 -4842967.03119805  4047985.35550375] [-0.80901699 -0.58778525  0.        ]
69201.000 [  856542.71988831 -4842967.10755745  4047985.1674839 ] [-0.30901699 -0.95105652  0.        ]
69202.000 [  856542.69948831 -4842967.13835745  4047985.1482839 ] [-0.30901699 -0.95105652  0.        ]
69203.000 [  856543.65333754 -4842965.98420196  4047986.31689624] [ 0.80901699  0.58778525  0.        ]
69205.000 [  856543.0677117  -4842965.95884258  4047986.45521612] [ 0.30901699  0.95105652  0.        ]
69207.000 [  856542.46302293 -4842966.01067956  4047986.52941611] [-0.30901699  0.95105652  0.        ]
69209.000 [  856542.18976246 -4842966.98219804  4047985.40150376] [-0.80901699 -0.58778525  0.        ]
69211.000 [  856542.19806246 -4842966.91509805  4047985.44710376] [-0.80901699 -0.58778525  0.        ]
69213.000 [  856542.15336246 -4842966.97269804  4047985.37960376] [-0.80901699 -0.58778525  0.        ]
69214.000 [  856542.09376245 -4842967.03089802  4047985.31700375] [-0.80901699 -0.58778525  0.        ]
69215.000 [  856542.08756245 -4842967.10579801  4047985.22970375] [-0.80901699 -0.58778525  0.        ]
69216.000 [  856542.05656244 -4842967.172098    4047985.16630374] [-0.80901699 -0.58778525  0.        ]
69217.000 [  856541.89143148 -4842966.45519928  4047986.03769626] [-0.80901699  0.58778525  0.        ]
69221.000 [  856542.07466244 -4842967.31229799  4047985.05090373] [-0.80901699 -0.58778525  0.        ]
69224.000 [  856543.90176267 -4842966.20089841  4047986.81410384] [-0.80901699 -0.58778525  0.        ]
69225.000 [  856544.82426278 -4842965.5502986   4047987.15110387] [-0.80901699 -0.58778525  0.        ]
69226.000 [  856545.25586284 -4842964.9264987   4047986.97520389] [-0.80901699 -0.58778525  0.        ]
69227.000 [  856545.18276283 -4842965.05019867  4047986.79480387] [-0.80901699 -0.58778525  0.        ]
69228.000 [  856545.22046283 -4842965.09709867  4047986.72030387] [-0.80901699 -0.58778525  0.        ]
69229.000 [  856545.25666283 -4842965.12749867  4047986.64530386] [-0.80901699 -0.58778525  0.        ]
69230.000 [  856545.27796283 -4842965.16409867  4047986.60710386] [-0.80901699 -0.58778525  0.        ]
69232.000 [  856545.35966283 -4842965.28329866  4047986.42140385] [-0.80901699 -0.58778525  0.        ]
69233.000 [  856545.41146284 -4842965.32149866  4047986.34050384] [-0.80901699 -0.58778525  0.        ]
69234.000 [  856545.44716284 -4842965.34729866  4047986.26450384] [-0.80901699 -0.58778525  0.        ]
69235.000 [  856546.0290888  -4842965.54505773  4047985.87778401] [-0.30901699 -0.95105652  0.        ]
69237.000 [  856546.0328888  -4842965.55885772  4047985.777284  ] [-0.30901699 -0.95105652  0.        ]
69238.000 [  856546.09388881 -4842965.59785771  4047985.708184  ] [-0.30901699 -0.95105652  0.        ]
69239.000 [  856546.12248881 -4842965.6352577   4047985.63388399] [-0.30901699 -0.95105652  0.        ]
69240.000 [  856546.15658881 -4842965.67475769  4047985.57868398] [-0.30901699 -0.95105652  0.        ]
69241.000 [  856546.22838882 -4842965.72405769  4047985.50928397] [-0.30901699 -0.95105652  0.        ]
69242.000 [  856546.28048882 -4842965.76785768  4047985.43108396] [-0.30901699 -0.95105652  0.        ]
69243.000 [  856546.32328882 -4842965.83265767  4047985.33828395] [-0.30901699 -0.95105652  0.        ]
69244.000 [  856546.36528883 -4842965.87875766  4047985.29278395] [-0.30901699 -0.95105652  0.        ]
69245.000 [  856547.35793714 -4842964.78320135  4047986.39349622] [ 0.80901699  0.58778525  0.        ]
69247.000 [  856546.92601116 -4842964.74164237  4047986.57091608] [ 0.30901699  0.95105652  0.        ]
69249.000 [  856546.89241116 -4842964.72474236  4047986.64121607] [ 0.30901699  0.95105652  0.        ]
69250.000 [  856546.90201116 -4842964.71214236  4047986.64841607] [ 0.30901699  0.95105652  0.        ]
69251.000 [  856546.83401117 -4842964.67564235  4047986.69461607] [ 0.30901699  0.95105652  0.        ]
69253.000 [  856547.27293714 -4842964.71160135  4047986.57619621] [ 0.80901699  0.58778525  0.        ]
69254.000 [  856547.22613714 -4842964.64090135  4047986.6275962 ] [ 0.80901699  0.58778525  0.        ]
69256.000 [  856547.43581718 -4842964.90173892  4047986.2407    ] [ 1.  0.  0.]
69256.000 [  856547.43581718 -4842964.90173892  4047986.2407    ] [ 1.  0.  0.]
69257.000 [  856547.38521718 -4842964.83903893  4047986.3031    ] [ 1.  0.  0.]
69259.000 [  856547.33481718 -4842964.75893894  4047986.395     ] [ 1.  0.  0.]
69260.000 [  856547.31941718 -4842964.72883894  4047986.4529    ] [ 1.  0.  0.]
69261.000 [  856547.33831718 -4842964.66073894  4047986.5003    ] [ 1.  0.  0.]
69262.000 [  856547.30171718 -4842964.61203894  4047986.5598    ] [ 1.  0.  0.]
69263.000 [  856546.70317751 -4842965.26762029  4047985.92128402] [ 0.30901699 -0.95105652  0.        ]
69267.000 [  856546.06448882 -4842965.22145777  4047986.08468405] [-0.30901699 -0.95105652  0.        ]
69268.000 [  856545.31908282 -4842964.78946106  4047986.7532    ] [ -1.00000000e+00   1.22464680e-16   0.00000000e+00]
69272.000 [  856545.43488282 -4842964.87016108  4047986.7177    ] [ -1.00000000e+00   1.22464680e-16   0.00000000e+00]
69273.000 [  856545.66446287 -4842965.1812987   4047986.27190384] [-0.80901699 -0.58778525  0.        ]
69277.000 [  856547.26341718 -4842964.48933894  4047986.7928    ] [ 1.  0.  0.]
69278.000 [  856547.25141718 -4842964.50153895  4047986.7959    ] [ 1.  0.  0.]
69279.000 [  856547.30151718 -4842964.54683894  4047986.72      ] [ 1.  0.  0.]
69280.000 [  856547.29321718 -4842964.55613894  4047986.728     ] [ 1.  0.  0.]
69281.000 [  856546.75797751 -4842965.34172028  4047985.91858402] [ 0.30901699 -0.95105652  0.        ]
69285.000 [  856546.81467751 -4842965.35442027  4047985.81418401] [ 0.30901699 -0.95105652  0.        ]
69286.000 [  856546.87487752 -4842965.39592026  4047985.766384  ] [ 0.30901699 -0.95105652  0.        ]
69287.000 [  856546.93277752 -4842965.42642024  4047985.702984  ] [ 0.30901699 -0.95105652  0.        ]
69288.000 [  856547.00117753 -4842965.45972023  4047985.64308399] [ 0.30901699 -0.95105652  0.        ]
69289.000 [  856547.06787753 -4842965.49622022  4047985.59338398] [ 0.30901699 -0.95105652  0.        ]
69290.000 [  856547.10427754 -4842965.50722021  4047985.54578398] [ 0.30901699 -0.95105652  0.        ]
69291.000 [  856547.17667754 -4842965.52582019  4047985.47208397] [ 0.30901699 -0.95105652  0.        ]
69292.000 [  856547.22817754 -4842965.57212018  4047985.38968396] [ 0.30901699 -0.95105652  0.        ]
69293.000 [  856547.29787755 -4842965.62762016  4047985.33338395] [ 0.30901699 -0.95105652  0.        ]
69294.000 [  856547.37057756 -4842965.66542015  4047985.28138395] [ 0.30901699 -0.95105652  0.        ]
69296.000 [  856547.53727757 -4842965.73722012  4047985.16768393] [ 0.30901699 -0.95105652  0.        ]
69297.000 [  856547.91703708 -4842964.74930128  4047986.28209623] [ 0.80901699  0.58778525  0.        ]
69299.000 [  856547.98693707 -4842964.82290128  4047986.23289623] [ 0.80901699  0.58778525  0.        ]
69300.000 [  856547.97343708 -4842964.83420128  4047986.23199623] [ 0.80901699  0.58778525  0.        ]
69301.000 [  856547.90643708 -4842964.78540128  4047986.31839623] [ 0.80901699  0.58778525  0.        ]
69302.000 [  856547.84953708 -4842964.76170128  4047986.39749622] [ 0.80901699  0.58778525  0.        ]
69304.000 [  856547.75743709 -4842964.67940129  4047986.52389621] [ 0.80901699  0.58778525  0.        ]
69305.000 [  856546.24366291 -4842965.65069871  4047985.68510379] [-0.80901699 -0.58778525  0.        ]
69306.000 [  856546.1902629  -4842965.59089871  4047985.7447038 ] [-0.80901699 -0.58778525  0.        ]
69307.000 [  856546.23546291 -4842965.60629872  4047985.7128038 ] [-0.80901699 -0.58778525  0.        ]
69308.000 [  856546.27766291 -4842965.64299872  4047985.62980379] [-0.80901699 -0.58778525  0.        ]
69309.000 [  856546.20043126 -4842964.95470001  4047986.45659621] [-0.80901699  0.58778525  0.        ]
69313.000 [  856546.42766292 -4842965.77349872  4047985.46950378] [-0.80901699 -0.58778525  0.        ]
69316.000 [  856546.36556291 -4842965.75119872  4047985.52780378] [-0.80901699 -0.58778525  0.        ]
69317.000 [  856546.33696291 -4842965.76859871  4047985.50270378] [-0.80901699 -0.58778525  0.        ]
69318.000 [  856546.38476291 -4842965.81169871  4047985.43510378] [-0.80901699 -0.58778525  0.        ]
69319.000 [  856546.44416292 -4842965.84919871  4047985.35940377] [-0.80901699 -0.58778525  0.        ]
69320.000 [  856546.48796292 -4842965.90609871  4047985.28630376] [-0.80901699 -0.58778525  0.        ]
69321.000 [  856547.98343708 -4842964.90150129  4047986.14179624] [ 0.80901699  0.58778525  0.        ]
69323.000 [  856548.10783707 -4842964.99370129  4047986.01319625] [ 0.80901699  0.58778525  0.        ]
69324.000 [  856548.06203707 -4842964.94670129  4047986.04469625] [ 0.80901699  0.58778525  0.        ]
69325.000 [  856547.99813708 -4842964.91690129  4047986.12519624] [ 0.80901699  0.58778525  0.        ]
69326.000 [  856547.93113708 -4842964.87850129  4047986.17979624] [ 0.80901699  0.58778525  0.        ]
69327.000 [  856547.89143708 -4842964.84440129  4047986.25759623] [ 0.80901699  0.58778525  0.        ]
69328.000 [  856547.83273709 -4842964.79410129  4047986.32359623] [ 0.80901699  0.58778525  0.        ]
69329.000 [  856547.79053709 -4842964.73450129  4047986.40589622] [ 0.80901699  0.58778525  0.        ]
69330.000 [  856547.76393709 -4842964.71150129  4047986.43799622] [ 0.80901699  0.58778525  0.        ]
69331.000 [  856547.6841371  -4842964.6590013   4047986.49249621] [ 0.80901699  0.58778525  0.        ]
69333.000 [  856547.81081716 -4842964.90853885  4047986.1868    ] [ 1.  0.  0.]
69334.000 [  856546.59418887 -4842965.6834577   4047985.52978397] [-0.30901699 -0.95105652  0.        ]
69336.000 [  856545.90133127 -4842964.77999994  4047986.71649619] [-0.80901699  0.58778525  0.        ]
69339.000 [  856545.83478284 -4842965.19836115  4047986.2097    ] [ -1.00000000e+00   1.22464680e-16   0.00000000e+00]
69341.000 [  856546.95991114 -4842964.3411423   4047987.00801602] [ 0.30901699  0.95105652  0.        ]
69344.000 [  856545.81933127 -4842964.78919993  4047986.74039619] [-0.80901699  0.58778525  0.        ]
69347.000 [  856546.21092247 -4842964.37447978  4047987.07021601] [-0.30901699  0.95105652  0.        ]
69348.000 [  856545.59618283 -4842965.05926111  4047986.3488    ] [ -1.00000000e+00   1.22464680e-16   0.00000000e+00]
69351.000 [  856547.20843713 -4842964.35780132  4047986.85559618] [ 0.80901699  0.58778525  0.        ]
69355.000 [  856547.14033714 -4842964.39020133  4047986.85839618] [ 0.80901699  0.58778525  0.        ]
69356.000 [  856547.11893714 -4842964.39900133  4047986.87089618] [ 0.80901699  0.58778525  0.        ]
69357.000 [  856547.05693715 -4842964.35760134  4047986.92109618] [ 0.80901699  0.58778525  0.        ]
69358.000 [  856547.02163715 -4842964.32310134  4047986.97599617] [ 0.80901699  0.58778525  0.        ]
69359.000 [  856546.96203716 -4842964.29230134  4047987.00529617] [ 0.80901699  0.58778525  0.        ]
69361.000 [  856546.83363717 -4842964.20480135  4047987.14569616] [ 0.80901699  0.58778525  0.        ]
69362.000 [  856546.75963717 -4842964.18480135  4047987.19719616] [ 0.80901699  0.58778525  0.        ]
69363.000 [  856546.71813718 -4842964.16730135  4047987.27199615] [ 0.80901699  0.58778525  0.        ]
69364.000 [  856546.89051719 -4842964.50323902  4047986.9289    ] [ 1.  0.  0.]
69365.000 [  856546.8359172  -4842964.45173903  4047986.9962    ] [ 1.  0.  0.]
69366.000 [  856546.8068172  -4842964.44303903  4047987.0131    ] [ 1.  0.  0.]
69367.000 [  856546.7807172  -4842964.45493904  4047987.0332    ] [ 1.  0.  0.]
69368.000 [  856546.7222172  -4842964.40573905  4047987.1268    ] [ 1.  0.  0.]
69369.000 [  856546.10707746 -4842965.0986204   4047986.43838408] [ 0.30901699 -0.95105652  0.        ]
69373.000 [  856546.6206172  -4842964.24053906  4047987.3794    ] [ 1.  0.  0.]
69375.000 [  856546.11287746 -4842964.98122042  4047986.5791841 ] [ 0.30901699 -0.95105652  0.        ]
69378.000 [  856546.08757746 -4842964.95372043  4047986.6171841 ] [ 0.30901699 -0.95105652  0.        ]
69379.000 [  856546.10797747 -4842964.92582043  4047986.6311841 ] [ 0.30901699 -0.95105652  0.        ]
69380.000 [  856546.21217747 -4842964.97322041  4047986.55728409] [ 0.30901699 -0.95105652  0.        ]
69382.000 [  856546.39967749 -4842964.99932039  4047986.47648408] [ 0.30901699 -0.95105652  0.        ]
69383.000 [  856546.4880775  -4842965.05152037  4047986.43748408] [ 0.30901699 -0.95105652  0.        ]
69384.000 [  856546.58077751 -4842965.06462036  4047986.39038407] [ 0.30901699 -0.95105652  0.        ]
69385.000 [  856546.68467752 -4842965.09432034  4047986.35108407] [ 0.30901699 -0.95105652  0.        ]
69386.000 [  856546.78367753 -4842965.10372033  4047986.33198406] [ 0.30901699 -0.95105652  0.        ]
69387.000 [  856546.86157753 -4842965.11562032  4047986.27328406] [ 0.30901699 -0.95105652  0.        ]
69388.000 [  856546.95717754 -4842965.1455203   4047986.22488405] [ 0.30901699 -0.95105652  0.        ]
69389.000 [  856547.02997755 -4842965.17412029  4047986.17818405] [ 0.30901699 -0.95105652  0.        ]
69390.000 [  856546.88521112 -4842963.98144222  4047987.61991596] [ 0.30901699  0.95105652  0.        ]
69392.000 [  856547.0687111  -4842964.04614223  4047987.52511597] [ 0.30901699  0.95105652  0.        ]
69393.000 [  856547.0683111  -4842964.05254223  4047987.50501597] [ 0.30901699  0.95105652  0.        ]
69394.000 [  856547.01671111 -4842964.02924222  4047987.55721597] [ 0.30901699  0.95105652  0.        ]
69396.000 [  856546.87081112 -4842963.98314222  4047987.63721596] [ 0.30901699  0.95105652  0.        ]
69397.000 [  856546.80951113 -4842963.98764221  4047987.67921595] [ 0.30901699  0.95105652  0.        ]
69398.000 [  856546.74831114 -4842963.96394221  4047987.74151595] [ 0.30901699  0.95105652  0.        ]
69399.000 [  856546.66541115 -4842963.9323422   4047987.80221594] [ 0.30901699  0.95105652  0.        ]
69400.000 [  856547.12513713 -4842964.04500127  4047987.55749614] [ 0.80901699  0.58778525  0.        ]
69402.000 [  856546.99903714 -4842964.02160128  4047987.63669613] [ 0.80901699  0.58778525  0.        ]
69403.000 [  856546.96673714 -4842964.01380129  4047987.64109613] [ 0.80901699  0.58778525  0.        ]
69404.000 [  856546.91563715 -4842964.00190129  4047987.67869613] [ 0.80901699  0.58778525  0.        ]
69405.000 [  856546.83933715 -4842963.9525013   4047987.75459612] [ 0.80901699  0.58778525  0.        ]
69407.000 [  856546.67033717 -4842963.85920131  4047987.84499611] [ 0.80901699  0.58778525  0.        ]
69408.000 [  856546.84521719 -4842964.16753902  4047987.4415    ] [ 1.  0.  0.]
69409.000 [  856545.37492252 -4842963.75987956  4047988.20841588] [-0.30901699  0.95105652  0.        ]
69412.000 [  856545.59168878 -4842964.92505784  4047986.78098412] [-0.30901699 -0.95105652  0.        ]
69414.000 [  856544.89143129 -4842964.03979968  4047988.0292961 ] [-0.80901699  0.58778525  0.        ]
69416.000 [  856544.84218281 -4842964.47966098  4047987.5324    ] [ -1.00000000e+00   1.22464680e-16   0.00000000e+00]
69418.000 [  856545.97031122 -4842963.63694215  4047988.31041588] [ 0.30901699  0.95105652  0.        ]
69422.000 [  856545.24462253 -4842963.77947954  4047988.33761587] [-0.30901699  0.95105652  0.        ]
69424.000 [  856545.80201124 -4842963.66124216  4047988.35631587] [ 0.30901699  0.95105652  0.        ]
69425.000 [  856545.75841124 -4842963.65184216  4047988.37721587] [ 0.30901699  0.95105652  0.        ]
69427.000 [  856544.76296279 -4842964.76569865  4047987.23470391] [-0.80901699 -0.58778525  0.        ]
69428.000 [  856544.66226278 -4842964.75449864  4047987.24570391] [-0.80901699 -0.58778525  0.        ]
69429.000 [  856544.65996278 -4842964.76779864  4047987.22350391] [-0.80901699 -0.58778525  0.        ]
69431.000 [  856544.77096279 -4842964.80229865  4047987.0862039 ] [-0.80901699 -0.58778525  0.        ]
69432.000 [  856546.5294172  -4842964.14733908  4047987.4852    ] [ 1.  0.  0.]
69433.000 [  856546.5906172  -4842964.19753907  4047987.4282    ] [ 1.  0.  0.]
69434.000 [  856546.6056172  -4842964.20343906  4047987.3982    ] [ 1.  0.  0.]
69435.000 [  856546.3823372  -4842963.88890135  4047987.80759611] [ 0.80901699  0.58778525  0.        ]
69437.000 [  856546.48693719 -4842963.92820134  4047987.72359612] [ 0.80901699  0.58778525  0.        ]
69438.000 [  856544.98896281 -4842964.94679866  4047986.89080388] [-0.80901699 -0.58778525  0.        ]
69439.000 [  856544.9365628  -4842964.93279865  4047986.93190389] [-0.80901699 -0.58778525  0.        ]
69440.000 [  856544.9084628  -4842964.92939865  4047986.94220389] [-0.80901699 -0.58778525  0.        ]
69441.000 [  856544.97736281 -4842964.95039865  4047986.89160388] [-0.80901699 -0.58778525  0.        ]
69442.000 [  856545.06576282 -4842964.99009866  4047986.84620388] [-0.80901699 -0.58778525  0.        ]
69444.000 [  856545.20266283 -4842965.04009867  4047986.71280387] [-0.80901699 -0.58778525  0.        ]
69445.000 [  856545.8233888  -4842965.19785779  4047986.35268407] [-0.30901699 -0.95105652  0.        ]
69446.000 [  856546.5092775  -4842965.11662035  4047986.29888406] [ 0.30901699 -0.95105652  0.        ]
69448.000 [  856546.02618882 -4842965.26485778  4047986.23828406] [-0.30901699 -0.95105652  0.        ]
69450.000 [  856545.33698282 -4842964.82806106  4047986.943     ] [ -1.00000000e+00   1.22464680e-16   0.00000000e+00]
69453.000 [  856546.25908885 -4842965.34425778  4047986.20498405] [-0.30901699 -0.95105652  0.        ]
69457.000 [  856546.20358884 -4842965.37115777  4047986.21508405] [-0.30901699 -0.95105652  0.        ]
69458.000 [  856545.43538282 -4842964.92736108  4047986.9464    ] [ -1.00000000e+00   1.22464680e-16   0.00000000e+00]
69461.000 [  856545.58388283 -4842964.95676111  4047986.8898    ] [ -1.00000000e+00   1.22464680e-16   0.00000000e+00]
69462.000 [  856547.28553712 -4842964.25670128  4047987.35349615] [ 0.80901699  0.58778525  0.        ]
69466.000 [  856547.41391718 -4842964.67383892  4047986.9043    ] [ 1.  0.  0.]
69467.000 [  856545.99332248 -4842964.31537971  4047987.61981597] [-0.30901699  0.95105652  0.        ]
69470.000 [  856545.37553128 -4842964.5793998   4047987.44149615] [-0.80901699  0.58778525  0.        ]
69472.000 [  856545.84562249 -4842964.26197968  4047987.76551595] [-0.30901699  0.95105652  0.        ]
69474.000 [  856545.7827225  -4842964.26337966  4047987.84651595] [-0.30901699  0.95105652  0.        ]
69475.000 [  856545.44196284 -4842965.33099868  4047986.65090385] [-0.80901699 -0.58778525  0.        ]
69478.000 [  856545.25056282 -4842965.29989865  4047986.66890386] [-0.80901699 -0.58778525  0.        ]
69479.000 [  856545.26486283 -4842965.31209865  4047986.62930386] [-0.80901699 -0.58778525  0.        ]
69480.000 [  856545.29656283 -4842965.31619866  4047986.59660385] [-0.80901699 -0.58778525  0.        ]
69481.000 [  856545.38646283 -4842965.36529866  4047986.52820385] [-0.80901699 -0.58778525  0.        ]
69482.000 [  856545.47126284 -4842965.40209867  4047986.48320384] [-0.80901699 -0.58778525  0.        ]
69483.000 [  856545.55726285 -4842965.46719867  4047986.44470384] [-0.80901699 -0.58778525  0.        ]
69484.000 [  856545.62686285 -4842965.51099868  4047986.39750384] [-0.80901699 -0.58778525  0.        ]
69486.000 [  856545.82746287 -4842965.59979869  4047986.29970383] [-0.80901699 -0.58778525  0.        ]
69487.000 [  856546.41328885 -4842965.76655773  4047985.956284  ] [-0.30901699 -0.95105652  0.        ]
69488.000 [  856546.46178885 -4842965.81015772  4047985.89438399] [-0.30901699 -0.95105652  0.        ]
69490.000 [  856546.57468886 -4842965.82145772  4047985.85228399] [-0.30901699 -0.95105652  0.        ]
69491.000 [  856546.10466289 -4842965.68589871  4047986.10050381] [-0.80901699 -0.58778525  0.        ]
69493.000 [  856546.2150629  -4842965.74219872  4047986.05610381] [-0.80901699 -0.58778525  0.        ]
69494.000 [  856546.30376291 -4842965.76129873  4047986.0148038 ] [-0.80901699 -0.58778525  0.        ]
69495.000 [  856546.69802243 -4842964.73997984  4047987.15841603] [-0.30901699  0.95105652  0.        ]
69497.000 [  856546.35133125 -4842965.07450002  4047986.8446962 ] [-0.80901699  0.58778525  0.        ]
69499.000 [  856547.35521109 -4842964.64934229  4047987.18951603] [ 0.30901699  0.95105652  0.        ]
69501.000 [  856546.07118284 -4842965.44396119  4047986.4653    ] [ -1.00000000e+00   1.22464680e-16   0.00000000e+00]
69505.000 [  856546.2157629  -4842965.75359872  4047986.07010381] [-0.80901699 -0.58778525  0.        ]
69509.000 [  856545.80896287 -4842965.45509867  4047985.6431038 ] [-0.80901699 -0.58778525  0.        ]
69510.000 [  856546.54918886 -4842965.81375769  4047985.57998397] [-0.30901699 -0.95105652  0.        ]
69512.000 [  856545.90056287 -4842965.44919867  4047985.49710379] [-0.80901699 -0.58778525  0.        ]
69514.000 [  856546.12373126 -4842964.97129999  4047986.60929621] [-0.80901699  0.58778525  0.        ]
69517.000 [  856547.37077756 -4842965.66052015  4047985.32018395] [ 0.30901699 -0.95105652  0.        ]
69519.000 [  856546.13998284 -4842965.5193612   4047986.3755    ] [ -1.00000000e+00   1.22464680e-16   0.00000000e+00]
69521.000 [  856546.22783126 -4842965.0131      4047986.68489621] [-0.80901699  0.58778525  0.        ]
69523.000 [  856546.1488629  -4842965.6241987   4047985.66930379] [-0.80901699 -0.58778525  0.        ]
69527.000 [  856546.1841629  -4842965.8212987   4047985.82450379] [-0.80901699 -0.58778525  0.        ]
69528.000 [  856546.01488882 -4842964.96115775  4047985.66468403] [-0.30901699 -0.95105652  0.        ]
69530.000 [  856546.11638883 -4842964.97105774  4047985.54128402] [-0.30901699 -0.95105652  0.        ]
69531.000 [  856540.46396848 -4842958.05590116  4047980.45280388] [ 0.80901699 -0.58778525  0.        ]
69533.000 [  856546.26426291 -4842965.53499874  4047985.87870381] [-0.80901699 -0.58778525  0.        ]
69536.000 [  856546.04308284 -4842965.10966119  4047985.6577    ] [ -1.00000000e+00   1.22464680e-16   0.00000000e+00]
69540.000 [  856546.62548286 -4842965.67096129  4047986.1638    ] [ -1.00000000e+00   1.22464680e-16   0.00000000e+00]
69541.000 [  856546.65753124 -4842965.13750009  4047986.56279622] [-0.80901699  0.58778525  0.        ]
69543.000 [  856546.67763124 -4842965.35700009  4047986.74329622] [-0.80901699  0.58778525  0.        ]
69544.000 [  856547.0372224  -4842964.9554799   4047986.89571607] [-0.30901699  0.95105652  0.        ]
69546.000 [  856546.44296292 -4842965.92949872  4047985.70190378] [-0.80901699 -0.58778525  0.        ]
69549.000 [  856546.12238284 -4842965.72226119  4047986.1765    ] [ -1.00000000e+00   1.22464680e-16   0.00000000e+00]
69553.000 [  856546.64442244 -4842964.85637987  4047986.79211607] [-0.30901699  0.95105652  0.        ]
69555.000 [  856546.33846291 -4842965.97469871  4047985.72700378] [-0.80901699 -0.58778525  0.        ]
69558.000 [  856545.98908284 -4842965.70556116  4047986.2046    ] [ -1.00000000e+00   1.22464680e-16   0.00000000e+00]
69562.000 [  856547.7363371  -4842965.01240131  4047986.62129622] [ 0.80901699  0.58778525  0.        ]
69566.000 [  856547.62093711 -4842964.94040132  4047986.54019622] [ 0.80901699  0.58778525  0.        ]
69567.000 [  856546.15726289 -4842965.96649868  4047985.64740378] [-0.80901699 -0.58778525  0.        ]
69568.000 [  856546.04816288 -4842965.96329867  4047985.67990378] [-0.80901699 -0.58778525  0.        ]
69569.000 [  856546.50448884 -4842966.10875766  4047985.44228394] [-0.30901699 -0.95105652  0.        ]
69571.000 [  856546.03966288 -4842965.94719866  4047985.57000378] [-0.80901699 -0.58778525  0.        ]
69573.000 [  856547.09951114 -4842964.77954235  4047986.69081608] [ 0.30901699  0.95105652  0.        ]
69575.000 [  856547.18471113 -4842964.82264236  4047986.64461608] [ 0.30901699  0.95105652  0.        ]
69576.000 [  856547.17571113 -4842964.80774236  4047986.68411608] [ 0.30901699  0.95105652  0.        ]
69577.000 [  856547.12271113 -4842964.78314235  4047986.73211607] [ 0.30901699  0.95105652  0.        ]
69578.000 [  856546.99301115 -4842964.73874235  4047986.72721607] [ 0.30901699  0.95105652  0.        ]
69579.000 [  856547.43543713 -4842964.85950135  4047986.47269622] [ 0.80901699  0.58778525  0.        ]
69581.000 [  856546.69101118 -4842964.64814235  4047986.80621605] [ 0.30901699  0.95105652  0.        ]
69583.000 [  856546.66831119 -4842964.71694234  4047986.89801605] [ 0.30901699  0.95105652  0.        ]
69584.000 [  856546.68791119 -4842964.72824234  4047986.93401605] [ 0.30901699  0.95105652  0.        ]
69585.000 [  856546.6088112  -4842964.72804234  4047986.97341605] [ 0.30901699  0.95105652  0.        ]
69586.000 [  856546.5438112  -4842964.72674234  4047987.04361604] [ 0.30901699  0.95105652  0.        ]
69587.000 [  856547.01533717 -4842964.85220138  4047986.8237962 ] [ 0.80901699  0.58778525  0.        ]
69589.000 [  856546.28591123 -4842964.70134233  4047987.19911602] [ 0.30901699  0.95105652  0.        ]
69591.000 [  856546.7047372  -4842964.82010142  4047986.92889619] [ 0.80901699  0.58778525  0.        ]
69593.000 [  856546.6070372  -4842964.74340143  4047986.89059619] [ 0.80901699  0.58778525  0.        ]
69594.000 [  856546.53953721 -4842964.72770144  4047986.89059619] [ 0.80901699  0.58778525  0.        ]
69595.000 [  856546.59116869 -4842965.42040026  4047986.05230382] [ 0.80901699 -0.58778525  0.        ]
69598.000 [  856546.45406868 -4842965.36580029  4047986.16030382] [ 0.80901699 -0.58778525  0.        ]
69599.000 [  856545.39808872 -4842965.76265769  4047985.86608401] [-0.30901699 -0.95105652  0.        ]
69602.000 [  856544.8102828  -4842965.27096095  4047986.5596    ] [ -1.00000000e+00   1.22464680e-16   0.00000000e+00]
69605.000 [  856544.9084828  -4842965.31316096  4047986.5733    ] [ -1.00000000e+00   1.22464680e-16   0.00000000e+00]
69607.000 [  856545.1105628  -4842965.61349858  4047986.12970382] [-0.80901699 -0.58778525  0.        ]
69611.000 [  856544.94116278 -4842965.70789856  4047986.19930382] [-0.80901699 -0.58778525  0.        ]
69612.000 [  856544.7220828  -4842965.39396092  4047986.6512    ] [ -1.00000000e+00   1.22464680e-16   0.00000000e+00]
69616.000 [  856546.00131126 -4842964.49444231  4047987.300816  ] [ 0.30901699  0.95105652  0.        ]
69619.000 [  856544.7312828  -4842965.30926093  4047986.5203    ] [ -1.00000000e+00   1.22464680e-16   0.00000000e+00]
69622.000 [  856544.60458279 -4842965.2990609   4047986.5311    ] [ -1.00000000e+00   1.22464680e-16   0.00000000e+00]
69623.000 [  856544.71833132 -4842964.88859971  4047986.97689618] [-0.80901699  0.58778525  0.        ]
69625.000 [  856545.24578869 -4842965.77715768  4047985.811984  ] [-0.30901699 -0.95105652  0.        ]
69628.000 