68586.000000 1.884956 5.000000 2.330542 2.340652 3.234926
68589.000000 1.884956 5.000000 2.331202 2.341333 3.236474
68591.000000 1.884956 5.000000 2.331519 2.341802 3.237508
68593.000000 1.884956 5.000000 2.329413 2.339724 3.238544
68594.000000 1.884956 5.000000 2.326740 2.337011 3.239062
68595.000000 1.884956 5.000000 2.327072 2.337413 3.239581
68597.000000 1.884956 5.000000 2.326907 2.337361 3.240620
68598.000000 1.884956 5.000000 2.325834 2.336284 3.241139
68600.000000 1.884956 5.000000 2.324004 2.334502 3.242181
68601.000000 1.884956 5.000000 2.323629 2.334178 3.242702
